simTime,MCC_idx,packet_is_loss
0.10003048,2,0
0.10004048,3,0
0.10005048,0,0
0.10006048,1,0
0.10007048,0,0
0.20003048,2,0
0.20004048,0,0
0.20005048,1,0
0.20006048,2,0
0.30003048,2,0
0.30004048,3,0
0.30005048,1,0
0.30006048,4,0
0.30007048,2,0
0.40003048,3,0
0.40004048,2,0
0.40005048,3,0
0.40006048,1,0
0.40007048,2,0
0.50003048,2,0
0.50004048,0,0
0.50005048,1,0
0.50006048,4,0
0.50007048,0,0
0.60003048,1,0
0.60004048,2,0
0.60005048,3,0
0.60006048,1,0
0.60007048,0,0
0.70003048,1,0
0.70004048,0,0
0.70005048,1,0
0.70006048,4,0
0.70007048,2,0
0.80003048,2,0
0.80004048,0,0
0.80006048,1,0
0.80007048,2,0
0.90003048,4,0
0.90004048,2,0
0.90005048,1,0
0.90006048,4,0
0.90007048,0,0
1.00003048,4,0
1.00004048,2,0
1.00005048,4,0
1.00006048,0,0
1.10003048,1,0
1.10004048,4,0
1.10005048,1,0
1.10006048,4,0
1.10007048,0,0
1.20003048,2,0
1.20004048,3,0
1.20006048,4,0
1.20007048,0,0
1.30003048,4,0
1.30004048,2,0
1.30005048,1,0
1.30006048,0,0
1.30007048,2,0
1.40003048,3,0
1.40004048,0,0
1.40005048,3,0
1.40006048,0,0
1.40007048,2,0
1.50003048,2,0
1.50004048,3,0
1.50005048,0,0
1.50007048,1,0
1.60003048,4,0
1.60005048,3,0
1.60006048,4,0
1.60007048,2,0
1.70003048,3,0
1.70005048,1,0
1.70006048,2,0
1.70007048,0,0
1.80003048,2,0
1.80005048,1,0
1.80006048,0,0
1.80007048,1,0
1.90003048,1,0
1.90004048,3,0
1.90006048,4,0
1.90007048,1,0
2.00003048,3,0
2.00004048,0,0
2.00005048,4,0
2.00006048,2,0
2.00007048,3,0
2.10003048,2,0
2.10004048,3,0
2.10006048,2,0
2.10007048,1,0
2.20003048,4,0
2.20004048,3,0
2.20005048,1,0
2.20006048,0,0
2.20007048,1,0
2.30003048,3,0
2.30004048,2,0
2.30005048,3,0
2.30006048,4,0
2.30007048,1,0
2.40003048,2,0
2.40005048,4,0
2.40006048,0,0
2.50003048,4,0
2.50004048,2,0
2.50005048,3,0
2.50006048,2,0
2.50007048,0,0
2.60003048,4,0
2.60005048,1,0
2.60007048,1,0
2.70003048,4,0
2.70005048,4,0
2.70007048,2,0
2.80003048,2,0
2.80005048,3,0
2.80006048,4,0
2.80007048,0,0
2.90003048,1,0
2.90004048,3,0
2.90005048,4,0
2.90006048,2,0
2.90007048,3,0
3.00003048,2,0
3.00004048,0,0
3.00005048,4,0
3.00007048,0,0
3.10003048,2,0
3.10004048,3,0
3.10005048,4,0
3.10006048,2,0
3.10007048,0,0
3.20003048,4,0
3.20004048,0,0
3.20005048,1,0
3.20006048,0,0
3.20007048,2,0
3.30003048,2,0
3.30004048,0,0
3.30005048,4,0
3.30006048,0,0
3.30007048,2,0
3.40003048,1,0
3.40004048,4,0
3.40005048,1,0
3.40006048,4,0
3.40007048,2,0
3.50003048,2,0
3.50004048,4,0
3.50005048,3,0
3.50006048,1,0
3.60003048,3,0
3.60005048,0,0
3.60006048,1,0
3.60007048,0,0
3.70003048,2,0
3.70004048,3,0
3.70005048,0,0
3.70006048,1,0
3.70007048,3,0
3.80003048,3,0
3.80005048,0,0
3.80007048,2,0
3.90003048,2,0
3.90004048,3,0
3.90005048,0,0
3.90006048,1,0
3.90007048,2,0
4.00003048,2,0
4.00005048,0,0
4.00006048,1,0
4.10003048,2,0
4.10004048,0,0
4.10005048,3,0
4.10006048,0,0
4.20003048,1,0
4.20004048,2,0
4.20005048,3,0
4.20006048,1,0
4.20007048,2,0
4.30003048,1,0
4.30004048,0,0
4.30005048,4,0
4.30006048,0,0
4.30007048,2,0
4.40003048,4,0
4.40005048,1,0
4.40007048,2,0
4.50003048,2,0
4.50004048,4,0
4.50005048,0,0
4.50006048,4,0
4.50007048,3,0
4.60003048,2,0
4.60004048,0,0
4.60005048,4,0
4.60006048,0,0
4.60007048,2,0
4.70003048,4,0
4.70004048,2,0
4.70005048,3,0
4.70006048,2,0
4.70007048,1,0
4.80003048,3,0
4.80004048,2,0
4.80005048,4,0
4.80006048,0,0
4.80007048,1,0
4.90003048,1,0
4.90004048,4,0
4.90005048,3,0
4.90006048,4,0
4.90007048,1,0
5.00003048,4,0
5.00004048,2,0
5.00005048,0,0
5.00006048,4,0
5.00007048,0,0
5.10003048,2,0
5.10004048,3,0
5.10006048,0,0
5.10007048,1,0
5.20003048,3,0
5.20004048,2,0
5.20005048,1,0
5.20006048,4,0
5.20007048,2,0
5.30003048,4,0
5.30004048,3,0
5.30005048,4,0
5.30007048,0,0
5.40003048,4,0
5.40004048,2,0
5.40005048,0,0
5.40006048,1,0
5.40007048,0,0
5.50003048,2,0
5.50004048,0,0
5.50006048,0,0
5.50007048,1,0
5.60003048,3,0
5.60004048,2,0
5.60005048,1,0
5.60006048,0,0
5.60007048,3,0
5.70003048,3,0
5.70004048,2,0
5.70005048,3,0
5.70006048,2,0
5.80003048,2,0
5.80004048,3,0
5.80006048,1,0
5.80007048,3,0
5.90003048,3,0
5.90005048,3,0
5.90006048,2,0
5.90007048,1,0
6.00003048,2,0
6.00005048,3,0
6.00006048,4,0
6.00007048,1,0
6.10003048,3,0
6.10004048,4,0
6.10005048,1,0
6.10006048,0,0
6.10007048,1,0
6.20003048,4,0
6.20004048,2,0
6.20005048,4,0
6.20006048,1,0
6.20007048,0,0
6.30003048,4,0
6.30004048,3,0
6.30005048,1,0
6.30006048,0,0
6.30007048,2,0
6.40003048,3,0
6.40004048,4,0
6.40006048,2,0
6.40007048,3,0
6.50003048,3,0
6.50005048,4,0
6.50006048,0,0
6.50007048,1,0
6.60003048,1,0
6.60004048,4,0
6.60005048,0,0
6.60006048,2,0
6.60007048,0,0
6.70003048,1,0
6.70004048,0,0
6.70005048,4,0
6.70006048,1,0
6.70007048,3,0
6.80003048,2,0
6.80005048,1,0
6.80006048,0,0
6.80007048,2,0
6.90003048,3,0
6.90004048,4,0
6.90005048,0,0
6.90006048,1,0
6.90007048,3,0
7.00003048,4,0
7.00004048,0,0
7.00005048,1,0
7.00006048,0,0
7.00007048,1,0
7.10003048,4,0
7.10004048,2,0
7.10005048,0,0
7.10006048,2,0
7.10007048,1,0
7.20003048,2,0
7.20004048,0,0
7.20006048,1,0
7.20007048,0,0
7.30003048,4,0
7.30004048,0,0
7.30005048,3,0
7.30006048,2,0
7.30007048,3,0
7.40003048,4,0
7.40004048,3,0
7.40005048,0,0
7.40006048,1,0
7.40007048,2,0
7.50003048,1,0
7.50004048,4,0
7.50005048,0,0
7.50007048,0,0
7.60003048,1,0
7.60004048,0,0
7.60006048,0,0
7.60007048,3,0
7.70003048,3,0
7.70004048,0,0
7.70005048,1,0
7.70007048,3,0
7.80003048,2,0
7.80004048,4,0
7.80005048,0,0
7.80006048,1,0
7.80007048,2,0
7.90003048,3,0
7.90004048,2,0
7.90005048,0,0
7.90006048,1,0
8.00003048,2,0
8.00005048,0,0
8.00006048,1,0
8.00007048,2,0
8.10003048,1,0
8.10004048,4,0
8.10005048,3,0
8.10006048,2,0
8.10007048,0,0
8.20003048,3,0
8.20004048,0,0
8.20006048,0,0
8.20007048,2,0
8.30003048,2,0
8.30004048,4,0
8.30005048,0,0
8.30006048,1,0
8.40003048,3,0
8.40004048,0,0
8.40005048,3,0
8.40006048,1,0
8.40007048,2,0
8.50003048,3,0
8.50004048,4,0
8.50005048,0,0
8.50006048,1,0
8.50007048,2,0
8.60003048,3,0
8.60004048,2,0
8.60005048,4,0
8.60006048,2,0
8.60007048,3,0
8.70003048,1,0
8.70004048,0,0
8.70005048,4,0
8.70006048,0,0
8.70007048,1,0
8.80003048,1,0
8.80004048,3,0
8.80005048,1,0
8.80006048,2,0
8.80007048,0,0
8.90003048,1,0
8.90004048,2,0
8.90005048,1,0
8.90006048,4,0
8.90007048,2,0
9.00003048,2,0
9.00004048,0,0
9.00005048,3,0
9.00006048,2,0
9.00007048,1,0
9.10003048,3,0
9.10004048,4,0
9.10005048,3,0
9.10006048,4,0
9.10007048,1,0
9.20003048,1,0
9.20004048,0,0
9.20006048,0,0
9.20007048,3,0
9.30003048,4,0
9.30004048,0,0
9.30005048,4,0
9.30006048,1,0
9.30007048,0,0
9.40003048,4,0
9.40005048,1,0
9.40006048,4,0
9.40007048,1,0
9.50003048,3,0
9.50004048,4,0
9.50005048,0,0
9.50006048,4,0
9.50007048,0,0
9.60003048,3,0
9.60004048,0,0
9.60005048,3,0
9.60006048,0,0
9.60007048,3,0
9.70003048,3,0
9.70004048,2,0
9.70005048,0,0
9.70007048,1,0
9.80003048,3,0
9.80004048,0,0
9.80005048,4,0
9.80006048,0,0
9.80007048,3,0
9.90003048,4,0
9.90005048,0,0
9.90006048,2,0
9.90007048,0,0
10.00003048,1,0
10.00004048,2,0
10.00005048,4,0
10.00006048,1,0
10.00007048,0,0
10.10003048,1,0
10.10004048,2,0
10.10005048,3,0
10.10006048,1,0
10.10007048,2,0
10.20003048,3,0
10.20005048,3,0
10.20006048,0,0
10.20007048,1,0
10.30003048,2,0
10.30004048,0,0
10.30005048,4,0
10.30007048,3,0
10.40003048,1,0
10.40004048,3,0
10.40005048,4,0
10.40006048,1,0
10.50003048,2,0
10.50004048,3,0
10.50005048,4,0
10.50006048,1,0
10.50007048,2,0
10.60003048,2,0
10.60005048,0,0
10.60007048,3,0
10.70003048,3,0
10.70004048,4,0
10.70005048,1,0
10.70006048,4,0
10.70007048,2,0
10.80003048,2,0
10.80005048,0,0
10.80006048,1,0
10.90003048,3,0
10.90005048,4,0
10.90006048,1,0
11.00003048,3,0
11.00004048,0,0
11.00005048,1,0
11.00006048,2,0
11.10003048,1,0
11.10004048,2,0
11.10005048,1,0
11.10007048,3,0
11.20003048,3,0
11.20004048,4,0
11.20005048,0,0
11.20006048,4,0
11.20007048,3,0
11.30003048,1,0
11.30004048,4,0
11.30006048,1,0
11.30007048,3,0
11.40003048,2,0
11.40004048,3,0
11.40005048,1,0
11.40006048,2,0
11.40007048,1,0
11.50003048,3,0
11.50005048,4,0
11.50006048,1,0
11.50007048,3,0
11.60003048,2,0
11.60004048,4,0
11.60005048,3,0
11.60006048,0,0
11.60007048,2,0
11.70003048,3,0
11.70004048,4,0
11.70005048,1,0
11.70006048,0,0
11.80003048,3,0
11.80004048,0,0
11.80005048,3,0
11.80006048,1,0
11.80007048,3,0
11.90003048,4,0
11.90004048,3,0
11.90005048,4,0
11.90006048,2,0
11.90007048,1,0
12.00003048,4,0
12.00004048,0,0
12.00005048,4,0
12.00006048,0,0
12.00007048,2,0
12.10003048,2,0
12.10004048,3,0
12.10005048,4,0
12.10006048,0,0
12.10007048,2,0
12.20003048,3,0
12.20004048,0,0
12.20006048,0,0
12.30003048,4,0
12.30004048,0,0
12.30006048,2,0
12.30007048,3,0
12.40003048,1,0
12.40004048,0,0
12.40005048,1,0
12.40006048,0,0
12.40007048,2,0
12.50003048,3,0
12.50004048,4,0
12.50006048,1,0
12.50007048,2,0
12.60003048,2,0
12.60004048,4,0
12.60005048,1,0
12.60006048,4,0
12.60007048,2,0
12.70003048,4,0
12.70004048,0,0
12.70006048,4,0
12.70007048,2,0
12.80003048,3,0
12.80004048,2,0
12.80005048,3,0
12.80006048,0,0
12.90003048,1,0
12.90004048,0,0
12.90005048,3,0
12.90006048,0,0
12.90007048,2,0
13.00003048,3,0
13.00005048,4,0
13.00006048,1,0
13.00007048,0,0
13.10003048,2,0
13.10004048,3,0
13.10005048,4,0
13.10006048,0,0
13.10007048,1,0
13.20003048,1,0
13.20004048,2,0
13.20005048,3,0
13.20006048,0,0
13.20007048,1,0
13.30003048,4,0
13.30005048,1,0
13.30006048,4,0
13.30007048,2,0
13.40003048,3,0
13.40004048,0,0
13.40006048,4,0
13.40007048,3,0
13.50003048,4,0
13.50004048,3,0
13.50005048,1,0
13.50006048,0,0
13.60003048,1,0
13.60004048,4,0
13.60005048,1,0
13.60006048,4,0
13.60007048,2,0
13.70003048,2,0
13.70004048,4,0
13.70005048,3,0
13.70006048,0,0
13.70007048,3,0
13.80003048,1,0
13.80004048,2,0
13.80005048,3,0
13.80006048,4,0
13.80007048,0,0
13.90003048,3,0
13.90004048,4,0
13.90005048,1,0
13.90006048,4,0
13.90007048,0,0
14.00003048,2,0
14.00005048,1,0
14.00006048,4,0
14.00007048,3,0
14.10003048,1,0
14.10004048,2,0
14.10005048,4,0
14.10007048,0,0
14.20003048,2,0
14.20004048,0,0
14.20005048,3,0
14.20006048,0,0
14.20007048,3,0
14.30003048,2,0
14.30005048,3,0
14.30006048,4,0
14.30007048,1,0
14.40003048,4,0
14.40004048,2,0
14.40005048,0,0
14.40006048,4,0
14.40007048,2,0
14.50003048,2,0
14.50004048,4,0
14.50005048,0,0
14.50007048,3,0
14.60003048,3,0
14.60004048,2,0
14.60005048,3,0
14.60006048,1,0
14.60007048,3,0
14.70003048,4,0
14.70004048,0,0
14.70005048,4,0
14.70006048,2,0
14.70007048,3,0
14.80003048,2,0
14.80004048,0,0
14.80005048,4,0
14.80006048,1,0
14.80007048,3,0
14.90003048,1,0
14.90004048,0,0
14.90005048,1,0
14.90006048,4,0
14.90007048,0,0
15.00003048,4,0
15.00004048,0,0
15.00005048,4,0
15.00007048,3,0
15.10003048,2,0
15.10004048,3,0
15.10005048,4,0
15.10006048,0,0
15.10007048,2,0
15.20003048,3,0
15.20004048,2,0
15.20005048,3,0
15.20006048,0,0
15.20007048,1,0
15.30003048,1,0
15.30004048,3,0
15.30005048,0,0
15.30006048,2,0
15.30007048,1,0
15.40003048,2,0
15.40004048,4,0
15.40005048,1,0
15.40006048,0,0
15.40007048,1,0
15.50003048,3,0
15.50004048,0,0
15.50006048,1,0
15.50007048,0,0
15.60003048,4,0
15.60004048,2,0
15.60005048,4,0
15.60006048,0,0
15.60007048,1,0
15.70003048,3,0
15.70004048,0,0
15.70006048,4,0
15.70007048,2,0
15.80003048,1,0
15.80004048,0,0
15.80005048,4,0
15.80006048,1,0
15.90003048,3,0
15.90005048,1,0
15.90006048,4,0
15.90007048,3,0
16.00003048,1,0
16.00004048,2,0
16.00005048,3,0
16.00006048,2,0
16.00007048,0,0
16.10003048,3,0
16.10004048,2,0
16.10005048,1,0
16.10006048,2,0
16.10007048,3,0
16.20003048,3,0
16.20005048,4,0
16.20006048,2,0
16.20007048,3,0
16.30003048,4,0
16.30004048,0,0
16.30005048,4,0
16.30007048,3,0
16.40003048,4,0
16.40004048,2,0
16.40005048,0,0
16.40007048,1,0
16.50003048,3,0
16.50005048,1,0
16.50007048,2,0
16.60003048,4,0
16.60004048,2,0
16.60005048,1,0
16.60006048,2,0
16.60007048,0,0
16.70003048,2,0
16.70005048,1,0
16.70006048,4,0
16.70007048,2,0
16.80003048,2,0
16.80004048,0,0
16.80005048,1,0
16.80007048,3,0
16.90003048,1,0
16.90004048,3,0
16.90005048,0,0
16.90006048,1,0
16.90007048,2,0
17.00003048,4,0
17.00005048,3,0
17.00006048,2,0
17.00007048,1,0
17.10003048,4,0
17.10005048,3,0
17.10006048,1,0
17.10007048,3,0
17.20003048,4,0
17.20005048,3,0
17.20006048,4,0
17.20007048,3,0
17.30003048,3,0
17.30004048,4,0
17.30005048,3,0
17.30006048,4,0
17.30007048,2,0
17.40003048,3,0
17.40004048,0,0
17.40005048,3,0
17.40006048,0,0
17.40007048,3,0
17.50003048,3,0
17.50004048,4,0
17.50005048,1,0
17.50006048,2,0
17.50007048,3,0
17.60003048,2,0
17.60004048,4,0
17.60006048,4,0
17.60007048,2,0
17.70003048,1,0
17.70004048,0,0
17.70005048,4,0
17.70006048,0,0
17.80003048,1,0
17.80004048,0,0
17.80006048,1,0
17.80007048,0,0
17.90003048,3,0
17.90005048,1,0
17.90007048,1,0
18.00003048,3,0
18.00004048,4,0
18.00005048,0,0
18.00006048,1,0
18.00007048,3,0
18.10003048,3,0
18.10004048,0,0
18.10006048,2,0
18.10007048,3,0
18.20003048,3,0
18.20004048,2,0
18.20005048,0,0
18.20006048,2,0
18.20007048,0,0
18.30003048,4,0
18.30004048,0,0
18.30005048,1,0
18.30006048,2,0
18.40003048,2,0
18.40005048,4,0
18.40006048,1,0
18.50003048,4,0
18.50004048,2,0
18.50005048,4,0
18.50006048,2,0
18.60003048,2,0
18.60005048,0,0
18.60007048,3,0
18.70003048,1,0
18.70004048,4,0
18.70005048,0,0
18.70006048,1,0
18.80003048,2,0
18.80005048,1,0
18.80006048,0,0
18.80007048,1,0
18.90003048,4,0
18.90004048,0,0
18.90005048,3,0
18.90006048,0,0
18.90007048,2,0
19.00003048,3,0
19.00005048,4,0
19.00006048,2,0
19.00007048,3,0
19.10003048,2,0
19.10004048,0,0
19.10005048,3,0
19.10006048,0,0
19.10007048,3,0
19.20003048,4,0
19.20005048,4,0
19.20006048,1,0
19.20007048,3,0
19.30003048,4,0
19.30004048,0,0
19.30006048,0,0
19.30007048,3,0
19.40003048,2,0
19.40004048,3,0
19.40005048,4,0
19.40006048,2,0
19.40007048,3,0
19.50003048,4,0
19.50004048,2,0
19.50005048,0,0
19.50006048,2,0
19.50007048,3,0
19.60003048,3,0
19.60004048,2,0
19.60005048,1,0
19.60006048,0,0
19.60007048,1,0
19.70003048,3,0
19.70004048,0,0
19.70005048,1,0
19.70006048,4,0
19.70007048,1,0
19.80003048,3,0
19.80004048,2,0
19.80005048,3,0
19.80006048,2,0
19.80007048,3,0
19.90003048,4,0
19.90004048,2,0
19.90005048,3,0
19.90006048,1,0
19.90007048,2,0
20.00003048,1,0
20.00004048,2,0
20.00005048,1,0
20.00006048,4,0
20.00007048,3,0
20.10003048,3,0
20.10004048,2,0
20.10005048,4,0
20.10007048,0,0
20.20003048,2,0
20.20004048,3,0
20.20005048,1,0
20.20007048,1,0
20.30003048,2,0
20.30004048,3,0
20.30006048,4,0
20.30007048,0,0
20.40003048,2,0
20.40005048,1,0
20.40006048,0,0
20.40007048,1,0
20.50003048,1,0
20.50004048,0,0
20.50006048,0,0
20.60003048,4,0
20.60004048,0,0
20.60005048,3,0
20.60006048,1,0
20.60007048,2,0
20.70003048,4,0
20.70004048,0,0
20.70005048,4,0
20.70007048,3,0
20.80003048,2,0
20.80004048,3,0
20.80005048,1,0
20.80007048,2,0
20.90003048,2,0
20.90005048,0,0
20.90006048,4,0
20.90007048,3,0
21.00003048,1,0
21.00004048,0,0
21.00005048,3,0
21.00006048,1,0
21.00007048,2,0
21.10003048,2,0
21.10004048,4,0
21.10005048,3,0
21.10006048,1,0
21.20003048,3,0
21.20004048,2,0
21.20005048,4,0
21.20007048,1,0
21.30003048,1,0
21.30004048,3,0
21.30006048,1,0
21.30007048,0,0
21.40003048,1,0
21.40004048,3,0
21.40005048,1,0
21.40006048,2,0
21.40007048,0,0
21.50003048,3,0
21.50004048,4,0
21.50006048,4,0
21.50007048,1,0
21.60003048,2,0
21.60005048,3,0
21.60006048,0,0
21.60007048,1,0
21.70003048,3,0
21.70004048,0,0
21.70005048,1,0
21.70006048,2,0
21.70007048,0,0
21.80003048,3,0
21.80004048,0,0
21.80005048,3,0
21.80006048,0,0
21.90003048,4,0
21.90005048,0,0
21.90007048,3,0
22.00003048,2,0
22.00004048,3,0
22.00005048,1,0
22.00007048,0,0
22.10003048,4,0
22.10004048,3,0
22.10005048,0,0
22.10007048,1,0
22.20003048,3,0
22.20005048,0,0
22.20007048,3,0
22.30003048,2,0
22.30004048,0,0
22.30005048,4,0
22.30006048,0,0
22.40003048,4,0
22.40004048,2,0
22.40005048,1,0
22.40007048,0,0
22.50003048,4,0
22.50004048,3,0
22.50005048,0,0
22.50006048,4,0
22.50007048,2,0
22.60003048,3,0
22.60004048,4,0
22.60005048,1,0
22.60006048,2,0
22.70003048,3,0
22.70004048,4,0
22.70006048,4,0
22.70007048,3,0
22.80003048,4,0
22.80004048,2,0
22.80005048,3,0
22.80006048,2,0
22.90003048,4,0
22.90005048,1,0
22.90006048,4,0
22.90007048,1,0
23.00003048,4,0
23.00004048,3,0
23.00005048,0,0
23.00007048,1,0
23.10003048,2,0
23.10004048,4,0
23.10005048,1,0
23.10006048,2,0
23.10007048,1,0
23.20003048,4,0
23.20004048,2,0
23.20005048,4,0
23.20006048,0,0
23.20007048,2,0
23.30003048,4,0
23.30004048,2,0
23.30005048,0,0
23.30006048,2,0
23.30007048,3,0
23.40003048,2,0
23.40005048,1,0
23.40006048,2,0
23.40007048,1,0
23.50003048,3,0
23.50004048,4,0
23.50005048,1,0
23.50006048,0,0
23.50007048,1,0
23.60003048,4,0
23.60004048,3,0
23.60006048,0,0
23.70003048,3,0
23.70004048,0,0
23.70005048,3,0
23.70006048,4,0
23.70007048,3,0
23.80003048,4,0
23.80005048,0,0
23.80006048,4,0
23.80007048,0,0
23.90003048,2,0
23.90004048,0,0
23.90006048,0,0
23.90007048,3,0
24.00003048,1,0
24.00004048,3,0
24.00006048,1,0
24.10003048,2,0
24.10004048,0,0
24.10005048,3,0
24.10006048,2,0
24.20003048,2,0
24.20005048,0,0
24.20006048,1,0
24.20007048,2,0
24.30003048,1,0
24.30004048,0,0
24.30006048,0,0
24.30007048,1,0
24.40003048,2,0
24.40004048,3,0
24.40005048,0,0
24.40006048,2,0
24.50003048,3,0
24.50004048,2,0
24.50005048,3,0
24.50006048,0,0
24.50007048,1,0
24.60003048,2,0
24.60004048,0,0
24.60005048,3,0
24.60006048,2,0
24.60007048,0,0
24.70003048,1,0
24.70004048,0,0
24.70005048,4,0
24.70006048,2,0
24.70007048,3,0
24.80003048,4,0
24.80005048,1,0
24.80007048,0,0
24.90003048,3,0
24.90004048,0,0
24.90005048,1,0
24.90006048,4,0
24.90007048,3,0
25.00003048,1,0
25.00004048,4,0
25.00005048,0,0
25.00006048,1,0
25.00007048,2,0
25.10003048,3,0
25.10004048,4,0
25.10006048,0,0
25.10007048,2,0
25.20003048,3,0
25.20004048,2,0
25.20005048,3,0
25.20006048,1,0
25.20007048,0,0
25.30003048,3,0
25.30004048,4,0
25.30005048,1,0
25.30007048,1,0
25.40003048,4,0
25.40004048,3,0
25.40005048,0,0
25.40007048,3,0
25.50003048,1,0
25.50004048,0,0
25.50005048,4,0
25.50007048,2,0
25.60003048,1,0
25.60004048,4,0
25.60005048,3,0
25.60006048,2,0
25.70003048,1,0
25.70004048,4,0
25.70005048,0,0
25.70006048,4,0
25.70007048,2,0
25.80003048,1,0
25.80004048,0,0
25.80006048,1,0
25.80007048,0,0
25.90003048,2,0
25.90005048,3,0
25.90006048,2,0
25.90007048,1,0
26.00003048,1,0
26.00004048,4,0
26.00005048,0,0
26.00006048,2,0
26.00007048,3,0
26.10003048,2,0
26.10004048,3,0
26.10005048,0,0
26.10006048,4,0
26.10007048,0,0
26.20003048,2,0
26.20005048,3,0
26.20006048,1,0
26.20007048,0,0
26.30003048,1,0
26.30004048,2,0
26.30005048,0,0
26.30007048,1,0
26.40003048,2,0
26.40004048,0,0
26.40005048,1,0
26.40006048,4,0
26.40007048,3,0
26.50003048,2,0
26.50005048,3,0
26.50006048,1,0
26.50007048,0,0
26.60003048,4,0
26.60004048,0,0
26.60005048,1,0
26.60007048,3,0
26.70003048,2,0
26.70005048,1,0
26.70007048,1,0
26.80003048,4,0
26.80004048,3,0
26.80005048,4,0
26.80006048,0,0
26.90003048,1,0
26.90004048,0,0
26.90006048,4,0
26.90007048,1,0
27.00003048,3,0
27.00004048,2,0
27.00005048,1,0
27.00006048,0,0
27.00007048,2,0
27.10003048,3,0
27.10004048,4,0
27.10006048,2,0
27.10007048,1,0
27.20003048,3,0
27.20005048,4,0
27.20007048,3,0
27.30003048,1,0
27.30004048,0,0
27.30005048,3,0
27.30006048,2,0
27.40003048,1,0
27.40004048,3,0
27.40005048,0,0
27.40006048,2,0
27.40007048,1,0
27.50003048,1,0
27.50004048,3,0
27.50005048,1,0
27.50006048,0,0
27.60003048,4,0
27.60004048,3,0
27.60005048,4,0
27.60007048,2,0
27.70003048,1,0
27.70004048,3,0
27.70006048,0,0
27.80003048,4,0
27.80004048,0,0
27.80005048,4,0
27.80006048,2,0
27.80007048,0,0
27.90003048,4,0
27.90004048,2,0
27.90005048,0,0
27.90006048,4,0
27.90007048,1,0
28.00003048,3,0
28.00004048,4,0
28.00005048,3,0
28.00006048,4,0
28.00007048,1,0
28.10003048,3,0
28.10005048,1,0
28.10006048,2,0
28.10007048,0,0
28.20003048,4,0
28.20004048,3,0
28.20005048,0,0
28.20006048,2,0
28.20007048,1,0
28.30003048,4,0
28.30004048,3,0
28.30005048,4,0
28.30006048,0,0
28.30007048,1,0
28.40003048,2,0
28.40004048,0,0
28.40005048,1,0
28.40006048,2,0
28.50003048,3,0
28.50005048,4,0
28.50006048,2,0
28.60003048,3,0
28.60004048,2,0
28.60005048,4,0
28.60006048,1,0
28.60007048,2,0
28.70003048,4,0
28.70004048,2,0
28.70005048,1,0
28.70006048,2,0
28.80003048,2,0
28.80004048,3,0
28.80006048,4,0
28.80007048,2,0
28.90003048,4,0
28.90005048,4,0
28.90006048,2,0
28.90007048,0,0
29.00003048,2,0
29.00004048,3,0
29.00005048,4,0
29.00007048,2,0
29.10003048,3,0
29.10005048,3,0
29.10006048,1,0
29.10007048,2,0
29.20003048,3,0
29.20004048,0,0
29.20005048,1,0
29.20006048,2,0
29.20007048,1,0
29.30003048,3,0
29.30004048,2,0
29.30005048,3,0
29.30006048,4,0
29.30007048,1,0
29.40003048,2,0
29.40004048,0,0
29.40005048,3,0
29.40006048,4,0
29.40007048,1,0
29.50003048,4,0
29.50004048,3,0
29.50005048,1,0
29.50007048,1,0
29.60003048,4,0
29.60005048,3,0
29.60006048,4,0
29.60007048,0,0
29.70003048,3,0
29.70004048,2,0
29.70005048,0,0
29.70007048,0,0
29.80003048,4,0
29.80004048,3,0
29.80005048,1,0
29.80006048,2,0
29.80007048,1,0
29.90003048,2,0
29.90005048,1,0
29.90006048,2,0
29.90007048,3,0
30.00003048,1,0
30.00004048,3,0
30.00006048,0,0
30.10003048,1,0
30.10004048,0,0
30.10005048,1,0
30.10007048,1,0
30.20003048,3,0
30.20004048,0,0
30.20005048,1,0
30.20007048,2,0
30.30003048,4,0
30.30004048,0,0
30.30005048,1,0
30.30007048,1,0
30.40003048,1,0
30.40004048,0,0
30.40005048,1,0
30.40007048,0,0
30.50003048,1,0
30.50004048,4,0
30.50006048,4,0
30.50007048,0,0
30.60003048,3,0
30.60004048,2,0
30.60005048,4,0
30.60006048,0,0
30.60007048,1,0
30.70003048,4,0
30.70004048,3,0
30.70006048,2,0
30.80003048,2,0
30.80005048,3,0
30.80006048,0,0
30.90003048,4,0
30.90004048,0,0
30.90005048,4,0
30.90007048,0,0
31.00003048,1,0
31.00004048,2,0
31.00005048,1,0
31.00007048,2,0
31.10003048,4,0
31.10004048,2,0
31.10005048,0,0
31.10007048,1,0
31.20003048,2,0
31.20004048,3,0
31.20005048,0,0
31.20006048,1,0
31.30003048,4,0
31.30004048,2,0
31.30005048,3,0
31.30006048,2,0
31.30007048,1,0
31.40003048,1,0
31.40004048,4,0
31.40006048,2,0
31.40007048,0,0
31.50003048,4,0
31.50005048,0,0
31.50007048,2,0
31.60003048,2,0
31.60004048,4,0
31.60005048,3,0
31.60006048,1,0
31.60007048,3,0
31.70003048,1,0
31.70004048,4,0
31.70006048,2,0
31.70007048,3,0
31.80003048,4,0
31.80005048,3,0
31.80006048,2,0
31.90003048,1,0
31.90004048,3,0
31.90005048,4,0
31.90007048,0,0
32.00003048,1,0
32.00004048,2,0
32.00005048,0,0
32.00006048,1,0
32.00007048,2,0
32.10003048,4,0
32.10005048,1,0
32.10006048,4,0
32.10007048,1,0
32.20003048,4,0
32.20004048,2,0
32.20005048,3,0
32.20006048,0,0
32.20007048,3,0
32.30003048,4,0
32.30004048,3,0
32.30005048,0,0
32.30006048,2,0
32.40003048,4,0
32.40004048,2,0
32.40005048,4,0
32.40006048,0,0
32.40007048,1,0
32.50003048,4,0
32.50004048,3,0
32.50005048,1,0
32.50006048,2,0
32.50007048,0,0
32.60003048,2,0
32.60004048,0,0
32.60006048,4,0
32.60007048,3,0
32.70003048,1,0
32.70004048,4,0
32.70005048,3,0
32.70006048,1,0
32.80003048,3,0
32.80004048,4,0
32.80005048,0,0
32.80006048,1,0
32.80007048,0,0
32.90003048,4,0
32.90004048,3,0
32.90005048,0,0
32.90006048,1,0
32.90007048,2,0
33.00003048,1,0
33.00004048,0,0
33.00005048,3,0
33.00006048,4,0
33.00007048,2,0
33.10003048,2,0
33.10004048,0,0
33.10005048,4,0
33.10007048,2,0
33.20003048,3,0
33.20004048,0,0
33.20006048,2,0
33.20007048,0,0
33.30003048,1,0
33.30004048,4,0
33.30005048,3,0
33.30006048,4,0
33.30007048,3,0
33.40003048,2,0
33.40004048,3,0
33.40005048,4,0
33.40006048,0,0
33.40007048,2,0
33.50003048,3,0
33.50004048,4,0
33.50005048,1,0
33.50007048,1,0
33.60003048,4,0
33.60004048,0,0
33.60005048,4,0
33.60006048,1,0
33.60007048,2,0
33.70003048,4,0
33.70004048,3,0
33.70006048,2,0
33.80003048,3,0
33.80005048,1,0
33.80006048,0,0
33.80007048,3,0
33.90003048,3,0
33.90004048,2,0
33.90005048,0,0
33.90006048,1,0
33.90007048,2,0
34.00003048,1,0
34.00004048,4,0
34.00005048,0,0
34.00006048,4,0
34.00007048,2,0
34.10003048,4,0
34.10004048,2,0
34.10005048,0,0
34.10006048,4,0
34.10007048,3,0
34.20003048,2,0
34.20005048,4,0
34.20006048,2,0
34.20007048,0,0
34.30003048,1,0
34.30004048,3,0
34.30005048,0,0
34.30006048,1,0
34.30007048,0,0
34.40003048,3,0
34.40004048,2,0
34.40005048,3,0
34.40006048,0,0
34.40007048,3,0
34.50003048,1,0
34.50004048,0,0
34.50005048,1,0
34.50007048,0,0
34.60003048,2,0
34.60004048,4,0
34.60005048,3,0
34.60006048,0,0
34.60007048,3,0
34.70003048,3,0
34.70005048,1,0
34.70006048,4,0
34.70007048,0,0
34.80003048,2,0
34.80004048,0,0
34.80005048,1,0
34.80006048,4,0
34.80007048,0,0
34.90003048,3,0
34.90005048,3,0
34.90006048,1,0
34.90007048,0,0
35.00003048,2,0
35.00004048,0,0
35.00005048,4,0
35.00006048,1,0
35.00007048,2,0
35.10003048,1,0
35.10004048,4,0
35.10006048,0,0
35.10007048,3,0
35.20003048,3,0
35.20004048,2,0
35.20005048,1,0
35.20006048,2,0
35.20007048,0,0
35.30003048,2,0
35.30004048,0,0
35.30005048,3,0
35.30006048,0,0
35.30007048,2,0
35.40003048,4,0
35.40004048,3,0
35.40005048,0,0
35.40006048,4,0
35.40007048,3,0
35.50003048,4,0
35.50004048,2,0
35.50005048,1,0
35.50006048,4,0
35.50007048,2,0
35.60003048,3,0
35.60004048,2,0
35.60005048,1,0
35.60006048,2,0
35.60007048,1,0
35.70003048,4,0
35.70004048,2,0
35.70005048,1,0
35.70007048,0,0
35.80003048,1,0
35.80004048,0,0
35.80006048,1,0
35.90003048,1,0
35.90004048,0,0
35.90005048,1,0
35.90006048,4,0
35.90007048,0,0
36.00003048,1,0
36.00004048,4,0
36.00005048,3,0
36.00006048,2,0
36.00007048,3,0
36.10003048,1,0
36.10004048,0,0
36.10005048,1,0
36.10006048,4,0
36.10007048,1,0
36.20003048,3,0
36.20004048,2,0
36.20005048,1,0
36.20006048,4,0
36.20007048,3,0
36.30003048,1,0
36.30004048,2,0
36.30005048,3,0
36.30006048,0,0
36.40003048,3,0
36.40004048,4,0
36.40005048,1,0
36.40006048,2,0
36.40007048,1,0
36.50003048,1,0
36.50004048,4,0
36.50005048,3,0
36.50006048,2,0
36.50007048,0,0
36.60003048,4,0
36.60005048,3,0
36.60006048,0,0
36.60007048,1,0
36.70003048,2,0
36.70005048,4,0
36.70007048,1,0
36.80003048,1,0
36.80004048,4,0
36.80006048,4,0
36.80007048,2,0
36.90003048,2,0
36.90004048,3,0
36.90005048,0,0
36.90006048,2,0
36.90007048,0,0
37.00003048,3,0
37.00005048,3,0
37.00006048,0,0
37.00007048,2,0
37.10003048,4,0
37.10004048,3,0
37.10005048,4,0
37.10006048,0,0
37.10007048,2,0
37.20003048,3,0
37.20004048,2,0
37.20005048,0,0
37.20006048,4,0
37.20007048,3,0
37.30003048,1,0
37.30004048,4,0
37.30005048,1,0
37.30006048,2,0
37.40003048,3,0
37.40005048,1,0
37.40007048,2,0
37.50003048,2,0
37.50004048,0,0
37.50005048,1,0
37.50006048,2,0
37.50007048,0,0
37.60003048,2,0
37.60004048,3,0
37.60005048,0,0
37.60006048,2,0
37.60007048,3,0
37.70003048,1,0
37.70004048,2,0
37.70005048,3,0
37.70006048,1,0
37.70007048,0,0
37.80003048,4,0
37.80005048,0,0
37.80006048,2,0
37.80007048,1,0
37.90003048,2,0
37.90004048,4,0
37.90006048,4,0
37.90007048,1,0
38.00003048,3,0
38.00005048,4,0
38.00006048,1,0
38.10003048,3,0
38.10004048,2,0
38.10005048,1,0
38.10006048,0,0
38.10007048,3,0
38.20003048,1,0
38.20004048,3,0
38.20006048,4,0
38.20007048,2,0
38.30003048,3,0
38.30004048,2,0
38.30005048,3,0
38.30006048,2,0
38.40003048,1,0
38.40004048,2,0
38.40005048,1,0
38.40007048,0,0
38.50003048,2,0
38.50005048,0,0
38.50006048,4,0
38.50007048,1,0
38.60003048,4,0
38.60004048,0,0
38.60005048,3,0
38.60006048,2,0
38.60007048,3,0
38.70003048,3,0
38.70004048,4,0
38.70005048,3,0
38.70006048,1,0
38.80003048,2,0
38.80004048,3,0
38.80006048,1,0
38.80007048,2,0
38.90003048,2,0
38.90004048,3,0
38.90005048,4,0
38.90006048,2,0
38.90007048,1,0
39.00003048,4,0
39.00004048,0,0
39.00005048,1,0
39.00006048,4,0
39.00007048,0,0
39.10003048,1,0
39.10004048,3,0
39.10005048,4,0
39.10007048,3,0
39.20003048,3,0
39.20005048,0,0
39.20006048,4,0
39.20007048,3,0
39.30003048,4,0
39.30005048,0,0
39.30007048,1,0
39.40003048,1,0
39.40004048,0,0
39.40005048,1,0
39.40006048,2,0
39.40007048,0,0
39.50003048,1,0
39.50004048,0,0
39.50005048,3,0
39.50006048,2,0
39.50007048,3,0
39.60003048,3,0
39.60004048,4,0
39.60005048,0,0
39.60007048,2,0
39.70003048,2,0
39.70004048,0,0
39.70006048,2,0
39.80003048,4,0
39.80004048,2,0
39.80005048,0,0
39.80006048,1,0
39.90003048,1,0
39.90004048,0,0
39.90005048,1,0
39.90006048,4,0
39.90007048,0,0
40.00003048,1,0
40.00004048,3,0
40.00005048,4,0
40.00006048,2,0
40.00007048,0,0
40.10003048,1,0
40.10004048,4,0
40.10006048,0,0
40.10007048,1,0
40.20003048,4,0
40.20004048,3,0
40.20005048,0,0
40.20006048,4,0
40.20007048,0,0
40.30003048,1,0
40.30004048,4,0
40.30005048,1,0
40.30006048,2,0
40.30007048,3,0
40.40003048,3,0
40.40004048,4,0
40.40005048,3,0
40.40006048,4,0
40.40007048,3,0
40.50003048,2,0
40.50004048,0,0
40.50005048,1,0
40.50006048,2,0
40.50007048,3,0
40.60003048,2,0
40.60004048,0,0
40.60005048,1,0
40.60006048,0,0
40.60007048,1,0
40.70003048,4,0
40.70004048,2,0
40.70005048,1,0
40.70006048,4,0
40.70007048,1,0
40.80003048,3,0
40.80004048,0,0
40.80006048,0,0
40.80007048,2,0
40.90003048,2,0
40.90004048,0,0
40.90005048,1,0
40.90007048,0,0
41.00003048,1,0
41.00004048,3,0
41.00005048,4,0
41.00006048,0,0
41.00007048,1,0
41.10003048,4,0
41.10004048,0,0
41.10006048,4,0
41.10007048,1,0
41.20003048,1,0
41.20004048,4,0
41.20005048,0,0
41.20006048,4,0
41.20007048,3,0
41.30003048,4,0
41.30004048,0,0
41.30005048,4,0
41.30007048,3,0
41.40003048,4,0
41.40005048,1,0
41.40006048,2,0
41.40007048,3,0
41.50003048,4,0
41.50005048,0,0
41.50006048,2,0
41.50007048,0,0
41.60003048,3,0
41.60004048,0,0
41.60005048,1,0
41.60006048,4,0
41.60007048,1,0
41.70003048,4,0
41.70004048,0,0
41.70006048,1,0
41.80003048,1,0
41.80004048,2,0
41.80005048,0,0
41.80006048,1,0
41.80007048,3,0
41.90003048,3,0
41.90004048,0,0
41.90005048,1,0
41.90006048,4,0
41.90007048,3,0
42.00003048,4,0
42.00004048,0,0
42.00005048,1,0
42.00006048,4,0
42.00007048,2,0
42.10003048,3,0
42.10004048,0,0
42.10005048,3,0
42.10006048,1,0
42.10007048,0,0
42.20003048,2,0
42.20004048,4,0
42.20005048,1,0
42.20007048,2,0
42.30003048,3,0
42.30004048,2,0
42.30005048,3,0
42.30006048,0,0
42.30007048,2,0
42.40003048,2,0
42.40005048,3,0
42.40006048,0,0
42.40007048,3,0
42.50003048,4,0
42.50005048,4,0
42.50006048,1,0
42.50007048,2,0
42.60003048,1,0
42.60004048,2,0
42.60005048,3,0
42.60006048,0,0
42.70003048,3,0
42.70004048,4,0
42.70006048,4,0
42.70007048,3,0
42.80003048,2,0
42.80004048,0,0
42.80006048,0,0
42.80007048,1,0
42.90003048,2,0
42.90004048,3,0
42.90005048,1,0
42.90006048,2,0
42.90007048,1,0
43.00003048,3,0
43.00004048,4,0
43.00005048,1,0
43.00006048,2,0
43.00007048,0,0
43.10003048,1,0
43.10004048,0,0
43.10005048,4,0
43.10006048,1,0
43.20003048,3,0
43.20004048,2,0
43.20005048,0,0
43.20006048,2,0
43.20007048,3,0
43.30003048,1,0
43.30004048,3,0
43.30005048,4,0
43.30007048,3,0
43.40003048,2,0
43.40004048,3,0
43.40005048,0,0
43.40006048,1,0
43.40007048,2,0
43.50003048,3,0
43.50004048,4,0
43.50005048,1,0
43.50006048,0,0
43.60003048,3,0
43.60004048,0,0
43.60005048,4,0
43.60006048,1,0
43.60007048,3,0
43.70003048,4,0
43.70005048,3,0
43.70006048,2,0
43.70007048,3,0
43.80003048,4,0
43.80005048,0,0
43.80007048,0,0
43.90003048,4,0
43.90005048,4,0
43.90006048,2,0
43.90007048,1,0
44.00003048,3,0
44.00004048,0,0
44.00005048,4,0
44.00006048,2,0
44.00007048,1,0
44.10003048,2,0
44.10004048,4,0
44.10005048,3,0
44.10006048,4,0
44.10007048,2,0
44.20003048,2,0
44.20004048,3,0
44.20005048,4,0
44.20006048,0,0
44.20007048,3,0
44.30003048,1,0
44.30004048,4,0
44.30005048,0,0
44.30006048,1,0
44.40003048,3,0
44.40004048,0,0
44.40005048,3,0
44.40006048,0,0
44.50003048,1,0
44.50004048,2,0
44.50005048,4,0
44.50007048,0,0
44.60003048,4,0
44.60004048,3,0
44.60005048,0,0
44.60006048,1,0
44.60007048,2,0
44.70003048,2,0
44.70004048,4,0
44.70005048,0,0
44.70007048,3,0
44.80003048,1,0
44.80004048,2,0
44.80005048,4,0
44.80006048,1,0
44.90003048,1,0
44.90004048,3,0
44.90005048,1,0
44.90006048,0,0
44.90007048,1,0
45.00003048,4,0
45.00005048,4,0
45.00007048,1,0
45.10003048,2,0
45.10004048,3,0
45.10006048,2,0
45.10007048,0,0
45.20003048,2,0
45.20004048,3,0
45.20005048,1,0
45.20006048,2,0
45.20007048,1,0
45.30003048,1,0
45.30004048,2,0
45.30005048,1,0
45.30006048,0,0
45.30007048,1,0
45.40003048,2,0
45.40004048,4,0
45.40005048,1,0
45.40006048,0,0
45.40007048,3,0
45.50003048,1,0
45.50004048,2,0
45.50005048,3,0
45.50006048,4,0
45.50007048,2,0
45.60003048,4,0
45.60004048,3,0
45.60005048,1,0
45.60006048,4,0
45.60007048,0,0
45.70003048,2,0
45.70004048,3,0
45.70006048,1,0
45.70007048,0,0
45.80003048,4,0
45.80005048,4,0
45.80006048,1,0
45.80007048,3,0
45.90003048,2,0
45.90004048,0,0
45.90006048,1,0
45.90007048,3,0
46.00003048,2,0
46.00004048,3,0
46.00006048,0,0
46.00007048,1,0
46.10003048,2,0
46.10004048,3,0
46.10005048,1,0
46.10006048,2,0
46.10007048,1,0
46.20003048,4,0
46.20004048,0,0
46.20006048,1,0
46.20007048,0,0
46.30003048,2,0
46.30004048,4,0
46.30005048,0,0
46.30006048,1,0
46.30007048,3,0
46.40003048,1,0
46.40004048,3,0
46.40005048,0,0
46.40006048,1,0
46.40007048,2,0
46.50003048,3,0
46.50005048,3,0
46.50006048,4,0
46.50007048,1,0
46.60003048,1,0
46.60004048,3,0
46.60005048,1,0
46.60007048,2,0
46.70003048,4,0
46.70005048,4,0
46.70006048,2,0
46.70007048,0,0
46.80003048,3,0
46.80004048,2,0
46.80005048,4,0
46.80006048,0,0
46.80007048,1,0
46.90003048,2,0
46.90004048,3,0
46.90006048,2,0
46.90007048,3,0
47.00003048,2,0
47.00004048,3,0
47.00005048,1,0
47.00006048,2,0
47.10003048,1,0
47.10004048,4,0
47.10006048,0,0
47.10007048,1,0
47.20003048,2,0
47.20005048,0,0
47.20006048,1,0
47.20007048,2,0
47.30003048,3,0
47.30004048,2,0
47.30005048,4,0
47.30006048,0,0
47.30007048,2,0
47.40003048,2,0
47.40004048,3,0
47.40005048,4,0
47.40006048,2,0
47.40007048,1,0
47.50003048,1,0
47.50004048,2,0
47.50005048,4,0
47.50006048,1,0
47.50007048,2,0
47.60003048,2,0
47.60004048,3,0
47.60005048,0,0
47.60006048,4,0
47.60007048,0,0
47.70003048,3,0
47.70004048,2,0
47.70005048,3,0
47.70006048,2,0
47.70007048,3,0
47.80003048,4,0
47.80004048,2,0
47.80005048,1,0
47.80006048,0,0
47.80007048,2,0
47.90003048,3,0
47.90004048,0,0
47.90006048,2,0
48.00003048,2,0
48.00004048,4,0
48.00006048,2,0
48.00007048,1,0
48.10003048,4,0
48.10005048,0,0
48.10006048,4,0
48.10007048,3,0
48.20003048,4,0
48.20005048,4,0
48.20006048,0,0
48.20007048,2,0
48.30003048,2,0
48.30005048,3,0
48.30006048,4,0
48.30007048,2,0
48.40003048,4,0
48.40004048,2,0
48.40005048,0,0
48.40006048,2,0
48.40007048,3,0
48.50003048,4,0
48.50005048,1,0
48.50006048,4,0
48.50007048,1,0
48.60003048,4,0
48.60004048,2,0
48.60005048,3,0
48.60006048,4,0
48.60007048,0,0
48.70003048,2,0
48.70004048,3,0
48.70006048,2,0
48.70007048,3,0
48.80003048,2,0
48.80005048,0,0
48.80007048,1,0
48.90003048,2,0
48.90004048,0,0
48.90005048,4,0
48.90006048,2,0
48.90007048,3,0
49.00003048,4,0
49.00004048,3,0
49.00005048,4,0
49.00006048,2,0
49.00007048,1,0
49.10003048,1,0
49.10004048,3,0
49.10006048,2,0
49.10007048,3,0
49.20003048,3,0
49.20004048,0,0
49.20006048,4,0
49.20007048,0,0
49.30003048,3,0
49.30004048,4,0
49.30005048,3,0
49.30006048,0,0
49.30007048,2,0
49.40003048,3,0
49.40004048,4,0
49.40006048,1,0
49.40007048,0,0
49.50003048,4,0
49.50005048,4,0
49.50006048,1,0
49.50007048,3,0
49.60003048,3,0
49.60004048,0,0
49.60006048,1,0
49.60007048,3,0
49.70003048,3,0
49.70004048,4,0
49.70006048,4,0
49.70007048,1,0
49.80003048,3,0
49.80004048,4,0
49.80005048,3,0
49.80006048,1,0
49.80007048,3,0
49.90003048,2,0
49.90004048,0,0
49.90006048,2,0
50.00003048,1,0
50.00004048,4,0
50.00005048,1,0
50.00007048,0,0
50.10003048,2,0
50.10004048,4,0
50.10005048,3,0
50.10006048,1,0
50.10007048,3,0
50.20003048,4,0
50.20004048,2,0
50.20005048,1,0
50.20006048,4,0
50.20007048,1,0
50.30003048,3,0
50.30005048,1,0
50.30007048,1,0
50.40003048,2,0
50.40004048,0,0
50.40005048,1,0
50.40006048,0,0
50.50003048,2,0
50.50004048,0,0
50.50005048,3,0
50.50006048,4,0
50.50007048,1,0
50.60003048,3,0
50.60004048,4,0
50.60005048,1,0
50.60007048,1,0
50.70003048,1,0
50.70004048,4,0
50.70005048,3,0
50.70006048,4,0
50.70007048,3,0
50.80003048,1,0
50.80004048,4,0
50.80005048,3,0
50.80006048,4,0
50.80007048,2,0
50.90003048,4,0
50.90005048,0,0
50.90007048,3,0
51.00003048,1,0
51.00004048,3,0
51.00005048,0,0
51.00007048,2,0
51.10003048,2,0
51.10004048,0,0
51.10005048,4,0
51.10006048,1,0
51.10007048,0,0
51.20003048,3,0
51.20004048,4,0
51.20005048,1,0
51.20006048,0,0
51.30003048,3,0
51.30004048,4,0
51.30005048,1,0
51.30006048,0,0
51.40003048,3,0
51.40004048,4,0
51.40005048,0,0
51.40007048,1,0
51.50003048,4,0
51.50004048,3,0
51.50005048,0,0
51.50007048,0,0
51.60003048,4,0
51.60004048,0,0
51.60005048,4,0
51.60006048,2,0
51.70003048,2,0
51.70005048,0,0
51.70006048,1,0
51.70007048,3,0
51.80003048,3,0
51.80004048,0,0
51.80005048,3,0
51.80006048,2,0
51.80007048,0,0
51.90003048,4,0
51.90004048,0,0
51.90005048,4,0
51.90006048,2,0
51.90007048,0,0
52.00003048,3,0
52.00005048,1,0
52.00006048,0,0
52.00007048,2,0
52.10003048,2,0
52.10004048,0,0
52.10005048,4,0
52.10006048,2,0
52.20003048,3,0
52.20004048,4,0
52.20005048,3,0
52.20006048,2,0
52.30003048,4,0
52.30004048,3,0
52.30006048,0,0
52.30007048,3,0
52.40003048,2,0
52.40004048,4,0
52.40005048,0,0
52.40006048,2,0
52.40007048,1,0
52.50003048,2,0
52.50004048,3,0
52.50006048,2,0
52.50007048,1,0
52.60003048,1,0
52.60004048,2,0
52.60005048,0,0
52.60007048,2,0
52.70003048,2,0
52.70004048,4,0
52.70005048,0,0
52.70006048,2,0
52.70007048,1,0
52.80003048,4,0
52.80004048,2,0
52.80005048,1,0
52.80006048,2,0
52.80007048,0,0
52.90003048,2,0
52.90004048,3,0
52.90005048,4,0
52.90006048,1,0
52.90007048,0,0
53.00003048,4,0
53.00004048,2,0
53.00005048,0,0
53.00007048,1,0
53.10003048,4,0
53.10004048,0,0
53.10006048,1,0
53.20003048,3,0
53.20005048,4,0
53.20006048,1,0
53.20007048,3,0
53.30003048,4,0
53.30004048,3,0
53.30006048,2,0
53.30007048,3,0
53.40003048,4,0
53.40005048,1,0
53.40006048,2,0
53.50003048,3,0
53.50004048,4,0
53.50005048,0,0
53.50007048,1,0
53.60003048,1,0
53.60004048,3,0
53.60005048,4,0
53.60007048,2,0
53.70003048,1,0
53.70004048,3,0
53.70006048,1,0
53.70007048,0,0
53.80003048,3,0
53.80004048,2,0
53.80005048,3,0
53.80006048,2,0
53.80007048,1,0
53.90003048,2,0
53.90005048,0,0
53.90006048,1,0
53.90007048,3,0
54.00003048,2,0
54.00004048,4,0
54.00005048,0,0
54.00006048,2,0
54.00007048,0,0
54.10003048,3,0
54.10004048,4,0
54.10006048,4,0
54.10007048,1,0
54.20003048,1,0
54.20004048,3,0
54.20005048,0,0
54.20007048,3,0
54.30003048,4,0
54.30005048,1,0
54.30007048,2,0
54.40003048,1,0
54.40004048,3,0
54.40005048,4,0
54.40006048,0,0
54.40007048,2,0
54.50003048,4,0
54.50005048,0,0
54.50006048,2,0
54.60003048,2,0
54.60004048,0,0
54.60006048,2,0
54.60007048,1,0
54.70003048,1,0
54.70004048,2,0
54.70005048,1,0
54.70007048,0,0
54.80003048,4,0
54.80004048,3,0
54.80006048,2,0
54.80007048,1,0
54.90003048,2,0
54.90005048,4,0
54.90006048,1,0
54.90007048,0,0
55.00003048,4,0
55.00004048,3,0
55.00005048,1,0
55.00006048,2,0
55.00007048,3,0
55.10003048,1,0
55.10004048,0,0
55.10006048,0,0
55.10007048,1,0
55.20003048,3,0
55.20004048,0,0
55.20005048,1,0
55.20006048,0,0
55.30003048,4,0
55.30004048,3,0
55.30005048,1,0
55.30006048,0,0
55.30007048,1,0
55.40003048,2,0
55.40004048,4,0
55.40005048,1,0
55.40007048,0,0
55.50003048,4,0
55.50005048,0,0
55.50006048,4,0
55.50007048,3,0
55.60003048,4,0
55.60005048,3,0
55.60006048,0,0
55.60007048,3,0
55.70003048,1,0
55.70004048,0,0
55.70005048,1,0
55.70007048,2,0
55.80003048,4,0
55.80004048,2,0
55.80005048,0,0
55.80007048,1,0
55.90003048,4,0
55.90004048,3,0
55.90005048,0,0
55.90007048,3,0
56.00003048,4,0
56.00005048,0,0
56.00006048,1,0
56.10003048,3,0
56.10004048,4,0
56.10005048,0,0
56.10006048,1,0
56.10007048,0,0
56.20003048,3,0
56.20004048,0,0
56.20005048,1,0
56.20007048,3,0
56.30003048,4,0
56.30005048,0,0
56.30006048,4,0
56.30007048,0,0
56.40003048,2,0
56.40005048,3,0
56.40006048,0,0
56.40007048,1,0
56.50003048,4,0
56.50004048,3,0
56.50005048,4,0
56.50006048,1,0
56.50007048,0,0
56.60003048,3,0
56.60005048,3,0
56.60006048,2,0
56.70003048,2,0
56.70004048,4,0
56.70005048,0,0
56.70007048,2,0
56.80003048,4,0
56.80004048,0,0
56.80005048,4,0
56.80006048,0,0
56.80007048,1,0
56.90003048,2,0
56.90004048,4,0
56.90006048,1,0
56.90007048,0,0
57.00003048,3,0
57.00004048,2,0
57.00005048,3,0
57.00006048,4,0
57.00007048,0,0
57.10003048,4,0
57.10004048,3,0
57.10005048,0,0
57.10007048,0,0
57.20003048,3,0
57.20005048,0,0
57.20007048,0,0
57.30003048,3,0
57.30004048,4,0
57.30005048,1,0
57.30006048,2,0
57.30007048,0,0
57.40003048,1,0
57.40004048,3,0
57.40006048,0,0
57.50003048,4,0
57.50005048,0,0
57.50007048,2,0
57.60003048,1,0
57.60004048,0,0
57.60005048,4,0
57.60006048,0,0
57.60007048,2,0
57.70003048,4,0
57.70004048,2,0
57.70005048,0,0
57.70006048,4,0
57.70007048,0,0
57.80003048,4,0
57.80004048,3,0
57.80005048,1,0
57.80007048,3,0
57.90003048,1,0
57.90004048,3,0
57.90005048,1,0
57.90007048,0,0
58.00003048,4,0
58.00004048,3,0
58.00006048,4,0
58.00007048,1,0
58.10003048,1,0
58.10004048,3,0
58.10006048,4,0
58.10007048,2,0
58.20003048,4,0
58.20004048,2,0
58.20005048,0,0
58.20006048,1,0
58.30003048,4,0
58.30004048,3,0
58.30005048,4,0
58.30007048,0,0
58.40003048,4,0
58.40004048,3,0
58.40005048,4,0
58.40006048,1,0
58.40007048,0,0
58.50003048,1,0
58.50004048,2,0
58.50005048,3,0
58.50006048,1,0
58.50007048,0,0
58.60003048,4,0
58.60004048,3,0
58.60005048,0,0
58.60006048,1,0
58.60007048,0,0
58.70003048,1,0
58.70004048,2,0
58.70005048,4,0
58.70006048,2,0
58.70007048,0,0
58.80003048,2,0
58.80004048,3,0
58.80005048,4,0
58.80006048,2,0
58.90003048,4,0
58.90005048,4,0
58.90006048,1,0
58.90007048,0,0
59.00003048,2,0
59.00004048,3,0
59.00006048,2,0
59.00007048,3,0
59.10003048,3,0
59.10004048,2,0
59.10005048,0,0
59.10006048,4,0
59.10007048,2,0
59.20003048,1,0
59.20004048,4,0
59.20005048,3,0
59.20006048,1,0
59.20007048,0,0
59.30003048,3,0
59.30004048,2,0
59.30005048,0,0
59.30007048,0,0
59.40003048,2,0
59.40004048,4,0
59.40005048,3,0
59.40006048,4,0
59.40007048,2,0
59.50003048,2,0
59.50004048,0,0
59.50005048,3,0
59.50006048,1,0
59.50007048,0,0
59.60003048,1,0
59.60004048,4,0
59.60005048,3,0
59.60006048,2,0
59.60007048,3,0
59.70003048,4,0
59.70005048,4,0
59.70006048,2,0
59.80003048,1,0
59.80004048,4,0
59.80005048,0,0
59.80006048,1,0
59.80007048,2,0
59.90003048,4,0
59.90004048,3,0
59.90005048,1,0
59.90007048,3,0
60.00003048,4,0
60.00004048,0,0
60.00006048,1,0
60.00007048,3,0
60.10003048,1,0
60.10004048,4,0
60.10006048,1,0
60.10007048,3,0
60.20003048,3,0
60.20005048,3,0
60.20006048,2,0
60.30003048,2,0
60.30004048,3,0
60.30005048,0,0
60.30006048,1,0
60.40003048,2,0
60.40004048,3,0
60.40005048,1,0
60.40007048,1,0
60.50003048,3,0
60.50005048,4,0
60.50006048,0,0
60.50007048,1,0
60.60003048,3,0
60.60004048,2,0
60.60005048,3,0
60.60006048,2,0
60.60007048,3,0
60.70003048,4,0
60.70004048,2,0
60.70005048,0,0
60.70007048,1,0
60.80003048,4,0
60.80004048,3,0
60.80005048,0,0
60.80006048,4,0
60.80007048,3,0
60.90003048,1,0
60.90004048,4,0
60.90006048,2,0
61.00003048,4,0
61.00004048,0,0
61.00005048,4,0
61.00007048,3,0
61.10003048,2,0
61.10004048,4,0
61.10005048,1,0
61.10006048,2,0
61.20003048,2,0
61.20004048,0,0
61.20005048,1,0
61.20006048,4,0
61.20007048,0,0
61.30003048,3,0
61.30004048,2,0
61.30005048,4,0
61.30006048,0,0
61.30007048,3,0
61.40003048,3,0
61.40004048,2,0
61.40005048,3,0
61.40006048,4,0
61.40007048,3,0
61.50003048,1,0
61.50004048,0,0
61.50005048,3,0
61.50006048,2,0
61.60003048,2,0
61.60004048,3,0
61.60006048,4,0
61.60007048,0,0
61.70003048,4,0
61.70004048,2,0
61.70005048,3,0
61.70006048,1,0
61.70007048,3,0
61.80003048,1,0
61.80004048,3,0
61.80005048,1,0
61.80006048,0,0
61.80007048,1,0
61.90003048,4,0
61.90005048,0,0
61.90006048,1,0
62.00003048,1,0
62.00004048,3,0
62.00005048,4,0
62.00006048,2,0
62.00007048,0,0
62.10003048,2,0
62.10005048,4,0
62.10006048,1,0
62.20003048,1,0
62.20004048,4,0
62.20005048,1,0
62.20006048,2,0
62.20007048,0,0
62.30003048,1,0
62.30004048,4,0
62.30005048,3,0
62.30006048,0,0
62.30007048,1,0
62.40003048,4,0
62.40005048,0,0
62.40006048,2,0
62.50003048,4,0
62.50004048,2,0
62.50005048,0,0
62.50006048,1,0
62.50007048,2,0
62.60003048,2,0
62.60005048,0,0
62.60006048,1,0
62.60007048,3,0
62.70003048,1,0
62.70004048,0,0
62.70005048,3,0
62.70006048,4,0
62.70007048,0,0
62.80003048,1,0
62.80004048,0,0
62.80005048,1,0
62.80006048,2,0
62.80007048,0,0
62.90003048,4,0
62.90004048,0,0
62.90005048,1,0
62.90006048,0,0
62.90007048,3,0
63.00003048,2,0
63.00004048,4,0
63.00005048,0,0
63.00006048,1,0
63.10003048,4,0
63.10005048,3,0
63.10006048,1,0
63.10007048,2,0
63.20003048,1,0
63.20004048,0,0
63.20006048,2,0
63.30003048,1,0
63.30004048,4,0
63.30005048,0,0
63.30006048,1,0
63.30007048,2,0
63.40003048,2,0
63.40004048,3,0
63.40005048,4,0
63.40006048,1,0
63.40007048,2,0
63.50003048,2,0
63.50004048,0,0
63.50005048,3,0
63.50006048,1,0
63.50007048,0,0
63.60003048,1,0
63.60004048,2,0
63.60005048,4,0
63.60007048,2,0
63.70003048,2,0
63.70004048,4,0
63.70005048,1,0
63.70007048,3,0
63.80003048,1,0
63.80004048,3,0
63.80005048,1,0
63.80007048,2,0
63.90003048,2,0
63.90004048,3,0
63.90006048,0,0
63.90007048,1,0
64.00003048,2,0
64.00004048,3,0
64.00005048,4,0
64.00007048,1,0
64.10003048,4,0
64.10004048,3,0
64.10005048,1,0
64.10006048,4,0
64.10007048,3,0
64.20003048,3,0
64.20005048,3,0
64.20006048,2,0
64.20007048,3,0
64.30003048,2,0
64.30004048,3,0
64.30005048,1,0
64.30006048,0,0
64.30007048,1,0
64.40003048,4,0
64.40005048,4,0
64.40007048,3,0
64.50003048,3,0
64.50005048,4,0
64.50006048,0,0
64.50007048,3,0
64.60003048,3,0
64.60004048,2,0
64.60005048,3,0
64.60006048,2,0
64.60007048,1,0
64.70003048,3,0
64.70004048,0,0
64.70005048,1,0
64.70007048,3,0
64.80003048,3,0
64.80004048,0,0
64.80006048,1,0
64.80007048,0,0
64.90003048,1,0
64.90004048,0,0
64.90005048,4,0
64.90007048,2,0
65.00003048,1,0
65.00004048,4,0
65.00006048,4,0
65.00007048,2,0
