simTime,MCC_idx,packet_is_loss
0.10003048,4,1
0.10004048,1,1
0.20003048,3,1
0.20004048,1,1
0.20005048,2,1
0.20006048,1,1
0.30003048,4,1
0.30004048,0,1
0.30005048,1,1
0.40003048,4,1
0.40004048,3,1
0.40005048,0,1
0.50003048,4,1
0.50004048,0,1
0.50005048,1,1
0.60003048,3,1
0.60004048,2,1
0.70003048,3,1
0.70004048,4,1
0.80003048,1,1
0.90003048,2,1
1.30003048,2,1
1.70003048,3,1
1.80003048,2,1
1.90003048,4,1
2.00003048,4,1
2.10003048,2,1
2.20003048,1,1
2.20004048,2,1
2.20005048,1,1
2.30003048,4,1
2.30004048,0,1
2.40003048,3,1
2.40004048,4,1
2.50003048,2,1
2.60003048,2,1
2.70003048,3,1
2.70004048,4,1
2.80003048,3,1
2.80004048,0,1
2.80005048,1,1
2.90003048,4,1
2.90004048,2,1
3.00003048,0,1
3.00004048,1,1
3.10003048,0,1
3.10004048,1,1
3.20003048,4,1
3.30003048,4,1
3.40003048,3,1
3.40004048,2,1
3.50003048,2,1
3.50004048,1,1
3.60003048,3,1
3.60004048,4,1
3.70003048,4,1
3.70004048,2,1
3.80003048,1,1
3.90003048,0,1
4.00003048,0,1
4.10003048,2,1
4.20003048,1,1
4.30003048,2,1
4.40003048,4,1
4.50003048,0,1
4.60003048,4,1
4.70003048,3,1
4.70004048,4,1
4.80003048,3,1
4.80004048,0,1
4.90003048,0,1
4.90004048,1,1
5.00003048,4,1
5.00004048,1,1
5.10003048,2,1
5.10004048,1,1
5.20003048,4,1
5.20004048,1,1
5.30003048,0,1
5.30004048,2,1
5.40003048,0,1
5.40004048,4,1
5.50003048,0,1
5.60003048,3,1
5.60004048,1,1
5.70003048,3,1
5.70004048,4,1
5.80003048,3,1
5.80004048,1,1
5.90003048,2,1
6.00003048,2,1
6.10003048,3,1
6.20003048,3,1
6.30003048,0,1
6.40003048,0,1
6.50003048,3,1
6.60003048,3,1
6.70003048,3,1
6.90003048,0,1
7.00003048,0,1
7.10003048,2,1
7.20003048,2,1
7.30003048,1,1
7.40003048,0,1
7.50003048,4,1
7.50004048,0,1
7.60003048,0,1
7.60004048,1,1
7.70003048,4,1
7.80003048,2,1
7.80004048,1,1
7.90003048,1,1
8.00003048,1,1
8.10003048,4,1
8.20003048,0,1
8.30003048,0,1
8.40003048,0,1
8.50003048,0,1
8.60003048,4,1
8.70003048,4,1
8.80003048,4,1
8.90003048,2,1
9.00003048,3,1
9.30003048,4,1
9.40003048,0,1
9.50003048,0,1
9.50004048,2,1
9.60003048,4,1
9.70003048,4,1
9.80003048,4,1
9.90003048,2,1
10.10003048,2,1
10.80003048,3,1
10.90003048,2,1
11.10003048,2,1
11.20003048,2,1
11.20004048,1,1
11.30003048,3,1
11.30004048,2,1
11.30005048,1,1
11.40003048,2,1
11.40005048,1,1
11.50003048,2,1
11.50005048,1,1
11.60003048,4,1
11.60004048,0,1
11.60005048,3,1
11.70003048,3,1
11.70004048,0,1
11.80003048,4,1
11.80004048,0,1
11.80005048,3,1
11.90003048,3,1
11.90004048,1,1
11.90005048,3,1
12.00003048,0,1
12.00004048,2,1
12.00005048,1,1
12.10003048,4,1
12.10004048,2,1
12.20003048,4,1
12.20004048,3,1
12.30003048,1,1
12.30004048,2,1
12.40003048,2,1
12.70003048,1,1
12.80003048,3,1
12.90003048,1,1
13.00003048,0,1
13.00004048,2,1
13.10003048,4,1
13.20003048,3,1
13.20004048,1,1
13.30003048,2,1
13.30004048,0,1
13.40003048,2,1
13.40004048,0,1
13.50003048,4,1
13.50004048,2,1
13.60003048,3,1
13.60004048,0,1
13.60005048,2,1
13.70003048,4,1
13.70004048,1,1
13.80003048,0,1
13.80004048,1,1
13.80005048,0,1
13.90003048,2,1
13.90004048,1,1
13.90005048,3,1
14.00003048,0,1
14.00004048,4,1
14.00005048,0,1
14.10003048,3,1
14.20003048,2,1
14.20004048,1,1
14.30003048,3,1
14.30004048,4,1
14.40003048,0,1
14.50003048,0,1
14.50004048,4,1
14.60003048,4,1
14.60004048,0,1
14.70003048,2,1
14.80003048,4,1
14.90003048,0,1
15.00003048,3,1
15.10003048,4,1
16.00003048,1,1
16.10003048,2,1
16.10004048,4,1
16.20003048,4,1
16.20004048,2,1
16.30003048,4,1
16.40003048,4,1
16.40004048,2,1
16.50003048,2,1
16.50004048,1,1
16.60003048,0,1
16.60004048,1,1
16.70003048,4,1
16.70004048,2,1
16.80003048,4,1
16.90003048,4,1
17.00003048,1,1
17.10003048,4,1
17.20003048,4,1
17.20004048,1,1
17.30003048,0,1
17.30004048,4,1
17.40003048,0,1
17.40004048,2,1
17.50003048,0,1
17.50004048,1,1
17.50005048,2,1
17.60003048,2,1
17.60004048,4,1
17.60005048,0,1
17.70003048,3,1
17.70004048,2,1
18.40003048,2,1
18.50003048,0,1
18.60003048,0,1
18.60004048,1,1
18.70003048,2,1
18.70004048,3,1
18.70005048,2,1
18.80003048,0,1
18.80004048,1,1
18.80005048,2,1
18.90003048,3,1
18.90004048,4,1
19.00003048,4,1
19.00004048,0,1
19.00005048,4,1
19.10003048,3,1
19.10004048,1,1
19.10005048,0,1
19.20003048,0,1
19.20005048,1,1
19.30003048,4,1
19.30004048,0,1
19.30005048,4,1
19.40003048,3,1
19.40004048,4,1
19.50003048,3,1
19.50004048,4,1
19.60003048,0,1
19.60004048,3,1
19.60005048,1,1
19.70003048,3,1
19.70004048,4,1
19.70005048,2,1
19.80003048,4,1
19.80004048,3,1
19.80005048,1,1
19.90003048,4,1
19.90004048,3,1
19.90005048,2,1
20.00003048,3,1
20.00004048,1,1
20.10003048,2,1
20.20003048,3,1
20.30003048,3,1
20.40003048,3,1
20.50003048,3,1
20.60003048,2,1
20.70003048,4,1
20.70004048,0,1
20.80003048,4,1
20.90003048,4,1
20.90004048,1,1
21.00003048,0,1
21.10003048,2,1
21.20003048,1,1
21.20004048,2,1
21.30003048,0,1
21.30004048,2,1
21.40003048,2,1
21.50003048,4,1
21.60003048,0,1
21.70003048,4,1
21.80003048,2,1
21.90003048,3,1
22.00003048,4,1
22.00004048,1,1
22.10003048,0,1
22.20003048,3,1
22.30003048,2,1
22.30004048,4,1
22.40003048,2,1
22.50003048,3,1
22.50004048,4,1
22.60003048,4,1
22.60004048,0,1
22.70003048,2,1
22.80003048,0,1
22.90003048,2,1
23.00003048,4,1
23.10003048,0,1
23.20003048,4,1
23.30003048,4,1
23.40003048,1,1
23.50003048,0,1
23.60003048,4,1
23.70003048,0,1
23.80003048,1,1
23.90003048,3,1
23.90004048,0,1
23.90005048,3,1
24.00003048,4,1
24.00004048,2,1
24.00005048,3,1
24.10003048,4,1
24.10004048,1,1
24.10005048,2,1
24.20003048,2,1
24.20004048,0,1
24.20005048,2,1
24.30003048,0,1
24.30004048,4,1
24.30005048,2,1
24.40003048,0,1
24.40004048,1,1
24.40005048,2,1
24.50003048,0,1
24.50004048,1,1
24.60003048,4,1
24.60004048,0,1
24.70003048,4,1
24.70004048,3,1
24.80003048,2,1
24.80004048,3,1
24.90003048,2,1
24.90004048,0,1
25.00003048,2,1
25.10003048,2,1
25.20003048,1,1
25.20004048,2,1
25.30003048,4,1
25.30004048,2,1
25.40003048,1,1
25.40004048,2,1
25.50003048,0,1
25.60003048,2,1
25.70003048,1,1
25.80003048,4,1
25.90003048,2,1
26.00003048,2,1
26.10003048,2,1
27.40003048,1,1
27.50003048,2,1
27.60003048,3,1
27.60004048,1,1
28.20003048,4,1
28.30003048,1,1
28.40003048,3,1
28.40004048,4,1
28.50003048,3,1
28.50004048,0,1
28.60003048,2,1
28.60004048,4,1
28.70003048,4,1
28.70004048,2,1
28.80003048,4,1
28.80004048,3,1
28.80005048,0,1
28.90003048,3,1
28.90004048,4,1
28.90005048,2,1
29.00003048,3,1
29.00004048,0,1
29.10003048,3,1
29.10004048,2,1
29.20003048,4,1
29.20004048,2,1
29.30003048,1,1
29.40003048,3,1
29.50003048,3,1
29.60003048,0,1
29.60004048,1,1
29.70003048,2,1
29.80003048,2,1
29.80004048,3,1
29.90003048,2,1
29.90004048,0,1
30.00003048,4,1
30.00004048,0,1
30.00005048,1,1
30.10003048,1,1
30.10004048,2,1
30.10005048,1,1
30.20003048,1,1
30.20004048,0,1
30.20005048,2,1
30.30003048,0,1
30.30004048,3,1
30.40003048,4,1
30.40004048,3,1
30.50003048,3,1
30.60003048,1,1
30.70003048,4,1
30.80003048,4,1
30.90003048,1,1
31.10003048,2,1
31.10004048,1,1
31.20003048,4,1
31.20004048,2,1
31.30003048,1,1
31.40003048,3,1
31.40004048,1,1
31.50003048,4,1
31.60003048,3,1
31.60004048,0,1
31.70003048,3,1
31.70004048,4,1
31.70005048,1,1
31.80003048,3,1
31.80004048,4,1
31.80005048,1,1
31.90003048,2,1
31.90004048,1,1
32.00003048,4,1
32.10003048,4,1
32.10004048,0,1
32.20003048,3,1
32.30003048,2,1
32.30004048,4,1
32.40003048,3,1
32.40004048,0,1
32.50003048,4,1
32.50004048,2,1
32.50005048,4,1
32.60003048,4,1
32.70003048,1,1
32.80003048,1,1
32.90003048,3,1
33.00003048,2,1
33.10003048,4,1
33.20003048,4,1
33.30003048,3,1
33.30004048,2,1
33.40003048,1,1
33.40004048,0,1
33.50003048,2,1
33.50004048,1,1
33.60003048,3,1
33.70003048,3,1
33.80003048,4,1
33.80004048,0,1
33.90003048,2,1
34.00003048,1,1
34.10003048,1,1
34.10004048,2,1
34.10005048,1,1
34.20003048,4,1
34.20004048,2,1
34.20005048,1,1
34.30003048,4,1
34.30004048,1,1
34.40003048,3,1
34.40004048,4,1
34.40005048,2,1
34.50003048,2,1
34.50004048,0,1
34.50005048,1,1
34.60003048,4,1
34.60004048,1,1
34.60005048,3,1
34.70003048,4,1
34.70004048,1,1
34.70005048,3,1
34.80003048,2,1
34.80004048,3,1
34.90003048,3,1
34.90004048,1,1
35.00003048,1,1
35.00004048,2,1
35.10003048,1,1
35.10004048,2,1
35.20003048,4,1
35.20004048,1,1
35.30003048,1,1
35.30004048,2,1
35.40003048,2,1
35.40004048,0,1
35.40005048,2,1
35.50003048,3,1
35.50004048,0,1
35.60003048,1,1
35.60004048,2,1
35.60005048,0,1
35.70003048,2,1
35.70004048,0,1
35.80003048,1,1
35.80004048,0,1
35.80005048,3,1
35.90003048,1,1
35.90004048,0,1
35.90005048,1,1
36.00003048,3,1
36.00004048,2,1
36.10003048,1,1
36.20003048,2,1
36.30003048,1,1
37.10003048,4,1
37.30003048,4,1
37.40003048,1,1
37.40004048,4,1
37.50003048,4,1
37.50004048,0,1
37.60003048,1,1
37.70003048,1,1
37.90003048,4,1
38.00003048,4,1
38.10003048,4,1
38.20003048,4,1
38.30003048,2,1
38.50003048,2,1
38.70003048,4,1
38.80003048,3,1
38.90003048,3,1
39.00003048,2,1
39.10003048,4,1
39.20003048,3,1
39.30003048,1,1
39.40003048,1,1
39.70003048,4,1
39.80003048,4,1
39.90003048,0,1
40.00003048,1,1
40.10003048,4,1
40.10004048,2,1
40.20003048,1,1
40.20004048,4,1
40.30003048,4,1
40.30004048,2,1
40.40003048,0,1
40.40004048,1,1
40.50003048,0,1
40.50004048,1,1
40.60003048,2,1
40.70003048,4,1
40.80003048,2,1
40.90003048,4,1
41.00003048,1,1
41.40003048,3,1
41.50003048,4,1
41.60003048,4,1
41.70003048,1,1
41.90003048,4,1
42.00003048,3,1
42.70003048,4,1
42.80003048,2,1
43.00003048,4,1
43.00004048,0,1
43.10003048,4,1
43.10004048,0,1
43.20003048,1,1
43.30003048,2,1
43.40003048,2,1
43.50003048,0,1
43.60003048,1,1
43.70003048,0,1
43.80003048,1,1
43.90003048,1,1
44.00003048,1,1
44.10003048,0,1
44.30003048,1,1
44.40003048,3,1
44.50003048,3,1
44.60003048,3,1
44.70003048,3,1
44.70004048,1,1
44.80003048,4,1
44.80004048,2,1
44.90003048,0,1
45.00003048,4,1
45.10003048,0,1
45.20003048,4,1
45.20004048,0,1
45.30003048,1,1
45.30004048,4,1
45.40003048,2,1
45.40004048,0,1
45.50003048,1,1
45.50004048,0,1
45.60003048,2,1
45.70003048,2,1
45.70004048,4,1
45.80003048,3,1
45.80004048,1,1
45.90003048,2,1
46.00003048,4,1
46.00004048,0,1
46.10003048,3,1
46.10005048,2,1
46.20003048,2,1
46.20004048,3,1
46.20005048,2,1
46.30003048,3,1
46.40003048,2,1
46.60003048,3,1
46.70003048,3,1
46.80003048,4,1
46.90003048,1,1
47.00003048,2,1
47.10003048,2,1
47.20003048,2,1
47.30003048,1,1
47.40003048,4,1
47.50003048,4,1
47.60003048,1,1
47.70003048,3,1
47.80003048,4,1
47.90003048,4,1
47.90004048,2,1
48.00003048,1,1
48.10003048,1,1
48.50003048,0,1
48.60003048,4,1
48.90003048,4,1
49.00003048,3,1
49.00004048,2,1
49.10003048,4,1
49.10004048,1,1
49.20003048,0,1
49.20004048,2,1
49.30003048,2,1
49.30004048,4,1
49.40003048,2,1
49.50003048,4,1
49.50004048,2,1
49.50005048,1,1
49.60003048,4,1
49.60004048,0,1
49.70003048,4,1
49.70004048,0,1
49.80003048,1,1
49.90003048,0,1
49.90004048,2,1
50.00003048,0,1
50.00004048,4,1
50.10003048,1,1
50.10004048,2,1
50.20003048,0,1
50.20004048,4,1
50.30003048,1,1
50.40003048,0,1
50.50003048,4,1
50.50004048,0,1
50.60003048,4,1
50.60004048,0,1
50.60005048,3,1
50.70003048,1,1
50.80003048,4,1
50.90003048,4,1
51.00003048,4,1
51.00004048,3,1
51.00005048,0,1
51.10003048,2,1
51.10004048,3,1
51.10005048,4,1
51.20003048,4,1
51.20005048,0,1
51.30003048,3,1
51.30004048,1,1
51.30006048,2,1
51.40003048,2,1
51.40004048,1,1
51.40005048,0,1
51.40006048,1,1
51.50003048,2,1
51.50004048,1,1
51.60003048,3,1
51.60004048,2,1
51.70003048,1,1
51.80003048,4,1
51.90003048,3,1
51.90004048,0,1
52.00003048,0,1
52.00004048,3,1
52.10003048,4,1
52.10005048,0,1
52.20003048,2,1
52.20004048,3,1
52.30003048,4,1
52.30004048,2,1
52.30005048,0,1
52.40003048,0,1
52.40005048,0,1
52.50003048,0,1
52.50005048,0,1
52.60003048,0,1
52.60004048,2,1
52.70003048,1,1
52.70004048,3,1
52.80003048,2,1
52.80004048,1,1
52.90003048,1,1
52.90004048,2,1
53.00003048,1,1
53.00004048,0,1
53.10003048,0,1
53.10004048,4,1
53.10005048,3,1
53.20003048,1,1
53.20005048,0,1
53.30003048,0,1
53.30004048,1,1
53.40003048,3,1
53.40004048,0,1
53.40005048,3,1
53.50003048,2,1
53.60003048,0,1
53.70003048,2,1
53.80003048,1,1
53.90003048,0,1
54.00003048,1,1
54.90003048,3,1
54.90004048,2,1
55.00003048,3,1
55.10003048,2,1
55.20003048,1,1
55.20004048,2,1
55.30003048,0,1
55.40003048,4,1
55.40004048,3,1
55.50003048,1,1
55.50004048,3,1
55.60003048,2,1
55.70003048,2,1
55.70004048,3,1
55.80003048,2,1
55.90003048,3,1
56.00003048,3,1
56.10003048,3,1
56.20003048,2,1
56.30003048,4,1
56.30004048,0,1
56.40003048,2,1
56.50003048,2,1
56.50004048,4,1
56.60003048,4,1
56.70003048,2,1
56.70004048,0,1
56.80003048,0,1
56.80004048,1,1
56.90003048,1,1
56.90004048,0,1
57.00003048,1,1
57.00004048,2,1
57.10003048,4,1
57.10004048,2,1
57.20003048,1,1
57.30003048,4,1
57.30005048,0,1
57.30006048,4,1
57.40003048,3,1
57.40004048,4,1
57.40005048,0,1
57.40006048,2,1
57.50003048,1,1
57.50004048,3,1
57.50005048,0,1
57.50006048,2,1
57.60003048,2,1
57.60005048,3,1
57.60006048,1,1
57.60007048,2,1
57.70003048,2,1
57.70004048,4,1
57.70005048,3,1
57.70006048,1,1
57.70007048,3,1
57.80003048,4,1
57.80004048,0,1
57.90003048,2,1
57.90004048,4,1
58.00003048,1,1
58.00004048,2,1
58.00005048,0,1
58.00006048,2,1
58.10003048,0,1
58.10004048,1,1
58.20003048,0,1
58.30003048,0,1
58.40003048,3,1
58.40004048,2,1
58.50003048,4,1
58.50005048,2,1
58.60003048,4,1
58.60004048,0,1
58.60006048,0,1
58.70003048,1,1
58.70004048,3,1
58.70005048,0,1
58.70006048,3,1
58.80003048,2,1
58.80004048,3,1
58.80005048,1,1
58.90003048,2,1
59.10003048,3,1
59.20003048,1,1
59.30003048,0,1
59.40003048,2,1
59.50003048,2,1
59.60003048,0,1
59.80003048,3,1
59.90003048,1,1
60.00003048,0,1
61.60003048,2,1
61.70003048,2,1
61.80003048,1,1
61.90003048,0,1
62.20003048,1,1
62.30003048,0,1
62.70003048,2,1
62.90003048,2,1
63.00003048,3,1
63.00004048,2,1
63.10003048,2,1
63.20003048,1,1
63.30003048,3,1
63.40003048,3,1
63.50003048,1,1
63.50004048,4,1
63.60003048,2,1
63.90003048,4,1
64.00003048,1,1
64.10003048,4,1
64.20003048,3,1
64.20005048,3,1
64.30003048,3,1
64.30005048,0,1
64.40003048,2,1
64.40004048,4,1
64.50003048,1,1
64.50004048,0,1
64.60003048,4,1
64.60004048,1,1
64.70003048,3,1
64.70004048,1,1
64.80003048,0,1
64.90003048,0,1
65.00003048,0,1
65.10003048,4,1
65.10004048,3,1
65.20003048,3,1
65.20004048,4,1
65.20005048,1,1
65.30003048,2,1
65.30004048,4,1
65.30005048,1,1
65.40003048,1,1
65.40004048,0,1
65.40005048,3,1
65.50003048,1,1
65.50004048,0,1
65.60003048,3,1
65.60004048,2,1
65.60005048,4,1
65.70003048,3,1
65.70004048,0,1
65.70005048,1,1
65.80003048,3,1
65.80005048,0,1
65.90003048,1,1
65.90004048,2,1
65.90005048,4,1
65.90006048,1,1
66.00003048,3,1
66.00005048,1,1
66.10003048,4,1
66.10005048,3,1
66.20003048,3,1
66.30003048,2,1
66.30004048,4,1
66.30005048,3,1
66.30006048,0,1
66.40003048,3,1
66.40004048,4,1
66.40005048,3,1
66.50003048,2,1
66.50004048,0,1
66.60003048,0,1
66.60004048,1,1
66.70003048,0,1
66.80003048,4,1
66.80004048,1,1
66.90003048,3,1
66.90004048,0,1
67.00003048,4,1
67.00004048,0,1
67.00005048,4,1
67.10003048,3,1
67.10004048,2,1
67.10005048,0,1
67.20003048,2,1
67.20004048,4,1
67.20005048,1,1
67.30003048,4,1
67.30004048,0,1
67.40003048,4,1
67.40004048,2,1
67.50003048,3,1
67.50005048,3,1
67.60003048,2,1
67.60004048,4,1
67.60005048,0,1
67.70003048,1,1
67.70004048,4,1
67.80003048,2,1
67.90003048,1,1
67.90004048,0,1
68.00003048,1,1
68.10003048,2,1
68.10004048,4,1
68.20003048,2,1
68.20004048,4,1
68.30003048,4,1
68.30004048,0,1
68.40003048,1,1
68.40004048,0,1
68.40005048,4,1
68.50003048,3,1
68.50004048,2,1
68.50005048,1,1
68.60003048,3,1
68.60005048,1,1
68.70003048,4,1
68.70004048,0,1
68.80003048,2,1
68.80004048,0,1
68.80005048,1,1
68.90003048,3,1
68.90004048,0,1
68.90005048,3,1
69.00003048,1,1
69.00004048,4,1
69.00005048,1,1
69.10003048,4,1
69.10005048,0,1
69.20003048,4,1
69.20005048,4,1
69.20006048,2,1
69.30003048,1,1
69.30004048,0,1
69.30005048,3,1
69.40003048,4,1
69.40005048,0,1
69.40006048,2,1
69.50003048,4,1
69.50005048,3,1
69.50006048,0,1
69.60003048,2,1
69.60004048,4,1
69.60006048,1,1
69.70003048,1,1
69.70004048,4,1
69.70005048,0,1
69.80003048,4,1
69.80004048,0,1
69.80005048,2,1
69.90003048,1,1
69.90004048,4,1
69.90005048,3,1
70.00003048,3,1
70.00004048,4,1
70.00005048,0,1
70.10003048,3,1
70.10005048,1,1
70.20003048,1,1
70.20004048,0,1
70.30003048,3,1
70.30004048,4,1
70.30005048,1,1
70.40003048,4,1
70.40004048,1,1
70.50003048,3,1
70.50004048,1,1
70.60003048,0,1
70.70003048,3,1
70.70004048,1,1
70.70005048,2,1
70.80003048,4,1
70.80004048,0,1
70.80005048,2,1
70.90003048,3,1
70.90004048,1,1
70.90005048,2,1
71.00003048,2,1
71.10003048,4,1
71.10004048,2,1
71.20003048,4,1
71.20005048,3,1
71.30003048,3,1
71.30005048,1,1
71.40003048,2,1
71.40004048,3,1
71.40005048,1,1
71.50003048,4,1
71.50004048,2,1
71.60003048,2,1
71.60004048,4,1
71.60005048,3,1
71.70003048,3,1
71.70005048,3,1
71.70006048,1,1
71.80003048,2,1
71.80004048,4,1
71.80005048,0,1
71.80006048,3,1
71.90003048,3,1
71.90004048,2,1
71.90005048,4,1
71.90006048,0,1
72.00003048,1,1
72.00004048,2,1
72.00005048,3,1
72.10003048,2,1
72.10004048,3,1
72.10005048,0,1
72.20003048,0,1
72.30003048,0,1
72.40003048,0,1
72.40005048,0,1
72.50003048,2,1
72.50004048,3,1
72.50005048,2,1
72.60003048,2,1
72.60004048,1,1
72.70003048,3,1
72.80003048,2,1
72.80004048,0,1
72.80005048,2,1
72.90003048,0,1
72.90004048,2,1
72.90005048,3,1
73.00003048,3,1
73.00005048,2,1
73.10003048,2,1
73.10004048,1,1
73.10005048,0,1
73.10006048,1,1
73.20003048,2,1
73.20004048,3,1
73.20005048,1,1
73.30003048,0,1
73.30004048,1,1
73.40003048,3,1
73.40004048,1,1
73.50003048,3,1
73.50004048,1,1
73.50005048,2,1
73.60003048,4,1
73.60004048,1,1
73.60005048,3,1
73.70003048,2,1
73.70004048,4,1
73.70005048,2,1
73.80003048,2,1
73.80004048,1,1
73.90003048,2,1
74.00003048,4,1
74.10003048,2,1
74.20003048,0,1
74.20005048,3,1
74.30003048,4,1
74.30004048,0,1
74.30005048,3,1
74.40003048,4,1
74.40004048,2,1
74.40005048,3,1
74.50003048,1,1
74.50004048,3,1
74.60003048,3,1
74.60004048,2,1
74.60005048,1,1
74.70003048,2,1
74.70004048,0,1
74.80003048,4,1
74.80004048,1,1
74.90003048,0,1
75.00003048,3,1
75.00004048,0,1
75.10003048,3,1
75.20003048,2,1
75.30003048,3,1
75.30004048,0,1
75.40003048,0,1
75.40004048,2,1
75.50003048,0,1
75.60003048,4,1
75.60004048,2,1
75.70003048,3,1
75.70004048,2,1
75.80003048,0,1
75.80004048,1,1
75.80005048,3,1
75.90003048,0,1
75.90004048,2,1
76.00003048,2,1
76.00004048,1,1
76.10003048,4,1
76.10004048,1,1
76.20003048,4,1
76.20004048,0,1
76.30003048,0,1
76.40003048,4,1
76.40004048,1,1
76.50003048,0,1
76.60003048,0,1
76.70003048,0,1
76.80003048,0,1
76.90003048,1,1
77.00003048,3,1
77.00004048,1,1
77.20003048,0,1
77.30003048,4,1
77.40003048,0,1
77.50003048,0,1
77.60003048,1,1
77.70003048,2,1
77.80003048,1,1
77.90003048,4,1
78.00003048,3,1
78.00004048,1,1
78.10003048,2,1
78.20003048,4,1
78.30003048,4,1
78.40003048,4,1
78.50003048,1,1
78.50004048,4,1
78.60003048,4,1
78.60004048,2,1
78.70003048,2,1
78.70004048,0,1
78.80003048,3,1
78.80004048,2,1
78.90003048,1,1
78.90004048,0,1
79.00003048,1,1
79.10003048,3,1
79.10004048,4,1
79.10005048,0,1
79.20003048,3,1
79.20004048,4,1
79.20005048,0,1
79.30003048,4,1
79.30004048,0,1
79.30005048,2,1
79.40003048,1,1
79.40004048,3,1
79.50003048,0,1
79.50004048,3,1
79.60003048,4,1
79.70003048,2,1
79.80003048,0,1
80.70003048,2,1
80.70004048,1,1
80.80003048,4,1
80.80004048,0,1
80.90003048,3,1
80.90004048,4,1
81.00003048,3,1
81.00004048,4,1
81.10003048,4,1
81.10004048,0,1
81.20003048,2,1
81.30003048,3,1
81.40003048,4,1
81.40004048,3,1
81.50003048,0,1
81.60003048,2,1
81.70003048,2,1
81.70004048,1,1
81.80003048,4,1
81.90003048,4,1
82.00003048,2,1
82.10003048,4,1
82.20003048,0,1
82.20004048,1,1
82.30003048,3,1
82.40003048,0,1
82.40004048,3,1
82.50003048,0,1
82.60003048,1,1
82.70003048,4,1
82.80003048,3,1
82.90003048,0,1
83.00003048,0,1
83.10003048,4,1
83.10004048,1,1
83.20003048,3,1
83.20004048,1,1
83.30003048,1,1
83.40003048,0,1
83.50003048,1,1
83.60003048,1,1
83.70003048,2,1
83.80003048,0,1
84.40003048,4,1
84.50003048,1,1
84.60003048,1,1
84.70003048,1,1
84.80003048,2,1
84.80004048,1,1
84.90003048,4,1
84.90004048,1,1
85.00003048,0,1
85.00005048,4,1
85.10003048,2,1
85.10004048,3,1
85.10005048,1,1
85.20003048,0,1
85.20004048,4,1
85.30003048,4,1
85.30004048,3,1
85.40003048,3,1
85.50003048,4,1
85.60003048,0,1
85.70003048,3,1
85.80003048,4,1
85.80004048,2,1
85.90003048,0,1
86.00003048,0,1
86.40003048,4,1
86.50003048,4,1
86.60003048,0,1
86.70003048,3,1
86.80003048,1,1
86.90003048,0,1
87.00003048,3,1
87.10003048,4,1
87.20003048,4,1
87.30003048,1,1
87.40003048,2,1
87.40004048,1,1
87.40005048,2,1
87.50003048,2,1
87.50004048,3,1
87.50005048,4,1
87.60003048,3,1
87.60004048,0,1
87.70003048,3,1
87.70004048,4,1
87.70005048,2,1
87.80003048,4,1
87.80004048,3,1
87.80005048,4,1
87.90003048,3,1
87.90004048,1,1
88.00003048,3,1
88.10003048,3,1
88.40003048,1,1
88.50003048,2,1
88.60003048,4,1
88.70003048,3,1
88.70004048,0,1
88.80003048,1,1
88.90003048,0,1
89.00003048,2,1
89.10003048,4,1
89.20003048,2,1
89.30003048,4,1
89.30004048,0,1
89.40003048,3,1
89.40004048,0,1
89.40005048,1,1
89.50003048,3,1
89.50004048,0,1
89.60003048,2,1
89.60004048,3,1
89.60005048,1,1
89.70003048,2,1
89.70005048,1,1
89.70006048,4,1
89.80003048,4,1
89.80004048,0,1
89.80005048,2,1
89.90003048,4,1
89.90004048,2,1
89.90005048,4,1
90.00003048,3,1
90.00005048,1,1
90.00006048,0,1
90.10003048,1,1
90.10004048,4,1
90.10005048,0,1
90.20003048,2,1
90.20004048,1,1
90.30003048,3,1
90.60003048,1,1
90.70003048,3,1
90.80003048,1,1
90.80004048,4,1
90.90003048,3,1
91.00003048,4,1
91.00004048,2,1
91.00005048,0,1
91.10003048,2,1
91.10004048,4,1
91.20003048,1,1
91.20004048,3,1
91.20005048,4,1
91.30003048,1,1
91.30004048,3,1
91.30005048,0,1
91.40003048,3,1
91.40005048,0,1
91.50003048,3,1
91.50004048,2,1
91.60003048,2,1
91.60004048,4,1
91.60006048,0,1
91.70003048,3,1
91.70004048,2,1
91.80003048,4,1
91.80004048,0,1
91.80005048,2,1
91.80006048,3,1
91.90003048,1,1
91.90004048,0,1
91.90005048,4,1
92.00003048,3,1
92.00004048,1,1
92.00005048,4,1
92.10003048,4,1
92.10004048,1,1
92.10005048,4,1
92.10006048,2,1
92.20003048,4,1
92.20005048,4,1
92.20006048,3,1
92.30003048,4,1
92.30005048,1,1
92.30006048,0,1
92.40003048,4,1
92.40004048,0,1
92.40005048,2,1
92.50003048,3,1
92.50004048,2,1
92.60003048,1,1
92.60004048,0,1
92.70003048,1,1
92.70004048,2,1
92.70005048,0,1
92.70006048,2,1
92.80003048,2,1
92.80004048,4,1
92.90003048,4,1
92.90005048,1,1
93.00003048,4,1
93.00004048,2,1
93.10003048,3,1
93.10004048,1,1
93.20003048,0,1
93.20004048,3,1
93.30003048,3,1
93.40003048,4,1
93.40004048,3,1
93.50003048,0,1
93.50004048,1,1
93.60003048,4,1
93.70003048,4,1
93.70004048,2,1
93.80003048,0,1
93.80004048,2,1
93.90003048,2,1
93.90005048,1,1
93.90006048,2,1
94.00003048,1,1
94.00004048,0,1
94.00006048,2,1
94.00007048,0,1
94.10003048,3,1
94.10004048,2,1
94.10005048,0,1
94.10006048,2,1
94.20003048,2,1
94.20004048,3,1
94.20005048,4,1
94.20007048,0,1
94.30003048,4,1
94.30004048,3,1
94.30005048,4,1
94.30006048,2,1
94.40003048,4,1
94.40004048,3,1
94.40005048,4,1
94.40006048,3,1
94.50003048,0,1
94.50004048,1,1
94.50005048,2,1
94.50006048,1,1
94.60003048,1,1
94.60004048,0,1
94.60005048,3,1
94.60006048,2,1
94.60007048,3,1
94.70003048,3,1
94.70005048,3,1
94.70006048,1,1
94.80003048,3,1
94.80004048,0,1
94.80006048,0,1
94.90003048,4,1
94.90005048,2,1
95.00003048,3,1
95.00004048,0,1
95.00006048,3,1
95.10003048,2,1
95.10004048,1,1
95.10005048,2,1
95.20003048,3,1
95.20004048,0,1
95.30003048,2,1
95.30004048,1,1
95.40003048,3,1
95.50003048,4,1
95.50004048,3,1
95.60003048,2,1
95.60004048,1,1
95.70003048,2,1
95.80003048,2,1
95.80005048,1,1
95.90003048,3,1
95.90005048,4,1
96.00003048,3,1
96.00005048,3,1
96.00006048,4,1
96.10003048,4,1
96.10004048,2,1
96.10005048,1,1
96.10006048,0,1
96.20003048,2,1
96.20004048,0,1
96.20005048,4,1
96.30003048,4,1
96.30004048,1,1
96.40003048,3,1
96.50003048,3,1
96.50004048,2,1
96.50005048,0,1
96.50006048,2,1
96.60003048,4,1
96.60004048,3,1
96.60005048,0,1
96.60006048,2,1
96.70003048,1,1
96.70004048,0,1
96.70005048,4,1
96.70006048,1,1
96.80003048,4,1
96.80004048,3,1
96.80005048,1,1
96.80006048,3,1
96.90003048,2,1
96.90005048,0,1
96.90006048,2,1
97.00003048,3,1
97.00004048,0,1
97.00005048,4,1
97.00006048,0,1
97.00007048,1,1
97.10003048,1,1
97.10004048,0,1
97.10005048,4,1
97.10006048,0,1
97.10007048,1,1
97.20003048,2,1
97.20004048,0,1
97.20005048,4,1
97.20006048,0,1
97.30003048,2,1
97.30004048,0,1
97.30005048,3,1
97.40003048,1,1
97.40004048,2,1
97.40005048,3,1
97.50003048,3,1
97.60003048,1,1
97.70003048,3,1
97.80003048,3,1
97.90003048,2,1
98.00003048,4,1
98.10003048,0,1
98.20003048,3,1
98.30003048,4,1
98.30004048,1,1
98.40003048,2,1
98.40004048,0,1
98.50003048,2,1
98.50004048,0,1
98.50005048,4,1
98.60003048,4,1
98.60004048,0,1
98.70003048,3,1
98.70005048,4,1
98.80003048,4,1
98.80004048,3,1
98.80005048,0,1
98.90003048,3,1
99.00003048,3,1
99.00004048,0,1
99.10003048,3,1
99.10004048,4,1
99.20003048,2,1
99.30003048,0,1
99.40003048,3,1
99.40004048,0,1
99.50003048,0,1
99.60003048,3,1
99.60004048,4,1
99.70003048,0,1
99.70004048,4,1
99.80003048,2,1
99.80004048,3,1
99.90003048,2,1
99.90004048,1,1
100.00003048,2,1
100.00004048,3,1
100.10003048,2,1
100.10004048,4,1
100.20003048,4,1
100.30003048,4,1
100.30004048,3,1
100.40003048,4,1
100.50003048,4,1
100.50004048,1,1
100.60003048,1,1
100.60004048,3,1
100.60005048,4,1
100.70003048,1,1
100.70004048,2,1
100.70005048,4,1
100.80003048,4,1
100.80004048,0,1
100.80005048,3,1
100.90003048,2,1
100.90004048,3,1
100.90005048,0,1
101.00003048,3,1
101.00005048,1,1
101.10003048,1,1
101.10004048,0,1
101.20003048,3,1
101.20004048,4,1
101.30003048,2,1
101.60003048,3,1
101.70003048,1,1
101.80003048,1,1
101.90003048,1,1
102.40003048,2,1
102.50003048,3,1
102.60003048,4,1
102.70003048,3,1
102.80003048,3,1
102.90003048,2,1
103.00003048,1,1
103.10003048,3,1
103.20003048,2,1
103.20004048,4,1
103.30003048,4,1
103.30004048,1,1
