simTime,MCC_idx,packet_is_loss
0.10001024,0,1
0.10001024,1,1
0.10001024,2,1
0.10001024,3,1
0.10001024,4,1
0.20001024,0,1
0.20001024,1,1
0.20001024,2,1
0.20001024,3,1
0.20001024,4,1
0.30001024,0,1
0.30001024,1,1
0.30001024,2,1
0.30001024,3,1
0.30001024,4,1
0.40001024,0,1
0.40001024,1,1
0.40001024,2,1
0.40001024,3,1
0.40001024,4,1
0.50001024,0,1
0.50001024,1,1
0.50001024,2,1
0.50001024,3,1
0.50001024,4,1
0.60001024,0,1
0.60001024,1,1
0.60001024,2,1
0.60001024,3,1
0.60001024,4,1
0.70001024,0,1
0.70001024,1,1
0.70001024,2,1
0.70001024,3,1
0.70001024,4,1
0.80001024,0,1
0.80001024,1,1
0.80001024,2,1
0.80001024,3,1
0.80001024,4,1
0.90001024,0,1
0.90001024,1,1
0.90001024,2,1
0.90001024,3,1
0.90001024,4,1
1.00001024,0,1
1.00001024,1,1
1.00001024,2,1
1.00001024,3,1
1.00001024,4,1
1.10001024,0,1
1.10001024,1,1
1.10001024,2,1
1.10001024,3,1
1.10001024,4,1
1.20001024,0,1
1.20001024,1,1
1.20001024,2,1
1.20001024,3,1
1.20001024,4,1
1.30001024,0,1
1.30001024,1,1
1.30001024,2,1
1.30001024,3,1
1.30001024,4,1
1.40001024,0,1
1.40001024,1,1
1.40001024,2,1
1.40001024,3,1
1.40001024,4,1
1.50001024,0,1
1.50001024,1,1
1.50001024,2,1
1.50001024,3,1
1.50001024,4,1
1.60001024,0,1
1.60001024,1,1
1.60001024,2,1
1.60001024,3,1
1.60001024,4,1
1.70001024,0,1
1.70001024,1,1
1.70001024,2,1
1.70001024,3,1
1.70001024,4,1
1.80001024,0,1
1.80001024,1,1
1.80001024,2,1
1.80001024,3,1
1.80001024,4,1
1.90001024,0,1
1.90001024,1,1
1.90001024,2,1
1.90001024,3,1
1.90001024,4,1
2.00001024,0,1
2.00001024,1,1
2.00001024,2,1
2.00001024,3,1
2.00001024,4,1
2.10001024,0,1
2.10001024,1,1
2.10001024,2,1
2.10001024,3,1
2.10001024,4,1
2.20001024,0,1
2.20001024,1,1
2.20001024,2,1
2.20001024,3,1
2.20001024,4,1
2.30001024,0,1
2.30001024,1,1
2.30001024,2,1
2.30001024,3,1
2.30001024,4,1
2.40001024,0,1
2.40001024,1,1
2.40001024,2,1
2.40001024,3,1
2.40001024,4,1
2.50001024,0,1
2.50001024,1,1
2.50001024,2,1
2.50001024,3,1
2.50001024,4,1
2.60001024,0,1
2.60001024,1,1
2.60001024,2,1
2.60001024,3,1
2.60001024,4,1
2.70001024,0,1
2.70001024,1,1
2.70001024,2,1
2.70001024,3,1
2.70001024,4,1
2.80001024,0,1
2.80001024,1,1
2.80001024,2,1
2.80001024,3,1
2.80001024,4,1
2.90001024,0,1
2.90001024,1,1
2.90001024,2,1
2.90001024,3,1
2.90001024,4,1
3.00001024,0,1
3.00001024,1,1
3.00001024,2,1
3.00001024,3,1
3.00001024,4,1
3.10001024,0,1
3.10001024,1,1
3.10001024,2,1
3.10001024,3,1
3.10001024,4,1
3.20001024,0,1
3.20001024,1,1
3.20001024,2,1
3.20001024,3,1
3.20001024,4,1
3.30001024,0,1
3.30001024,1,1
3.30001024,2,1
3.30001024,3,1
3.30001024,4,1
3.40001024,0,1
3.40001024,1,1
3.40001024,2,1
3.40001024,3,1
3.40001024,4,1
3.50001024,0,1
3.50001024,1,1
3.50001024,2,1
3.50001024,3,1
3.50001024,4,1
3.60001024,0,1
3.60001024,1,1
3.60001024,2,1
3.60001024,3,1
3.60001024,4,1
3.70001024,0,1
3.70001024,1,1
3.70001024,2,1
3.70001024,3,1
3.70001024,4,1
3.80001024,0,1
3.80001024,1,1
3.80001024,2,1
3.80001024,3,1
3.80001024,4,1
3.90001024,0,1
3.90001024,1,1
3.90001024,2,1
3.90001024,3,1
3.90001024,4,1
4.00001024,0,1
4.00001024,1,1
4.00001024,2,1
4.00001024,3,1
4.00001024,4,1
4.10001024,0,1
4.10001024,1,1
4.10001024,2,1
4.10001024,3,1
4.10001024,4,1
4.20001024,0,1
4.20001024,1,1
4.20001024,2,1
4.20001024,3,1
4.20001024,4,1
4.30001024,0,1
4.30001024,1,1
4.30001024,2,1
4.30001024,3,1
4.30001024,4,1
4.40001024,0,1
4.40001024,1,1
4.40001024,2,1
4.40001024,3,1
4.40001024,4,1
4.50001024,0,1
4.50001024,1,1
4.50001024,2,1
4.50001024,3,1
4.50001024,4,1
4.60001024,0,1
4.60001024,1,1
4.60001024,2,1
4.60001024,3,1
4.60001024,4,1
4.70001024,0,1
4.70001024,1,1
4.70001024,2,1
4.70001024,3,1
4.70001024,4,1
4.80001024,0,1
4.80001024,1,1
4.80001024,2,1
4.80001024,3,1
4.80001024,4,1
4.90001024,0,1
4.90001024,1,1
4.90001024,2,1
4.90001024,3,1
4.90001024,4,1
5.00001024,0,1
5.00001024,1,1
5.00001024,2,1
5.00001024,3,1
5.00001024,4,1
5.10001024,0,1
5.10001024,1,1
5.10001024,2,1
5.10001024,3,1
5.10001024,4,1
5.20001024,0,1
5.20001024,1,1
5.20001024,2,1
5.20001024,3,1
5.20001024,4,1
5.30001024,0,1
5.30001024,1,1
5.30001024,2,1
5.30001024,3,1
5.30001024,4,1
5.40001024,0,1
5.40001024,1,1
5.40001024,2,1
5.40001024,3,1
5.40001024,4,1
5.50001024,0,1
5.50001024,1,1
5.50001024,2,1
5.50001024,3,1
5.50001024,4,1
5.60001024,0,1
5.60001024,1,1
5.60001024,2,1
5.60001024,3,1
5.60001024,4,1
5.70001024,0,1
5.70001024,1,1
5.70001024,2,1
5.70001024,3,1
5.70001024,4,1
5.80001024,0,1
5.80001024,1,1
5.80001024,2,1
5.80001024,3,1
5.80001024,4,1
5.90001024,0,1
5.90001024,1,1
5.90001024,2,1
5.90001024,3,1
5.90001024,4,1
6.00001024,0,1
6.00001024,1,1
6.00001024,2,1
6.00001024,3,1
6.00001024,4,1
6.10001024,0,1
6.10001024,1,1
6.10001024,2,1
6.10001024,3,1
6.10001024,4,1
6.20001024,0,1
6.20001024,1,1
6.20001024,2,1
6.20001024,3,1
6.20001024,4,1
6.30001024,0,1
6.30001024,1,1
6.30001024,2,1
6.30001024,3,1
6.30001024,4,1
6.40001024,0,1
6.40001024,1,1
6.40001024,2,1
6.40001024,3,1
6.40001024,4,1
6.50001024,0,1
6.50001024,1,1
6.50001024,2,1
6.50001024,3,1
6.50001024,4,1
6.60001024,0,1
6.60001024,1,1
6.60001024,2,1
6.60001024,3,1
6.60001024,4,1
6.70001024,0,1
6.70001024,1,1
6.70001024,2,1
6.70001024,3,1
6.70001024,4,1
6.80001024,0,1
6.80001024,1,1
6.80001024,2,1
6.80001024,3,1
6.80001024,4,1
6.90001024,0,1
6.90001024,1,1
6.90001024,2,1
6.90001024,3,1
6.90001024,4,1
7.00001024,0,1
7.00001024,1,1
7.00001024,2,1
7.00001024,3,1
7.00001024,4,1
7.10001024,0,1
7.10001024,1,1
7.10001024,2,1
7.10001024,3,1
7.10001024,4,1
7.20001024,0,1
7.20001024,1,1
7.20001024,2,1
7.20001024,3,1
7.20001024,4,1
7.30001024,0,1
7.30001024,1,1
7.30001024,2,1
7.30001024,3,1
7.30001024,4,1
7.40001024,0,1
7.40001024,1,1
7.40001024,2,1
7.40001024,3,1
7.40001024,4,1
7.50001024,0,1
7.50001024,1,1
7.50001024,2,1
7.50001024,3,1
7.50001024,4,1
7.60001024,0,1
7.60001024,1,1
7.60001024,2,1
7.60001024,3,1
7.60001024,4,1
7.70001024,0,1
7.70001024,1,1
7.70001024,2,1
7.70001024,3,1
7.70001024,4,1
7.80001024,0,1
7.80001024,1,1
7.80001024,2,1
7.80001024,3,1
7.80001024,4,1
7.90001024,0,1
7.90001024,1,1
7.90001024,2,1
7.90001024,3,1
7.90001024,4,1
8.00001024,0,1
8.00001024,1,1
8.00001024,2,1
8.00001024,3,1
8.00001024,4,1
8.10001024,0,1
8.10001024,1,1
8.10001024,2,1
8.10001024,3,1
8.10001024,4,1
8.20001024,0,1
8.20001024,1,1
8.20001024,2,1
8.20001024,3,1
8.20001024,4,1
8.30001024,0,1
8.30001024,1,1
8.30001024,2,1
8.30001024,3,1
8.30001024,4,1
8.40001024,0,1
8.40001024,1,1
8.40001024,2,1
8.40001024,3,1
8.40001024,4,1
8.50001024,0,1
8.50001024,1,1
8.50001024,2,1
8.50001024,3,1
8.50001024,4,1
8.60001024,0,1
8.60001024,1,1
8.60001024,2,1
8.60001024,3,1
8.60001024,4,1
8.70001024,0,1
8.70001024,1,1
8.70001024,2,1
8.70001024,3,1
8.70001024,4,1
8.80001024,0,1
8.80001024,1,1
8.80001024,2,1
8.80001024,3,1
8.80001024,4,1
8.90001024,0,1
8.90001024,1,1
8.90001024,2,1
8.90001024,3,1
8.90001024,4,1
9.00001024,0,1
9.00001024,1,1
9.00001024,2,1
9.00001024,3,1
9.00001024,4,1
9.10001024,0,1
9.10001024,1,1
9.10001024,2,1
9.10001024,3,1
9.10001024,4,1
9.20001024,0,1
9.20001024,1,1
9.20001024,2,1
9.20001024,3,1
9.20001024,4,1
9.30001024,0,1
9.30001024,1,1
9.30001024,2,1
9.30001024,3,1
9.30001024,4,1
9.40001024,0,1
9.40001024,1,1
9.40001024,2,1
9.40001024,3,1
9.40001024,4,1
9.50001024,0,1
9.50001024,1,1
9.50001024,2,1
9.50001024,3,1
9.50001024,4,1
9.60001024,0,1
9.60001024,1,1
9.60001024,2,1
9.60001024,3,1
9.60001024,4,1
9.70001024,0,1
9.70001024,1,1
9.70001024,2,1
9.70001024,3,1
9.70001024,4,1
9.80001024,0,1
9.80001024,1,1
9.80001024,2,1
9.80001024,3,1
9.80001024,4,1
9.90001024,0,1
9.90001024,1,1
9.90001024,2,1
9.90001024,3,1
9.90001024,4,1
10.00001024,0,1
10.00001024,1,1
10.00001024,2,1
10.00001024,3,1
10.00001024,4,1
10.10001024,0,1
10.10001024,1,1
10.10001024,2,1
10.10001024,3,1
10.10001024,4,1
10.20001024,0,1
10.20001024,1,1
10.20001024,2,1
10.20001024,3,1
10.20001024,4,1
10.30001024,0,1
10.30001024,1,1
10.30001024,2,1
10.30001024,3,1
10.30001024,4,1
10.40001024,0,1
10.40001024,1,1
10.40001024,2,1
10.40001024,3,1
10.40001024,4,1
10.50001024,0,1
10.50001024,1,1
10.50001024,2,1
10.50001024,3,1
10.50001024,4,1
10.60001024,0,1
10.60001024,1,1
10.60001024,2,1
10.60001024,3,1
10.60001024,4,1
10.70001024,0,1
10.70001024,1,1
10.70001024,2,1
10.70001024,3,1
10.70001024,4,1
10.80001024,0,1
10.80001024,1,1
10.80001024,2,1
10.80001024,3,1
10.80001024,4,1
10.90001024,0,1
10.90001024,1,1
10.90001024,2,1
10.90001024,3,1
10.90001024,4,1
11.00001024,0,1
11.00001024,1,1
11.00001024,2,1
11.00001024,3,1
11.00001024,4,1
11.10001024,0,1
11.10001024,1,1
11.10001024,2,1
11.10001024,3,1
11.10001024,4,1
11.20001024,0,1
11.20001024,1,1
11.20001024,2,1
11.20001024,3,1
11.20001024,4,1
11.30001024,0,1
11.30001024,1,1
11.30001024,2,1
11.30001024,3,1
11.30001024,4,1
11.40001024,0,1
11.40001024,1,1
11.40001024,2,1
11.40001024,3,1
11.40001024,4,1
11.50001024,0,1
11.50001024,1,1
11.50001024,2,1
11.50001024,3,1
11.50001024,4,1
11.60001024,0,1
11.60001024,1,1
11.60001024,2,1
11.60001024,3,1
11.60001024,4,1
11.70001024,0,1
11.70001024,1,1
11.70001024,2,1
11.70001024,3,1
11.70001024,4,1
11.80001024,0,1
11.80001024,1,1
11.80001024,2,1
11.80001024,3,1
11.80001024,4,1
11.90001024,0,1
11.90001024,1,1
11.90001024,2,1
11.90001024,3,1
11.90001024,4,1
12.00001024,0,1
12.00001024,1,1
12.00001024,2,1
12.00001024,3,1
12.00001024,4,1
12.10001024,0,1
12.10001024,1,1
12.10001024,2,1
12.10001024,3,1
12.10001024,4,1
12.20001024,0,1
12.20001024,1,1
12.20001024,2,1
12.20001024,3,1
12.20001024,4,1
12.30001024,0,1
12.30001024,1,1
12.30001024,2,1
12.30001024,3,1
12.30001024,4,1
12.40001024,0,1
12.40001024,1,1
12.40001024,2,1
12.40001024,3,1
12.40001024,4,1
12.50001024,0,1
12.50001024,1,1
12.50001024,2,1
12.50001024,3,1
12.50001024,4,1
12.60001024,0,1
12.60001024,1,1
12.60001024,2,1
12.60001024,3,1
12.60001024,4,1
12.70001024,0,1
12.70001024,1,1
12.70001024,2,1
12.70001024,3,1
12.70001024,4,1
12.80001024,0,1
12.80001024,1,1
12.80001024,2,1
12.80001024,3,1
12.80001024,4,1
12.90001024,0,1
12.90001024,1,1
12.90001024,2,1
12.90001024,3,1
12.90001024,4,1
13.00001024,0,1
13.00001024,1,1
13.00001024,2,1
13.00001024,3,1
13.00001024,4,1
13.10001024,0,1
13.10001024,1,1
13.10001024,2,1
13.10001024,3,1
13.10001024,4,1
13.20001024,0,1
13.20001024,1,1
13.20001024,2,1
13.20001024,3,1
13.20001024,4,1
13.30001024,0,1
13.30001024,1,1
13.30001024,2,1
13.30001024,3,1
13.30001024,4,1
13.40001024,0,1
13.40001024,1,1
13.40001024,2,1
13.40001024,3,1
13.40001024,4,1
13.50001024,0,1
13.50001024,1,1
13.50001024,2,1
13.50001024,3,1
13.50001024,4,1
13.60001024,0,1
13.60001024,1,1
13.60001024,2,1
13.60001024,3,1
13.60001024,4,1
13.70001024,0,1
13.70001024,1,1
13.70001024,2,1
13.70001024,3,1
13.70001024,4,1
13.80001024,0,1
13.80001024,1,1
13.80001024,2,1
13.80001024,3,1
13.80001024,4,1
13.90001024,0,1
13.90001024,1,1
13.90001024,2,1
13.90001024,3,1
13.90001024,4,1
14.00001024,0,1
14.00001024,1,1
14.00001024,2,1
14.00001024,3,1
14.00001024,4,1
14.10001024,0,1
14.10001024,1,1
14.10001024,2,1
14.10001024,3,1
14.10001024,4,1
14.20001024,0,1
14.20001024,1,1
14.20001024,2,1
14.20001024,3,1
14.20001024,4,1
14.30001024,0,1
14.30001024,1,1
14.30001024,2,1
14.30001024,3,1
14.30001024,4,1
14.40001024,0,1
14.40001024,1,1
14.40001024,2,1
14.40001024,3,1
14.40001024,4,1
14.50001024,0,1
14.50001024,1,1
14.50001024,2,1
14.50001024,3,1
14.50001024,4,1
14.60001024,0,1
14.60001024,1,1
14.60001024,2,1
14.60001024,3,1
14.60001024,4,1
14.70001024,0,1
14.70001024,1,1
14.70001024,2,1
14.70001024,3,1
14.70001024,4,1
14.80001024,0,1
14.80001024,1,1
14.80001024,2,1
14.80001024,3,1
14.80001024,4,1
14.90001024,0,1
14.90001024,1,1
14.90001024,2,1
14.90001024,3,1
14.90001024,4,1
15.00001024,0,1
15.00001024,1,1
15.00001024,2,1
15.00001024,3,1
15.00001024,4,1
15.10001024,0,1
15.10001024,1,1
15.10001024,2,1
15.10001024,3,1
15.10001024,4,1
15.20001024,0,1
15.20001024,1,1
15.20001024,2,1
15.20001024,3,1
15.20001024,4,1
15.30001024,0,1
15.30001024,1,1
15.30001024,2,1
15.30001024,3,1
15.30001024,4,1
15.40001024,0,1
15.40001024,1,1
15.40001024,2,1
15.40001024,3,1
15.40001024,4,1
15.50001024,0,1
15.50001024,1,1
15.50001024,2,1
15.50001024,3,1
15.50001024,4,1
15.60001024,0,1
15.60001024,1,1
15.60001024,2,1
15.60001024,3,1
15.60001024,4,1
15.70001024,0,1
15.70001024,1,1
15.70001024,2,1
15.70001024,3,1
15.70001024,4,1
15.80001024,0,1
15.80001024,1,1
15.80001024,2,1
15.80001024,3,1
15.80001024,4,1
15.90001024,0,1
15.90001024,1,1
15.90001024,2,1
15.90001024,3,1
15.90001024,4,1
16.00001024,0,1
16.00001024,1,1
16.00001024,2,1
16.00001024,3,1
16.00001024,4,1
16.10001024,0,1
16.10001024,1,1
16.10001024,2,1
16.10001024,3,1
16.10001024,4,1
16.20001024,0,1
16.20001024,1,1
16.20001024,2,1
16.20001024,3,1
16.20001024,4,1
16.30001024,0,1
16.30001024,1,1
16.30001024,2,1
16.30001024,3,1
16.30001024,4,1
16.40001024,0,1
16.40001024,1,1
16.40001024,2,1
16.40001024,3,1
16.40001024,4,1
16.50001024,0,1
16.50001024,1,1
16.50001024,2,1
16.50001024,3,1
16.50001024,4,1
16.60001024,0,1
16.60001024,1,1
16.60001024,2,1
16.60001024,3,1
16.60001024,4,1
16.70001024,0,1
16.70001024,1,1
16.70001024,2,1
16.70001024,3,1
16.70001024,4,1
16.80001024,0,1
16.80001024,1,1
16.80001024,2,1
16.80001024,3,1
16.80001024,4,1
16.90001024,0,1
16.90001024,1,1
16.90001024,2,1
16.90001024,3,1
16.90001024,4,1
17.00001024,0,1
17.00001024,1,1
17.00001024,2,1
17.00001024,3,1
17.00001024,4,1
17.10001024,0,1
17.10001024,1,1
17.10001024,2,1
17.10001024,3,1
17.10001024,4,1
17.20001024,0,1
17.20001024,1,1
17.20001024,2,1
17.20001024,3,1
17.20001024,4,1
17.30001024,0,1
17.30001024,1,1
17.30001024,2,1
17.30001024,3,1
17.30001024,4,1
17.40001024,0,1
17.40001024,1,1
17.40001024,2,1
17.40001024,3,1
17.40001024,4,1
17.50001024,0,1
17.50001024,1,1
17.50001024,2,1
17.50001024,3,1
17.50001024,4,1
17.60001024,0,1
17.60001024,1,1
17.60001024,2,1
17.60001024,3,1
17.60001024,4,1
17.70001024,0,1
17.70001024,1,1
17.70001024,2,1
17.70001024,3,1
17.70001024,4,1
17.80001024,0,1
17.80001024,1,1
17.80001024,2,1
17.80001024,3,1
17.80001024,4,1
17.90001024,0,1
17.90001024,1,1
17.90001024,2,1
17.90001024,3,1
17.90001024,4,1
18.00001024,0,1
18.00001024,1,1
18.00001024,2,1
18.00001024,3,1
18.00001024,4,1
18.10001024,0,1
18.10001024,1,1
18.10001024,2,1
18.10001024,3,1
18.10001024,4,1
18.20001024,0,1
18.20001024,1,1
18.20001024,2,1
18.20001024,3,1
18.20001024,4,1
18.30001024,0,1
18.30001024,1,1
18.30001024,2,1
18.30001024,3,1
18.30001024,4,1
18.40001024,0,1
18.40001024,1,1
18.40001024,2,1
18.40001024,3,1
18.40001024,4,1
18.50001024,0,1
18.50001024,1,1
18.50001024,2,1
18.50001024,3,1
18.50001024,4,1
18.60001024,0,1
18.60001024,1,1
18.60001024,2,1
18.60001024,3,1
18.60001024,4,1
18.70001024,0,1
18.70001024,1,1
18.70001024,2,1
18.70001024,3,1
18.70001024,4,1
18.80001024,0,1
18.80001024,1,1
18.80001024,2,1
18.80001024,3,1
18.80001024,4,1
18.90001024,0,1
18.90001024,1,1
18.90001024,2,1
18.90001024,3,1
18.90001024,4,1
19.00001024,0,1
19.00001024,1,1
19.00001024,2,1
19.00001024,3,1
19.00001024,4,1
19.10001024,0,1
19.10001024,1,1
19.10001024,2,1
19.10001024,3,1
19.10001024,4,1
19.20001024,0,1
19.20001024,1,1
19.20001024,2,1
19.20001024,3,1
19.20001024,4,1
19.30001024,0,1
19.30001024,1,1
19.30001024,2,1
19.30001024,3,1
19.30001024,4,1
19.40001024,0,1
19.40001024,1,1
19.40001024,2,1
19.40001024,3,1
19.40001024,4,1
19.50001024,0,1
19.50001024,1,1
19.50001024,2,1
19.50001024,3,1
19.50001024,4,1
19.60001024,0,1
19.60001024,1,1
19.60001024,2,1
19.60001024,3,1
19.60001024,4,1
19.70001024,0,1
19.70001024,1,1
19.70001024,2,1
19.70001024,3,1
19.70001024,4,1
19.80001024,0,1
19.80001024,1,1
19.80001024,2,1
19.80001024,3,1
19.80001024,4,1
19.90001024,0,1
19.90001024,1,1
19.90001024,2,1
19.90001024,3,1
19.90001024,4,1
20.00001024,0,1
20.00001024,1,1
20.00001024,2,1
20.00001024,3,1
20.00001024,4,1
20.10001024,0,1
20.10001024,1,1
20.10001024,2,1
20.10001024,3,1
20.10001024,4,1
20.20001024,0,1
20.20001024,1,1
20.20001024,2,1
20.20001024,3,1
20.20001024,4,1
20.30001024,0,1
20.30001024,1,1
20.30001024,2,1
20.30001024,3,1
20.30001024,4,1
20.40001024,0,1
20.40001024,1,1
20.40001024,2,1
20.40001024,3,1
20.40001024,4,1
20.50001024,0,1
20.50001024,1,1
20.50001024,2,1
20.50001024,3,1
20.50001024,4,1
20.60001024,0,1
20.60001024,1,1
20.60001024,2,1
20.60001024,3,1
20.60001024,4,1
20.70001024,0,1
20.70001024,1,1
20.70001024,2,1
20.70001024,3,1
20.70001024,4,1
20.80001024,0,1
20.80001024,1,1
20.80001024,2,1
20.80001024,3,1
20.80001024,4,1
20.90001024,0,1
20.90001024,1,1
20.90001024,2,1
20.90001024,3,1
20.90001024,4,1
21.00001024,0,1
21.00001024,1,1
21.00001024,2,1
21.00001024,3,1
21.00001024,4,1
21.10001024,0,1
21.10001024,1,1
21.10001024,2,1
21.10001024,3,1
21.10001024,4,1
21.20001024,0,1
21.20001024,1,1
21.20001024,2,1
21.20001024,3,1
21.20001024,4,1
21.30001024,0,1
21.30001024,1,1
21.30001024,2,1
21.30001024,3,1
21.30001024,4,1
21.40001024,0,1
21.40001024,1,1
21.40001024,2,1
21.40001024,3,1
21.40001024,4,1
21.50001024,0,1
21.50001024,1,1
21.50001024,2,1
21.50001024,3,1
21.50001024,4,1
21.60001024,0,1
21.60001024,1,1
21.60001024,2,1
21.60001024,3,1
21.60001024,4,1
21.70001024,0,1
21.70001024,1,1
21.70001024,2,1
21.70001024,3,1
21.70001024,4,1
21.80001024,0,1
21.80001024,1,1
21.80001024,2,1
21.80001024,3,1
21.80001024,4,1
21.90001024,0,1
21.90001024,1,1
21.90001024,2,1
21.90001024,3,1
21.90001024,4,1
22.00001024,0,1
22.00001024,1,1
22.00001024,2,1
22.00001024,3,1
22.00001024,4,1
22.10001024,0,1
22.10001024,1,1
22.10001024,2,1
22.10001024,3,1
22.10001024,4,1
22.20001024,0,1
22.20001024,1,1
22.20001024,2,1
22.20001024,3,1
22.20001024,4,1
22.30001024,0,1
22.30001024,1,1
22.30001024,2,1
22.30001024,3,1
22.30001024,4,1
22.40001024,0,1
22.40001024,1,1
22.40001024,2,1
22.40001024,3,1
22.40001024,4,1
22.50001024,0,1
22.50001024,1,1
22.50001024,2,1
22.50001024,3,1
22.50001024,4,1
22.60001024,0,1
22.60001024,1,1
22.60001024,2,1
22.60001024,3,1
22.60001024,4,1
22.70001024,0,1
22.70001024,1,1
22.70001024,2,1
22.70001024,3,1
22.70001024,4,1
22.80001024,0,1
22.80001024,1,1
22.80001024,2,1
22.80001024,3,1
22.80001024,4,1
22.90001024,0,1
22.90001024,1,1
22.90001024,2,1
22.90001024,3,1
22.90001024,4,1
23.00001024,0,1
23.00001024,1,1
23.00001024,2,1
23.00001024,3,1
23.00001024,4,1
23.10001024,0,1
23.10001024,1,1
23.10001024,2,1
23.10001024,3,1
23.10001024,4,1
23.20001024,0,1
23.20001024,1,1
23.20001024,2,1
23.20001024,3,1
23.20001024,4,1
23.30001024,0,1
23.30001024,1,1
23.30001024,2,1
23.30001024,3,1
23.30001024,4,1
23.40001024,0,1
23.40001024,1,1
23.40001024,2,1
23.40001024,3,1
23.40001024,4,1
23.50001024,0,1
23.50001024,1,1
23.50001024,2,1
23.50001024,3,1
23.50001024,4,1
23.60001024,0,1
23.60001024,1,1
23.60001024,2,1
23.60001024,3,1
23.60001024,4,1
23.70001024,0,1
23.70001024,1,1
23.70001024,2,1
23.70001024,3,1
23.70001024,4,1
23.80001024,0,1
23.80001024,1,1
23.80001024,2,1
23.80001024,3,1
23.80001024,4,1
23.90001024,0,1
23.90001024,1,1
23.90001024,2,1
23.90001024,3,1
23.90001024,4,1
24.00001024,0,1
24.00001024,1,1
24.00001024,2,1
24.00001024,3,1
24.00001024,4,1
24.10001024,0,1
24.10001024,1,1
24.10001024,2,1
24.10001024,3,1
24.10001024,4,1
24.20001024,0,1
24.20001024,1,1
24.20001024,2,1
24.20001024,3,1
24.20001024,4,1
24.30001024,0,1
24.30001024,1,1
24.30001024,2,1
24.30001024,3,1
24.30001024,4,1
24.40001024,0,1
24.40001024,1,1
24.40001024,2,1
24.40001024,3,1
24.40001024,4,1
24.50001024,0,1
24.50001024,1,1
24.50001024,2,1
24.50001024,3,1
24.50001024,4,1
24.60001024,0,1
24.60001024,1,1
24.60001024,2,1
24.60001024,3,1
24.60001024,4,1
24.70001024,0,1
24.70001024,1,1
24.70001024,2,1
24.70001024,3,1
24.70001024,4,1
24.80001024,0,1
24.80001024,1,1
24.80001024,2,1
24.80001024,3,1
24.80001024,4,1
24.90001024,0,1
24.90001024,1,1
24.90001024,2,1
24.90001024,3,1
24.90001024,4,1
25.00001024,0,1
25.00001024,1,1
25.00001024,2,1
25.00001024,3,1
25.00001024,4,1
25.10001024,0,1
25.10001024,1,1
25.10001024,2,1
25.10001024,3,1
25.10001024,4,1
25.20001024,0,1
25.20001024,1,1
25.20001024,2,1
25.20001024,3,1
25.20001024,4,1
25.30001024,0,1
25.30001024,1,1
25.30001024,2,1
25.30001024,3,1
25.30001024,4,1
25.40001024,0,1
25.40001024,1,1
25.40001024,2,1
25.40001024,3,1
25.40001024,4,1
25.50001024,0,1
25.50001024,1,1
25.50001024,2,1
25.50001024,3,1
25.50001024,4,1
25.60001024,0,1
25.60001024,1,1
25.60001024,2,1
25.60001024,3,1
25.60001024,4,1
25.70001024,0,1
25.70001024,1,1
25.70001024,2,1
25.70001024,3,1
25.70001024,4,1
25.80001024,0,1
25.80001024,1,1
25.80001024,2,1
25.80001024,3,1
25.80001024,4,1
25.90001024,0,1
25.90001024,1,1
25.90001024,2,1
25.90001024,3,1
25.90001024,4,1
26.00001024,0,1
26.00001024,1,1
26.00001024,2,1
26.00001024,3,1
26.00001024,4,1
26.10001024,0,1
26.10001024,1,1
26.10001024,2,1
26.10001024,3,1
26.10001024,4,1
26.20001024,0,1
26.20001024,1,1
26.20001024,2,1
26.20001024,3,1
26.20001024,4,1
26.30001024,0,1
26.30001024,1,1
26.30001024,2,1
26.30001024,3,1
26.30001024,4,1
26.40001024,0,1
26.40001024,1,1
26.40001024,2,1
26.40001024,3,1
26.40001024,4,1
26.50001024,0,1
26.50001024,1,1
26.50001024,2,1
26.50001024,3,1
26.50001024,4,1
26.60001024,0,1
26.60001024,1,1
26.60001024,2,1
26.60001024,3,1
26.60001024,4,1
26.70001024,0,1
26.70001024,1,1
26.70001024,2,1
26.70001024,3,1
26.70001024,4,1
26.80001024,0,1
26.80001024,1,1
26.80001024,2,1
26.80001024,3,1
26.80001024,4,1
26.90001024,0,1
26.90001024,1,1
26.90001024,2,1
26.90001024,3,1
26.90001024,4,1
27.00001024,0,1
27.00001024,1,1
27.00001024,2,1
27.00001024,3,1
27.00001024,4,1
27.10001024,0,1
27.10001024,1,1
27.10001024,2,1
27.10001024,3,1
27.10001024,4,1
27.20001024,0,1
27.20001024,1,1
27.20001024,2,1
27.20001024,3,1
27.20001024,4,1
27.30001024,0,1
27.30001024,1,1
27.30001024,2,1
27.30001024,3,1
27.30001024,4,1
27.40001024,0,1
27.40001024,1,1
27.40001024,2,1
27.40001024,3,1
27.40001024,4,1
27.50001024,0,1
27.50001024,1,1
27.50001024,2,1
27.50001024,3,1
27.50001024,4,1
27.60001024,0,1
27.60001024,1,1
27.60001024,2,1
27.60001024,3,1
27.60001024,4,1
27.70001024,0,1
27.70001024,1,1
27.70001024,2,1
27.70001024,3,1
27.70001024,4,1
27.80001024,0,1
27.80001024,1,1
27.80001024,2,1
27.80001024,3,1
27.80001024,4,1
27.90001024,0,1
27.90001024,1,1
27.90001024,2,1
27.90001024,3,1
27.90001024,4,1
28.00001024,0,1
28.00001024,1,1
28.00001024,2,1
28.00001024,3,1
28.00001024,4,1
28.10001024,0,1
28.10001024,1,1
28.10001024,2,1
28.10001024,3,1
28.10001024,4,1
28.20001024,0,1
28.20001024,1,1
28.20001024,2,1
28.20001024,3,1
28.20001024,4,1
28.30001024,0,1
28.30001024,1,1
28.30001024,2,1
28.30001024,3,1
28.30001024,4,1
28.40001024,0,1
28.40001024,1,1
28.40001024,2,1
28.40001024,3,1
28.40001024,4,1
28.50001024,0,1
28.50001024,1,1
28.50001024,2,1
28.50001024,3,1
28.50001024,4,1
28.60001024,0,1
28.60001024,1,1
28.60001024,2,1
28.60001024,3,1
28.60001024,4,1
28.70001024,0,1
28.70001024,1,1
28.70001024,2,1
28.70001024,3,1
28.70001024,4,1
28.80001024,0,1
28.80001024,1,1
28.80001024,2,1
28.80001024,3,1
28.80001024,4,1
28.90001024,0,1
28.90001024,1,1
28.90001024,2,1
28.90001024,3,1
28.90001024,4,1
29.00001024,0,1
29.00001024,1,1
29.00001024,2,1
29.00001024,3,1
29.00001024,4,1
29.10001024,0,1
29.10001024,1,1
29.10001024,2,1
29.10001024,3,1
29.10001024,4,1
29.20001024,0,1
29.20001024,1,1
29.20001024,2,1
29.20001024,3,1
29.20001024,4,1
29.30001024,0,1
29.30001024,1,1
29.30001024,2,1
29.30001024,3,1
29.30001024,4,1
29.40001024,0,1
29.40001024,1,1
29.40001024,2,1
29.40001024,3,1
29.40001024,4,1
29.50001024,0,1
29.50001024,1,1
29.50001024,2,1
29.50001024,3,1
29.50001024,4,1
29.60001024,0,1
29.60001024,1,1
29.60001024,2,1
29.60001024,3,1
29.60001024,4,1
29.70001024,0,1
29.70001024,1,1
29.70001024,2,1
29.70001024,3,1
29.70001024,4,1
29.80001024,0,1
29.80001024,1,1
29.80001024,2,1
29.80001024,3,1
29.80001024,4,1
29.90001024,0,1
29.90001024,1,1
29.90001024,2,1
29.90001024,3,1
29.90001024,4,1
30.00001024,0,1
30.00001024,1,1
30.00001024,2,1
30.00001024,3,1
30.00001024,4,1
30.10001024,0,1
30.10001024,1,1
30.10001024,2,1
30.10001024,3,1
30.10001024,4,1
30.20001024,0,1
30.20001024,1,1
30.20001024,2,1
30.20001024,3,1
30.20001024,4,1
30.30001024,0,1
30.30001024,1,1
30.30001024,2,1
30.30001024,3,1
30.30001024,4,1
30.40001024,0,1
30.40001024,1,1
30.40001024,2,1
30.40001024,3,1
30.40001024,4,1
30.50001024,0,1
30.50001024,1,1
30.50001024,2,1
30.50001024,3,1
30.50001024,4,1
30.60001024,0,1
30.60001024,1,1
30.60001024,2,1
30.60001024,3,1
30.60001024,4,1
30.70001024,0,1
30.70001024,1,1
30.70001024,2,1
30.70001024,3,1
30.70001024,4,1
30.80001024,0,1
30.80001024,1,1
30.80001024,2,1
30.80001024,3,1
30.80001024,4,1
30.90001024,0,1
30.90001024,1,1
30.90001024,2,1
30.90001024,3,1
30.90001024,4,1
31.00001024,0,1
31.00001024,1,1
31.00001024,2,1
31.00001024,3,1
31.00001024,4,1
31.10001024,0,1
31.10001024,1,1
31.10001024,2,1
31.10001024,3,1
31.10001024,4,1
31.20001024,0,1
31.20001024,1,1
31.20001024,2,1
31.20001024,3,1
31.20001024,4,1
31.30001024,0,1
31.30001024,1,1
31.30001024,2,1
31.30001024,3,1
31.30001024,4,1
31.40001024,0,1
31.40001024,1,1
31.40001024,2,1
31.40001024,3,1
31.40001024,4,1
31.50001024,0,1
31.50001024,1,1
31.50001024,2,1
31.50001024,3,1
31.50001024,4,1
31.60001024,0,1
31.60001024,1,1
31.60001024,2,1
31.60001024,3,1
31.60001024,4,1
31.70001024,0,1
31.70001024,1,1
31.70001024,2,1
31.70001024,3,1
31.70001024,4,1
31.80001024,0,1
31.80001024,1,1
31.80001024,2,1
31.80001024,3,1
31.80001024,4,1
31.90001024,0,1
31.90001024,1,1
31.90001024,2,1
31.90001024,3,1
31.90001024,4,1
32.00001024,0,1
32.00001024,1,1
32.00001024,2,1
32.00001024,3,1
32.00001024,4,1
32.10001024,0,1
32.10001024,1,1
32.10001024,2,1
32.10001024,3,1
32.10001024,4,1
32.20001024,0,1
32.20001024,1,1
32.20001024,2,1
32.20001024,3,1
32.20001024,4,1
32.30001024,0,1
32.30001024,1,1
32.30001024,2,1
32.30001024,3,1
32.30001024,4,1
32.40001024,0,1
32.40001024,1,1
32.40001024,2,1
32.40001024,3,1
32.40001024,4,1
32.50001024,0,1
32.50001024,1,1
32.50001024,2,1
32.50001024,3,1
32.50001024,4,1
32.60001024,0,1
32.60001024,1,1
32.60001024,2,1
32.60001024,3,1
32.60001024,4,1
32.70001024,0,1
32.70001024,1,1
32.70001024,2,1
32.70001024,3,1
32.70001024,4,1
32.80001024,0,1
32.80001024,1,1
32.80001024,2,1
32.80001024,3,1
32.80001024,4,1
32.90001024,0,1
32.90001024,1,1
32.90001024,2,1
32.90001024,3,1
32.90001024,4,1
33.00001024,0,1
33.00001024,1,1
33.00001024,2,1
33.00001024,3,1
33.00001024,4,1
33.10001024,0,1
33.10001024,1,1
33.10001024,2,1
33.10001024,3,1
33.10001024,4,1
33.20001024,0,1
33.20001024,1,1
33.20001024,2,1
33.20001024,3,1
33.20001024,4,1
33.30001024,0,1
33.30001024,1,1
33.30001024,2,1
33.30001024,3,1
33.30001024,4,1
33.40001024,0,1
33.40001024,1,1
33.40001024,2,1
33.40001024,3,1
33.40001024,4,1
33.50001024,0,1
33.50001024,1,1
33.50001024,2,1
33.50001024,3,1
33.50001024,4,1
33.60001024,0,1
33.60001024,1,1
33.60001024,2,1
33.60001024,3,1
33.60001024,4,1
33.70001024,0,1
33.70001024,1,1
33.70001024,2,1
33.70001024,3,1
33.70001024,4,1
33.80001024,0,1
33.80001024,1,1
33.80001024,2,1
33.80001024,3,1
33.80001024,4,1
33.90001024,0,1
33.90001024,1,1
33.90001024,2,1
33.90001024,3,1
33.90001024,4,1
34.00001024,0,1
34.00001024,1,1
34.00001024,2,1
34.00001024,3,1
34.00001024,4,1
34.10001024,0,1
34.10001024,1,1
34.10001024,2,1
34.10001024,3,1
34.10001024,4,1
34.20001024,0,1
34.20001024,1,1
34.20001024,2,1
34.20001024,3,1
34.20001024,4,1
34.30001024,0,1
34.30001024,1,1
34.30001024,2,1
34.30001024,3,1
34.30001024,4,1
34.40001024,0,1
34.40001024,1,1
34.40001024,2,1
34.40001024,3,1
34.40001024,4,1
34.50001024,0,1
34.50001024,1,1
34.50001024,2,1
34.50001024,3,1
34.50001024,4,1
34.60001024,0,1
34.60001024,1,1
34.60001024,2,1
34.60001024,3,1
34.60001024,4,1
34.70001024,0,1
34.70001024,1,1
34.70001024,2,1
34.70001024,3,1
34.70001024,4,1
34.80001024,0,1
34.80001024,1,1
34.80001024,2,1
34.80001024,3,1
34.80001024,4,1
34.90001024,0,1
34.90001024,1,1
34.90001024,2,1
34.90001024,3,1
34.90001024,4,1
35.00001024,0,1
35.00001024,1,1
35.00001024,2,1
35.00001024,3,1
35.00001024,4,1
35.10001024,0,1
35.10001024,1,1
35.10001024,2,1
35.10001024,3,1
35.10001024,4,1
35.20001024,0,1
35.20001024,1,1
35.20001024,2,1
35.20001024,3,1
35.20001024,4,1
35.30001024,0,1
35.30001024,1,1
35.30001024,2,1
35.30001024,3,1
35.30001024,4,1
35.40001024,0,1
35.40001024,1,1
35.40001024,2,1
35.40001024,3,1
35.40001024,4,1
35.50001024,0,1
35.50001024,1,1
35.50001024,2,1
35.50001024,3,1
35.50001024,4,1
35.60001024,0,1
35.60001024,1,1
35.60001024,2,1
35.60001024,3,1
35.60001024,4,1
35.70001024,0,1
35.70001024,1,1
35.70001024,2,1
35.70001024,3,1
35.70001024,4,1
35.80001024,0,1
35.80001024,1,1
35.80001024,2,1
35.80001024,3,1
35.80001024,4,1
35.90001024,0,1
35.90001024,1,1
35.90001024,2,1
35.90001024,3,1
35.90001024,4,1
36.00001024,0,1
36.00001024,1,1
36.00001024,2,1
36.00001024,3,1
36.00001024,4,1
36.10001024,0,1
36.10001024,1,1
36.10001024,2,1
36.10001024,3,1
36.10001024,4,1
36.20001024,0,1
36.20001024,1,1
36.20001024,2,1
36.20001024,3,1
36.20001024,4,1
36.30001024,0,1
36.30001024,1,1
36.30001024,2,1
36.30001024,3,1
36.30001024,4,1
36.40001024,0,1
36.40001024,1,1
36.40001024,2,1
36.40001024,3,1
36.40001024,4,1
36.50001024,0,1
36.50001024,1,1
36.50001024,2,1
36.50001024,3,1
36.50001024,4,1
36.60001024,0,1
36.60001024,1,1
36.60001024,2,1
36.60001024,3,1
36.60001024,4,1
36.70001024,0,1
36.70001024,1,1
36.70001024,2,1
36.70001024,3,1
36.70001024,4,1
36.80001024,0,1
36.80001024,1,1
36.80001024,2,1
36.80001024,3,1
36.80001024,4,1
36.90001024,0,1
36.90001024,1,1
36.90001024,2,1
36.90001024,3,1
36.90001024,4,1
37.00001024,0,1
37.00001024,1,1
37.00001024,2,1
37.00001024,3,1
37.00001024,4,1
37.10001024,0,1
37.10001024,1,1
37.10001024,2,1
37.10001024,3,1
37.10001024,4,1
37.20001024,0,1
37.20001024,1,1
37.20001024,2,1
37.20001024,3,1
37.20001024,4,1
37.30001024,0,1
37.30001024,1,1
37.30001024,2,1
37.30001024,3,1
37.30001024,4,1
37.40001024,0,1
37.40001024,1,1
37.40001024,2,1
37.40001024,3,1
37.40001024,4,1
37.50001024,0,1
37.50001024,1,1
37.50001024,2,1
37.50001024,3,1
37.50001024,4,1
37.60001024,0,1
37.60001024,1,1
37.60001024,2,1
37.60001024,3,1
37.60001024,4,1
37.70001024,0,1
37.70001024,1,1
37.70001024,2,1
37.70001024,3,1
37.70001024,4,1
37.80001024,0,1
37.80001024,1,1
37.80001024,2,1
37.80001024,3,1
37.80001024,4,1
37.90001024,0,1
37.90001024,1,1
37.90001024,2,1
37.90001024,3,1
37.90001024,4,1
38.00001024,0,1
38.00001024,1,1
38.00001024,2,1
38.00001024,3,1
38.00001024,4,1
38.10001024,0,1
38.10001024,1,1
38.10001024,2,1
38.10001024,3,1
38.10001024,4,1
38.20001024,0,1
38.20001024,1,1
38.20001024,2,1
38.20001024,3,1
38.20001024,4,1
38.30001024,0,1
38.30001024,1,1
38.30001024,2,1
38.30001024,3,1
38.30001024,4,1
38.40001024,0,1
38.40001024,1,1
38.40001024,2,1
38.40001024,3,1
38.40001024,4,1
38.50001024,0,1
38.50001024,1,1
38.50001024,2,1
38.50001024,3,1
38.50001024,4,1
38.60001024,0,1
38.60001024,1,1
38.60001024,2,1
38.60001024,3,1
38.60001024,4,1
38.70001024,0,1
38.70001024,1,1
38.70001024,2,1
38.70001024,3,1
38.70001024,4,1
38.80001024,0,1
38.80001024,1,1
38.80001024,2,1
38.80001024,3,1
38.80001024,4,1
38.90001024,0,1
38.90001024,1,1
38.90001024,2,1
38.90001024,3,1
38.90001024,4,1
39.00001024,0,1
39.00001024,1,1
39.00001024,2,1
39.00001024,3,1
39.00001024,4,1
39.10001024,0,1
39.10001024,1,1
39.10001024,2,1
39.10001024,3,1
39.10001024,4,1
39.20001024,0,1
39.20001024,1,1
39.20001024,2,1
39.20001024,3,1
39.20001024,4,1
39.30001024,0,1
39.30001024,1,1
39.30001024,2,1
39.30001024,3,1
39.30001024,4,1
39.40001024,0,1
39.40001024,1,1
39.40001024,2,1
39.40001024,3,1
39.40001024,4,1
39.50001024,0,1
39.50001024,1,1
39.50001024,2,1
39.50001024,3,1
39.50001024,4,1
39.60001024,0,1
39.60001024,1,1
39.60001024,2,1
39.60001024,3,1
39.60001024,4,1
39.70001024,0,1
39.70001024,1,1
39.70001024,2,1
39.70001024,3,1
39.70001024,4,1
39.80001024,0,1
39.80001024,1,1
39.80001024,2,1
39.80001024,3,1
39.80001024,4,1
39.90001024,0,1
39.90001024,1,1
39.90001024,2,1
39.90001024,3,1
39.90001024,4,1
40.00001024,0,1
40.00001024,1,1
40.00001024,2,1
40.00001024,3,1
40.00001024,4,1
40.10001024,0,1
40.10001024,1,1
40.10001024,2,1
40.10001024,3,1
40.10001024,4,1
40.20001024,0,1
40.20001024,1,1
40.20001024,2,1
40.20001024,3,1
40.20001024,4,1
40.30001024,0,1
40.30001024,1,1
40.30001024,2,1
40.30001024,3,1
40.30001024,4,1
40.40001024,0,1
40.40001024,1,1
40.40001024,2,1
40.40001024,3,1
40.40001024,4,1
40.50001024,0,1
40.50001024,1,1
40.50001024,2,1
40.50001024,3,1
40.50001024,4,1
40.60001024,0,1
40.60001024,1,1
40.60001024,2,1
40.60001024,3,1
40.60001024,4,1
40.70001024,0,1
40.70001024,1,1
40.70001024,2,1
40.70001024,3,1
40.70001024,4,1
40.80001024,0,1
40.80001024,1,1
40.80001024,2,1
40.80001024,3,1
40.80001024,4,1
40.90001024,0,1
40.90001024,1,1
40.90001024,2,1
40.90001024,3,1
40.90001024,4,1
41.00001024,0,1
41.00001024,1,1
41.00001024,2,1
41.00001024,3,1
41.00001024,4,1
41.10001024,0,1
41.10001024,1,1
41.10001024,2,1
41.10001024,3,1
41.10001024,4,1
41.20001024,0,1
41.20001024,1,1
41.20001024,2,1
41.20001024,3,1
41.20001024,4,1
41.30001024,0,1
41.30001024,1,1
41.30001024,2,1
41.30001024,3,1
41.30001024,4,1
41.40001024,0,1
41.40001024,1,1
41.40001024,2,1
41.40001024,3,1
41.40001024,4,1
41.50001024,0,1
41.50001024,1,1
41.50001024,2,1
41.50001024,3,1
41.50001024,4,1
41.60001024,0,1
41.60001024,1,1
41.60001024,2,1
41.60001024,3,1
41.60001024,4,1
41.70001024,0,1
41.70001024,1,1
41.70001024,2,1
41.70001024,3,1
41.70001024,4,1
41.80001024,0,1
41.80001024,1,1
41.80001024,2,1
41.80001024,3,1
41.80001024,4,1
41.90001024,0,1
41.90001024,1,1
41.90001024,2,1
41.90001024,3,1
41.90001024,4,1
42.00001024,0,1
42.00001024,1,1
42.00001024,2,1
42.00001024,3,1
42.00001024,4,1
42.10001024,0,1
42.10001024,1,1
42.10001024,2,1
42.10001024,3,1
42.10001024,4,1
42.20001024,0,1
42.20001024,1,1
42.20001024,2,1
42.20001024,3,1
42.20001024,4,1
42.30001024,0,1
42.30001024,1,1
42.30001024,2,1
42.30001024,3,1
42.30001024,4,1
42.40001024,0,1
42.40001024,1,1
42.40001024,2,1
42.40001024,3,1
42.40001024,4,1
42.50001024,0,1
42.50001024,1,1
42.50001024,2,1
42.50001024,3,1
42.50001024,4,1
42.60001024,0,1
42.60001024,1,1
42.60001024,2,1
42.60001024,3,1
42.60001024,4,1
42.70001024,0,1
42.70001024,1,1
42.70001024,2,1
42.70001024,3,1
42.70001024,4,1
42.80001024,0,1
42.80001024,1,1
42.80001024,2,1
42.80001024,3,1
42.80001024,4,1
42.90001024,0,1
42.90001024,1,1
42.90001024,2,1
42.90001024,3,1
42.90001024,4,1
43.00001024,0,1
43.00001024,1,1
43.00001024,2,1
43.00001024,3,1
43.00001024,4,1
43.10001024,0,1
43.10001024,1,1
43.10001024,2,1
43.10001024,3,1
43.10001024,4,1
43.20001024,0,1
43.20001024,1,1
43.20001024,2,1
43.20001024,3,1
43.20001024,4,1
43.30001024,0,1
43.30001024,1,1
43.30001024,2,1
43.30001024,3,1
43.30001024,4,1
43.40001024,0,1
43.40001024,1,1
43.40001024,2,1
43.40001024,3,1
43.40001024,4,1
43.50001024,0,1
43.50001024,1,1
43.50001024,2,1
43.50001024,3,1
43.50001024,4,1
43.60001024,0,1
43.60001024,1,1
43.60001024,2,1
43.60001024,3,1
43.60001024,4,1
43.70001024,0,1
43.70001024,1,1
43.70001024,2,1
43.70001024,3,1
43.70001024,4,1
43.80001024,0,1
43.80001024,1,1
43.80001024,2,1
43.80001024,3,1
43.80001024,4,1
43.90001024,0,1
43.90001024,1,1
43.90001024,2,1
43.90001024,3,1
43.90001024,4,1
44.00001024,0,1
44.00001024,1,1
44.00001024,2,1
44.00001024,3,1
44.00001024,4,1
44.10001024,0,1
44.10001024,1,1
44.10001024,2,1
44.10001024,3,1
44.10001024,4,1
44.20001024,0,1
44.20001024,1,1
44.20001024,2,1
44.20001024,3,1
44.20001024,4,1
44.30001024,0,1
44.30001024,1,1
44.30001024,2,1
44.30001024,3,1
44.30001024,4,1
44.40001024,0,1
44.40001024,1,1
44.40001024,2,1
44.40001024,3,1
44.40001024,4,1
44.50001024,0,1
44.50001024,1,1
44.50001024,2,1
44.50001024,3,1
44.50001024,4,1
44.60001024,0,1
44.60001024,1,1
44.60001024,2,1
44.60001024,3,1
44.60001024,4,1
44.70001024,0,1
44.70001024,1,1
44.70001024,2,1
44.70001024,3,1
44.70001024,4,1
44.80001024,0,1
44.80001024,1,1
44.80001024,2,1
44.80001024,3,1
44.80001024,4,1
44.90001024,0,1
44.90001024,1,1
44.90001024,2,1
44.90001024,3,1
44.90001024,4,1
45.00001024,0,1
45.00001024,1,1
45.00001024,2,1
45.00001024,3,1
45.00001024,4,1
45.10001024,0,1
45.10001024,1,1
45.10001024,2,1
45.10001024,3,1
45.10001024,4,1
45.20001024,0,1
45.20001024,1,1
45.20001024,2,1
45.20001024,3,1
45.20001024,4,1
45.30001024,0,1
45.30001024,1,1
45.30001024,2,1
45.30001024,3,1
45.30001024,4,1
45.40001024,0,1
45.40001024,1,1
45.40001024,2,1
45.40001024,3,1
45.40001024,4,1
45.50001024,0,1
45.50001024,1,1
45.50001024,2,1
45.50001024,3,1
45.50001024,4,1
45.60001024,0,1
45.60001024,1,1
45.60001024,2,1
45.60001024,3,1
45.60001024,4,1
45.70001024,0,1
45.70001024,1,1
45.70001024,2,1
45.70001024,3,1
45.70001024,4,1
45.80001024,0,1
45.80001024,1,1
45.80001024,2,1
45.80001024,3,1
45.80001024,4,1
45.90001024,0,1
45.90001024,1,1
45.90001024,2,1
45.90001024,3,1
45.90001024,4,1
46.00001024,0,1
46.00001024,1,1
46.00001024,2,1
46.00001024,3,1
46.00001024,4,1
46.10001024,0,1
46.10001024,1,1
46.10001024,2,1
46.10001024,3,1
46.10001024,4,1
46.20001024,0,1
46.20001024,1,1
46.20001024,2,1
46.20001024,3,1
46.20001024,4,1
46.30001024,0,1
46.30001024,1,1
46.30001024,2,1
46.30001024,3,1
46.30001024,4,1
46.40001024,0,1
46.40001024,1,1
46.40001024,2,1
46.40001024,3,1
46.40001024,4,1
46.50001024,0,1
46.50001024,1,1
46.50001024,2,1
46.50001024,3,1
46.50001024,4,1
46.60001024,0,1
46.60001024,1,1
46.60001024,2,1
46.60001024,3,1
46.60001024,4,1
46.70001024,0,1
46.70001024,1,1
46.70001024,2,1
46.70001024,3,1
46.70001024,4,1
46.80001024,0,1
46.80001024,1,1
46.80001024,2,1
46.80001024,3,1
46.80001024,4,1
46.90001024,0,1
46.90001024,1,1
46.90001024,2,1
46.90001024,3,1
46.90001024,4,1
47.00001024,0,1
47.00001024,1,1
47.00001024,2,1
47.00001024,3,1
47.00001024,4,1
47.10001024,0,1
47.10001024,1,1
47.10001024,2,1
47.10001024,3,1
47.10001024,4,1
47.20001024,0,1
47.20001024,1,1
47.20001024,2,1
47.20001024,3,1
47.20001024,4,1
47.30001024,0,1
47.30001024,1,1
47.30001024,2,1
47.30001024,3,1
47.30001024,4,1
47.40001024,0,1
47.40001024,1,1
47.40001024,2,1
47.40001024,3,1
47.40001024,4,1
47.50001024,0,1
47.50001024,1,1
47.50001024,2,1
47.50001024,3,1
47.50001024,4,1
47.60001024,0,1
47.60001024,1,1
47.60001024,2,1
47.60001024,3,1
47.60001024,4,1
47.70001024,0,1
47.70001024,1,1
47.70001024,2,1
47.70001024,3,1
47.70001024,4,1
47.80001024,0,1
47.80001024,1,1
47.80001024,2,1
47.80001024,3,1
47.80001024,4,1
47.90001024,0,1
47.90001024,1,1
47.90001024,2,1
47.90001024,3,1
47.90001024,4,1
48.00001024,0,1
48.00001024,1,1
48.00001024,2,1
48.00001024,3,1
48.00001024,4,1
48.10001024,0,1
48.10001024,1,1
48.10001024,2,1
48.10001024,3,1
48.10001024,4,1
48.20001024,0,1
48.20001024,1,1
48.20001024,2,1
48.20001024,3,1
48.20001024,4,1
48.30001024,0,1
48.30001024,1,1
48.30001024,2,1
48.30001024,3,1
48.30001024,4,1
48.40001024,0,1
48.40001024,1,1
48.40001024,2,1
48.40001024,3,1
48.40001024,4,1
48.50001024,0,1
48.50001024,1,1
48.50001024,2,1
48.50001024,3,1
48.50001024,4,1
48.60001024,0,1
48.60001024,1,1
48.60001024,2,1
48.60001024,3,1
48.60001024,4,1
48.70001024,0,1
48.70001024,1,1
48.70001024,2,1
48.70001024,3,1
48.70001024,4,1
48.80001024,0,1
48.80001024,1,1
48.80001024,2,1
48.80001024,3,1
48.80001024,4,1
48.90001024,0,1
48.90001024,1,1
48.90001024,2,1
48.90001024,3,1
48.90001024,4,1
49.00001024,0,1
49.00001024,1,1
49.00001024,2,1
49.00001024,3,1
49.00001024,4,1
49.10001024,0,1
49.10001024,1,1
49.10001024,2,1
49.10001024,3,1
49.10001024,4,1
49.20001024,0,1
49.20001024,1,1
49.20001024,2,1
49.20001024,3,1
49.20001024,4,1
49.30001024,0,1
49.30001024,1,1
49.30001024,2,1
49.30001024,3,1
49.30001024,4,1
49.40001024,0,1
49.40001024,1,1
49.40001024,2,1
49.40001024,3,1
49.40001024,4,1
49.50001024,0,1
49.50001024,1,1
49.50001024,2,1
49.50001024,3,1
49.50001024,4,1
49.60001024,0,1
49.60001024,1,1
49.60001024,2,1
49.60001024,3,1
49.60001024,4,1
49.70001024,0,1
49.70001024,1,1
49.70001024,2,1
49.70001024,3,1
49.70001024,4,1
49.80001024,0,1
49.80001024,1,1
49.80001024,2,1
49.80001024,3,1
49.80001024,4,1
49.90001024,0,1
49.90001024,1,1
49.90001024,2,1
49.90001024,3,1
49.90001024,4,1
50.00001024,0,1
50.00001024,1,1
50.00001024,2,1
50.00001024,3,1
50.00001024,4,1
50.10001024,0,1
50.10001024,1,1
50.10001024,2,1
50.10001024,3,1
50.10001024,4,1
50.20001024,0,1
50.20001024,1,1
50.20001024,2,1
50.20001024,3,1
50.20001024,4,1
50.30001024,0,1
50.30001024,1,1
50.30001024,2,1
50.30001024,3,1
50.30001024,4,1
50.40001024,0,1
50.40001024,1,1
50.40001024,2,1
50.40001024,3,1
50.40001024,4,1
50.50001024,0,1
50.50001024,1,1
50.50001024,2,1
50.50001024,3,1
50.50001024,4,1
50.60001024,0,1
50.60001024,1,1
50.60001024,2,1
50.60001024,3,1
50.60001024,4,1
50.70001024,0,1
50.70001024,1,1
50.70001024,2,1
50.70001024,3,1
50.70001024,4,1
50.80001024,0,1
50.80001024,1,1
50.80001024,2,1
50.80001024,3,1
50.80001024,4,1
50.90001024,0,1
50.90001024,1,1
50.90001024,2,1
50.90001024,3,1
50.90001024,4,1
51.00001024,0,1
51.00001024,1,1
51.00001024,2,1
51.00001024,3,1
51.00001024,4,1
51.10001024,0,1
51.10001024,1,1
51.10001024,2,1
51.10001024,3,1
51.10001024,4,1
51.20001024,0,1
51.20001024,1,1
51.20001024,2,1
51.20001024,3,1
51.20001024,4,1
51.30001024,0,1
51.30001024,1,1
51.30001024,2,1
51.30001024,3,1
51.30001024,4,1
51.40001024,0,1
51.40001024,1,1
51.40001024,2,1
51.40001024,3,1
51.40001024,4,1
51.50001024,0,1
51.50001024,1,1
51.50001024,2,1
51.50001024,3,1
51.50001024,4,1
51.60001024,0,1
51.60001024,1,1
51.60001024,2,1
51.60001024,3,1
51.60001024,4,1
51.70001024,0,1
51.70001024,1,1
51.70001024,2,1
51.70001024,3,1
51.70001024,4,1
51.80001024,0,1
51.80001024,1,1
51.80001024,2,1
51.80001024,3,1
51.80001024,4,1
51.90001024,0,1
51.90001024,1,1
51.90001024,2,1
51.90001024,3,1
51.90001024,4,1
52.00001024,0,1
52.00001024,1,1
52.00001024,2,1
52.00001024,3,1
52.00001024,4,1
52.10001024,0,1
52.10001024,1,1
52.10001024,2,1
52.10001024,3,1
52.10001024,4,1
52.20001024,0,1
52.20001024,1,1
52.20001024,2,1
52.20001024,3,1
52.20001024,4,1
52.30001024,0,1
52.30001024,1,1
52.30001024,2,1
52.30001024,3,1
52.30001024,4,1
52.40001024,0,1
52.40001024,1,1
52.40001024,2,1
52.40001024,3,1
52.40001024,4,1
52.50001024,0,1
52.50001024,1,1
52.50001024,2,1
52.50001024,3,1
52.50001024,4,1
52.60001024,0,1
52.60001024,1,1
52.60001024,2,1
52.60001024,3,1
52.60001024,4,1
52.70001024,0,1
52.70001024,1,1
52.70001024,2,1
52.70001024,3,1
52.70001024,4,1
52.80001024,0,1
52.80001024,1,1
52.80001024,2,1
52.80001024,3,1
52.80001024,4,1
52.90001024,0,1
52.90001024,1,1
52.90001024,2,1
52.90001024,3,1
52.90001024,4,1
53.00001024,0,1
53.00001024,1,1
53.00001024,2,1
53.00001024,3,1
53.00001024,4,1
53.10001024,0,1
53.10001024,1,1
53.10001024,2,1
53.10001024,3,1
53.10001024,4,1
53.20001024,0,1
53.20001024,1,1
53.20001024,2,1
53.20001024,3,1
53.20001024,4,1
53.30001024,0,1
53.30001024,1,1
53.30001024,2,1
53.30001024,3,1
53.30001024,4,1
53.40001024,0,1
53.40001024,1,1
53.40001024,2,1
53.40001024,3,1
53.40001024,4,1
53.50001024,0,1
53.50001024,1,1
53.50001024,2,1
53.50001024,3,1
53.50001024,4,1
53.60001024,0,1
53.60001024,1,1
53.60001024,2,1
53.60001024,3,1
53.60001024,4,1
53.70001024,0,1
53.70001024,1,1
53.70001024,2,1
53.70001024,3,1
53.70001024,4,1
53.80001024,0,1
53.80001024,1,1
53.80001024,2,1
53.80001024,3,1
53.80001024,4,1
53.90001024,0,1
53.90001024,1,1
53.90001024,2,1
53.90001024,3,1
53.90001024,4,1
54.00001024,0,1
54.00001024,1,1
54.00001024,2,1
54.00001024,3,1
54.00001024,4,1
54.10001024,0,1
54.10001024,1,1
54.10001024,2,1
54.10001024,3,1
54.10001024,4,1
54.20001024,0,1
54.20001024,1,1
54.20001024,2,1
54.20001024,3,1
54.20001024,4,1
54.30001024,0,1
54.30001024,1,1
54.30001024,2,1
54.30001024,3,1
54.30001024,4,1
54.40001024,0,1
54.40001024,1,1
54.40001024,2,1
54.40001024,3,1
54.40001024,4,1
54.50001024,0,1
54.50001024,1,1
54.50001024,2,1
54.50001024,3,1
54.50001024,4,1
54.60001024,0,1
54.60001024,1,1
54.60001024,2,1
54.60001024,3,1
54.60001024,4,1
54.70001024,0,1
54.70001024,1,1
54.70001024,2,1
54.70001024,3,1
54.70001024,4,1
54.80001024,0,1
54.80001024,1,1
54.80001024,2,1
54.80001024,3,1
54.80001024,4,1
54.90001024,0,1
54.90001024,1,1
54.90001024,2,1
54.90001024,3,1
54.90001024,4,1
55.00001024,0,1
55.00001024,1,1
55.00001024,2,1
55.00001024,3,1
55.00001024,4,1
55.10001024,0,1
55.10001024,1,1
55.10001024,2,1
55.10001024,3,1
55.10001024,4,1
55.20001024,0,1
55.20001024,1,1
55.20001024,2,1
55.20001024,3,1
55.20001024,4,1
55.30001024,0,1
55.30001024,1,1
55.30001024,2,1
55.30001024,3,1
55.30001024,4,1
55.40001024,0,1
55.40001024,1,1
55.40001024,2,1
55.40001024,3,1
55.40001024,4,1
55.50001024,0,1
55.50001024,1,1
55.50001024,2,1
55.50001024,3,1
55.50001024,4,1
55.60001024,0,1
55.60001024,1,1
55.60001024,2,1
55.60001024,3,1
55.60001024,4,1
55.70001024,0,1
55.70001024,1,1
55.70001024,2,1
55.70001024,3,1
55.70001024,4,1
55.80001024,0,1
55.80001024,1,1
55.80001024,2,1
55.80001024,3,1
55.80001024,4,1
55.90001024,0,1
55.90001024,1,1
55.90001024,2,1
55.90001024,3,1
55.90001024,4,1
56.00001024,0,1
56.00001024,1,1
56.00001024,2,1
56.00001024,3,1
56.00001024,4,1
56.10001024,0,1
56.10001024,1,1
56.10001024,2,1
56.10001024,3,1
56.10001024,4,1
56.20001024,0,1
56.20001024,1,1
56.20001024,2,1
56.20001024,3,1
56.20001024,4,1
56.30001024,0,1
56.30001024,1,1
56.30001024,2,1
56.30001024,3,1
56.30001024,4,1
56.40001024,0,1
56.40001024,1,1
56.40001024,2,1
56.40001024,3,1
56.40001024,4,1
56.50001024,0,1
56.50001024,1,1
56.50001024,2,1
56.50001024,3,1
56.50001024,4,1
56.60001024,0,1
56.60001024,1,1
56.60001024,2,1
56.60001024,3,1
56.60001024,4,1
56.70001024,0,1
56.70001024,1,1
56.70001024,2,1
56.70001024,3,1
56.70001024,4,1
56.80001024,0,1
56.80001024,1,1
56.80001024,2,1
56.80001024,3,1
56.80001024,4,1
56.90001024,0,1
56.90001024,1,1
56.90001024,2,1
56.90001024,3,1
56.90001024,4,1
57.00001024,0,1
57.00001024,1,1
57.00001024,2,1
57.00001024,3,1
57.00001024,4,1
57.10001024,0,1
57.10001024,1,1
57.10001024,2,1
57.10001024,3,1
57.10001024,4,1
57.20001024,0,1
57.20001024,1,1
57.20001024,2,1
57.20001024,3,1
57.20001024,4,1
57.30001024,0,1
57.30001024,1,1
57.30001024,2,1
57.30001024,3,1
57.30001024,4,1
57.40001024,0,1
57.40001024,1,1
57.40001024,2,1
57.40001024,3,1
57.40001024,4,1
57.50001024,0,1
57.50001024,1,1
57.50001024,2,1
57.50001024,3,1
57.50001024,4,1
57.60001024,0,1
57.60001024,1,1
57.60001024,2,1
57.60001024,3,1
57.60001024,4,1
57.70001024,0,1
57.70001024,1,1
57.70001024,2,1
57.70001024,3,1
57.70001024,4,1
57.80001024,0,1
57.80001024,1,1
57.80001024,2,1
57.80001024,3,1
57.80001024,4,1
57.90001024,0,1
57.90001024,1,1
57.90001024,2,1
57.90001024,3,1
57.90001024,4,1
58.00001024,0,1
58.00001024,1,1
58.00001024,2,1
58.00001024,3,1
58.00001024,4,1
58.10001024,0,1
58.10001024,1,1
58.10001024,2,1
58.10001024,3,1
58.10001024,4,1
58.20001024,0,1
58.20001024,1,1
58.20001024,2,1
58.20001024,3,1
58.20001024,4,1
58.30001024,0,1
58.30001024,1,1
58.30001024,2,1
58.30001024,3,1
58.30001024,4,1
58.40001024,0,1
58.40001024,1,1
58.40001024,2,1
58.40001024,3,1
58.40001024,4,1
58.50001024,0,1
58.50001024,1,1
58.50001024,2,1
58.50001024,3,1
58.50001024,4,1
58.60001024,0,1
58.60001024,1,1
58.60001024,2,1
58.60001024,3,1
58.60001024,4,1
58.70001024,0,1
58.70001024,1,1
58.70001024,2,1
58.70001024,3,1
58.70001024,4,1
58.80001024,0,1
58.80001024,1,1
58.80001024,2,1
58.80001024,3,1
58.80001024,4,1
58.90001024,0,1
58.90001024,1,1
58.90001024,2,1
58.90001024,3,1
58.90001024,4,1
59.00001024,0,1
59.00001024,1,1
59.00001024,2,1
59.00001024,3,1
59.00001024,4,1
59.10001024,0,1
59.10001024,1,1
59.10001024,2,1
59.10001024,3,1
59.10001024,4,1
59.20001024,0,1
59.20001024,1,1
59.20001024,2,1
59.20001024,3,1
59.20001024,4,1
59.30001024,0,1
59.30001024,1,1
59.30001024,2,1
59.30001024,3,1
59.30001024,4,1
59.40001024,0,1
59.40001024,1,1
59.40001024,2,1
59.40001024,3,1
59.40001024,4,1
59.50001024,0,1
59.50001024,1,1
59.50001024,2,1
59.50001024,3,1
59.50001024,4,1
59.60001024,0,1
59.60001024,1,1
59.60001024,2,1
59.60001024,3,1
59.60001024,4,1
59.70001024,0,1
59.70001024,1,1
59.70001024,2,1
59.70001024,3,1
59.70001024,4,1
59.80001024,0,1
59.80001024,1,1
59.80001024,2,1
59.80001024,3,1
59.80001024,4,1
59.90001024,0,1
59.90001024,1,1
59.90001024,2,1
59.90001024,3,1
59.90001024,4,1
60.00001024,0,1
60.00001024,1,1
60.00001024,2,1
60.00001024,3,1
60.00001024,4,1
60.10001024,0,1
60.10001024,1,1
60.10001024,2,1
60.10001024,3,1
60.10001024,4,1
60.20001024,0,1
60.20001024,1,1
60.20001024,2,1
60.20001024,3,1
60.20001024,4,1
60.30001024,0,1
60.30001024,1,1
60.30001024,2,1
60.30001024,3,1
60.30001024,4,1
60.40001024,0,1
60.40001024,1,1
60.40001024,2,1
60.40001024,3,1
60.40001024,4,1
60.50001024,0,1
60.50001024,1,1
60.50001024,2,1
60.50001024,3,1
60.50001024,4,1
60.60001024,0,1
60.60001024,1,1
60.60001024,2,1
60.60001024,3,1
60.60001024,4,1
60.70001024,0,1
60.70001024,1,1
60.70001024,2,1
60.70001024,3,1
60.70001024,4,1
60.80001024,0,1
60.80001024,1,1
60.80001024,2,1
60.80001024,3,1
60.80001024,4,1
60.90001024,0,1
60.90001024,1,1
60.90001024,2,1
60.90001024,3,1
60.90001024,4,1
61.00001024,0,1
61.00001024,1,1
61.00001024,2,1
61.00001024,3,1
61.00001024,4,1
61.10001024,0,1
61.10001024,1,1
61.10001024,2,1
61.10001024,3,1
61.10001024,4,1
61.20001024,0,1
61.20001024,1,1
61.20001024,2,1
61.20001024,3,1
61.20001024,4,1
61.30001024,0,1
61.30001024,1,1
61.30001024,2,1
61.30001024,3,1
61.30001024,4,1
61.40001024,0,1
61.40001024,1,1
61.40001024,2,1
61.40001024,3,1
61.40001024,4,1
61.50001024,0,1
61.50001024,1,1
61.50001024,2,1
61.50001024,3,1
61.50001024,4,1
61.60001024,0,1
61.60001024,1,1
61.60001024,2,1
61.60001024,3,1
61.60001024,4,1
61.70001024,0,1
61.70001024,1,1
61.70001024,2,1
61.70001024,3,1
61.70001024,4,1
61.80001024,0,1
61.80001024,1,1
61.80001024,2,1
61.80001024,3,1
61.80001024,4,1
61.90001024,0,1
61.90001024,1,1
61.90001024,2,1
61.90001024,3,1
61.90001024,4,1
62.00001024,0,1
62.00001024,1,1
62.00001024,2,1
62.00001024,3,1
62.00001024,4,1
62.10001024,0,1
62.10001024,1,1
62.10001024,2,1
62.10001024,3,1
62.10001024,4,1
62.20001024,0,1
62.20001024,1,1
62.20001024,2,1
62.20001024,3,1
62.20001024,4,1
62.30001024,0,1
62.30001024,1,1
62.30001024,2,1
62.30001024,3,1
62.30001024,4,1
62.40001024,0,1
62.40001024,1,1
62.40001024,2,1
62.40001024,3,1
62.40001024,4,1
62.50001024,0,1
62.50001024,1,1
62.50001024,2,1
62.50001024,3,1
62.50001024,4,1
62.60001024,0,1
62.60001024,1,1
62.60001024,2,1
62.60001024,3,1
62.60001024,4,1
62.70001024,0,1
62.70001024,1,1
62.70001024,2,1
62.70001024,3,1
62.70001024,4,1
62.80001024,0,1
62.80001024,1,1
62.80001024,2,1
62.80001024,3,1
62.80001024,4,1
62.90001024,0,1
62.90001024,1,1
62.90001024,2,1
62.90001024,3,1
62.90001024,4,1
63.00001024,0,1
63.00001024,1,1
63.00001024,2,1
63.00001024,3,1
63.00001024,4,1
63.10001024,0,1
63.10001024,1,1
63.10001024,2,1
63.10001024,3,1
63.10001024,4,1
63.20001024,0,1
63.20001024,1,1
63.20001024,2,1
63.20001024,3,1
63.20001024,4,1
63.30001024,0,1
63.30001024,1,1
63.30001024,2,1
63.30001024,3,1
63.30001024,4,1
63.40001024,0,1
63.40001024,1,1
63.40001024,2,1
63.40001024,3,1
63.40001024,4,1
63.50001024,0,1
63.50001024,1,1
63.50001024,2,1
63.50001024,3,1
63.50001024,4,1
63.60001024,0,1
63.60001024,1,1
63.60001024,2,1
63.60001024,3,1
63.60001024,4,1
63.70001024,0,1
63.70001024,1,1
63.70001024,2,1
63.70001024,3,1
63.70001024,4,1
63.80001024,0,1
63.80001024,1,1
63.80001024,2,1
63.80001024,3,1
63.80001024,4,1
63.90001024,0,1
63.90001024,1,1
63.90001024,2,1
63.90001024,3,1
63.90001024,4,1
64.00001024,0,1
64.00001024,1,1
64.00001024,2,1
64.00001024,3,1
64.00001024,4,1
64.10001024,0,1
64.10001024,1,1
64.10001024,2,1
64.10001024,3,1
64.10001024,4,1
64.20001024,0,1
64.20001024,1,1
64.20001024,2,1
64.20001024,3,1
64.20001024,4,1
64.30001024,0,1
64.30001024,1,1
64.30001024,2,1
64.30001024,3,1
64.30001024,4,1
64.40001024,0,1
64.40001024,1,1
64.40001024,2,1
64.40001024,3,1
64.40001024,4,1
64.50001024,0,1
64.50001024,1,1
64.50001024,2,1
64.50001024,3,1
64.50001024,4,1
64.60001024,0,1
64.60001024,1,1
64.60001024,2,1
64.60001024,3,1
64.60001024,4,1
64.70001024,0,1
64.70001024,1,1
64.70001024,2,1
64.70001024,3,1
64.70001024,4,1
64.80001024,0,1
64.80001024,1,1
64.80001024,2,1
64.80001024,3,1
64.80001024,4,1
64.90001024,0,1
64.90001024,1,1
64.90001024,2,1
64.90001024,3,1
64.90001024,4,1
65.00001024,0,1
65.00001024,1,1
65.00001024,2,1
65.00001024,3,1
65.00001024,4,1
65.10001024,0,1
65.10001024,1,1
65.10001024,2,1
65.10001024,3,1
65.10001024,4,1
65.20001024,0,1
65.20001024,1,1
65.20001024,2,1
65.20001024,3,1
65.20001024,4,1
65.30001024,0,1
65.30001024,1,1
65.30001024,2,1
65.30001024,3,1
65.30001024,4,1
65.40001024,0,1
65.40001024,1,1
65.40001024,2,1
65.40001024,3,1
65.40001024,4,1
65.50001024,0,1
65.50001024,1,1
65.50001024,2,1
65.50001024,3,1
65.50001024,4,1
65.60001024,0,1
65.60001024,1,1
65.60001024,2,1
65.60001024,3,1
65.60001024,4,1
65.70001024,0,1
65.70001024,1,1
65.70001024,2,1
65.70001024,3,1
65.70001024,4,1
65.80001024,0,1
65.80001024,1,1
65.80001024,2,1
65.80001024,3,1
65.80001024,4,1
65.90001024,0,1
65.90001024,1,1
65.90001024,2,1
65.90001024,3,1
65.90001024,4,1
66.00001024,0,1
66.00001024,1,1
66.00001024,2,1
66.00001024,3,1
66.00001024,4,1
66.10001024,0,1
66.10001024,1,1
66.10001024,2,1
66.10001024,3,1
66.10001024,4,1
66.20001024,0,1
66.20001024,1,1
66.20001024,2,1
66.20001024,3,1
66.20001024,4,1
66.30001024,0,1
66.30001024,1,1
66.30001024,2,1
66.30001024,3,1
66.30001024,4,1
66.40001024,0,1
66.40001024,1,1
66.40001024,2,1
66.40001024,3,1
66.40001024,4,1
66.50001024,0,1
66.50001024,1,1
66.50001024,2,1
66.50001024,3,1
66.50001024,4,1
66.60001024,0,1
66.60001024,1,1
66.60001024,2,1
66.60001024,3,1
66.60001024,4,1
66.70001024,0,1
66.70001024,1,1
66.70001024,2,1
66.70001024,3,1
66.70001024,4,1
66.80001024,0,1
66.80001024,1,1
66.80001024,2,1
66.80001024,3,1
66.80001024,4,1
66.90001024,0,1
66.90001024,1,1
66.90001024,2,1
66.90001024,3,1
66.90001024,4,1
67.00001024,0,1
67.00001024,1,1
67.00001024,2,1
67.00001024,3,1
67.00001024,4,1
67.10001024,0,1
67.10001024,1,1
67.10001024,2,1
67.10001024,3,1
67.10001024,4,1
67.20001024,0,1
67.20001024,1,1
67.20001024,2,1
67.20001024,3,1
67.20001024,4,1
67.30001024,0,1
67.30001024,1,1
67.30001024,2,1
67.30001024,3,1
67.30001024,4,1
67.40001024,0,1
67.40001024,1,1
67.40001024,2,1
67.40001024,3,1
67.40001024,4,1
67.50001024,0,1
67.50001024,1,1
67.50001024,2,1
67.50001024,3,1
67.50001024,4,1
67.60001024,0,1
67.60001024,1,1
67.60001024,2,1
67.60001024,3,1
67.60001024,4,1
67.70001024,0,1
67.70001024,1,1
67.70001024,2,1
67.70001024,3,1
67.70001024,4,1
67.80001024,0,1
67.80001024,1,1
67.80001024,2,1
67.80001024,3,1
67.80001024,4,1
67.90001024,0,1
67.90001024,1,1
67.90001024,2,1
67.90001024,3,1
67.90001024,4,1
68.00001024,0,1
68.00001024,1,1
68.00001024,2,1
68.00001024,3,1
68.00001024,4,1
68.10001024,0,1
68.10001024,1,1
68.10001024,2,1
68.10001024,3,1
68.10001024,4,1
68.20001024,0,1
68.20001024,1,1
68.20001024,2,1
68.20001024,3,1
68.20001024,4,1
68.30001024,0,1
68.30001024,1,1
68.30001024,2,1
68.30001024,3,1
68.30001024,4,1
68.40001024,0,1
68.40001024,1,1
68.40001024,2,1
68.40001024,3,1
68.40001024,4,1
68.50001024,0,1
68.50001024,1,1
68.50001024,2,1
68.50001024,3,1
68.50001024,4,1
68.60001024,0,1
68.60001024,1,1
68.60001024,2,1
68.60001024,3,1
68.60001024,4,1
68.70001024,0,1
68.70001024,1,1
68.70001024,2,1
68.70001024,3,1
68.70001024,4,1
68.80001024,0,1
68.80001024,1,1
68.80001024,2,1
68.80001024,3,1
68.80001024,4,1
68.90001024,0,1
68.90001024,1,1
68.90001024,2,1
68.90001024,3,1
68.90001024,4,1
69.00001024,0,1
69.00001024,1,1
69.00001024,2,1
69.00001024,3,1
69.00001024,4,1
69.10001024,0,1
69.10001024,1,1
69.10001024,2,1
69.10001024,3,1
69.10001024,4,1
69.20001024,0,1
69.20001024,1,1
69.20001024,2,1
69.20001024,3,1
69.20001024,4,1
69.30001024,0,1
69.30001024,1,1
69.30001024,2,1
69.30001024,3,1
69.30001024,4,1
69.40001024,0,1
69.40001024,1,1
69.40001024,2,1
69.40001024,3,1
69.40001024,4,1
69.50001024,0,1
69.50001024,1,1
69.50001024,2,1
69.50001024,3,1
69.50001024,4,1
69.60001024,0,1
69.60001024,1,1
69.60001024,2,1
69.60001024,3,1
69.60001024,4,1
69.70001024,0,1
69.70001024,1,1
69.70001024,2,1
69.70001024,3,1
69.70001024,4,1
69.80001024,0,1
69.80001024,1,1
69.80001024,2,1
69.80001024,3,1
69.80001024,4,1
69.90001024,0,1
69.90001024,1,1
69.90001024,2,1
69.90001024,3,1
69.90001024,4,1
70.00001024,0,1
70.00001024,1,1
70.00001024,2,1
70.00001024,3,1
70.00001024,4,1
70.10001024,0,1
70.10001024,1,1
70.10001024,2,1
70.10001024,3,1
70.10001024,4,1
70.20001024,0,1
70.20001024,1,1
70.20001024,2,1
70.20001024,3,1
70.20001024,4,1
70.30001024,0,1
70.30001024,1,1
70.30001024,2,1
70.30001024,3,1
70.30001024,4,1
70.40001024,0,1
70.40001024,1,1
70.40001024,2,1
70.40001024,3,1
70.40001024,4,1
70.50001024,0,1
70.50001024,1,1
70.50001024,2,1
70.50001024,3,1
70.50001024,4,1
70.60001024,0,1
70.60001024,1,1
70.60001024,2,1
70.60001024,3,1
70.60001024,4,1
70.70001024,0,1
70.70001024,1,1
70.70001024,2,1
70.70001024,3,1
70.70001024,4,1
70.80001024,0,1
70.80001024,1,1
70.80001024,2,1
70.80001024,3,1
70.80001024,4,1
70.90001024,0,1
70.90001024,1,1
70.90001024,2,1
70.90001024,3,1
70.90001024,4,1
71.00001024,0,1
71.00001024,1,1
71.00001024,2,1
71.00001024,3,1
71.00001024,4,1
71.10001024,0,1
71.10001024,1,1
71.10001024,2,1
71.10001024,3,1
71.10001024,4,1
71.20001024,0,1
71.20001024,1,1
71.20001024,2,1
71.20001024,3,1
71.20001024,4,1
71.30001024,0,1
71.30001024,1,1
71.30001024,2,1
71.30001024,3,1
71.30001024,4,1
71.40001024,0,1
71.40001024,1,1
71.40001024,2,1
71.40001024,3,1
71.40001024,4,1
71.50001024,0,1
71.50001024,1,1
71.50001024,2,1
71.50001024,3,1
71.50001024,4,1
71.60001024,0,1
71.60001024,1,1
71.60001024,2,1
71.60001024,3,1
71.60001024,4,1
71.70001024,0,1
71.70001024,1,1
71.70001024,2,1
71.70001024,3,1
71.70001024,4,1
71.80001024,0,1
71.80001024,1,1
71.80001024,2,1
71.80001024,3,1
71.80001024,4,1
71.90001024,0,1
71.90001024,1,1
71.90001024,2,1
71.90001024,3,1
71.90001024,4,1
72.00001024,0,1
72.00001024,1,1
72.00001024,2,1
72.00001024,3,1
72.00001024,4,1
72.10001024,0,1
72.10001024,1,1
72.10001024,2,1
72.10001024,3,1
72.10001024,4,1
72.20001024,0,1
72.20001024,1,1
72.20001024,2,1
72.20001024,3,1
72.20001024,4,1
72.30001024,0,1
72.30001024,1,1
72.30001024,2,1
72.30001024,3,1
72.30001024,4,1
72.40001024,0,1
72.40001024,1,1
72.40001024,2,1
72.40001024,3,1
72.40001024,4,1
72.50001024,0,1
72.50001024,1,1
72.50001024,2,1
72.50001024,3,1
72.50001024,4,1
72.60001024,0,1
72.60001024,1,1
72.60001024,2,1
72.60001024,3,1
72.60001024,4,1
72.70001024,0,1
72.70001024,1,1
72.70001024,2,1
72.70001024,3,1
72.70001024,4,1
72.80001024,0,1
72.80001024,1,1
72.80001024,2,1
72.80001024,3,1
72.80001024,4,1
72.90001024,0,1
72.90001024,1,1
72.90001024,2,1
72.90001024,3,1
72.90001024,4,1
73.00001024,0,1
73.00001024,1,1
73.00001024,2,1
73.00001024,3,1
73.00001024,4,1
73.10001024,0,1
73.10001024,1,1
73.10001024,2,1
73.10001024,3,1
73.10001024,4,1
73.20001024,0,1
73.20001024,1,1
73.20001024,2,1
73.20001024,3,1
73.20001024,4,1
73.30001024,0,1
73.30001024,1,1
73.30001024,2,1
73.30001024,3,1
73.30001024,4,1
73.40001024,0,1
73.40001024,1,1
73.40001024,2,1
73.40001024,3,1
73.40001024,4,1
73.50001024,0,1
73.50001024,1,1
73.50001024,2,1
73.50001024,3,1
73.50001024,4,1
73.60001024,0,1
73.60001024,1,1
73.60001024,2,1
73.60001024,3,1
73.60001024,4,1
73.70001024,0,1
73.70001024,1,1
73.70001024,2,1
73.70001024,3,1
73.70001024,4,1
73.80001024,0,1
73.80001024,1,1
73.80001024,2,1
73.80001024,3,1
73.80001024,4,1
73.90001024,0,1
73.90001024,1,1
73.90001024,2,1
73.90001024,3,1
73.90001024,4,1
74.00001024,0,1
74.00001024,1,1
74.00001024,2,1
74.00001024,3,1
74.00001024,4,1
74.10001024,0,1
74.10001024,1,1
74.10001024,2,1
74.10001024,3,1
74.10001024,4,1
74.20001024,0,1
74.20001024,1,1
74.20001024,2,1
74.20001024,3,1
74.20001024,4,1
74.30001024,0,1
74.30001024,1,1
74.30001024,2,1
74.30001024,3,1
74.30001024,4,1
74.40001024,0,1
74.40001024,1,1
74.40001024,2,1
74.40001024,3,1
74.40001024,4,1
74.50001024,0,1
74.50001024,1,1
74.50001024,2,1
74.50001024,3,1
74.50001024,4,1
74.60001024,0,1
74.60001024,1,1
74.60001024,2,1
74.60001024,3,1
74.60001024,4,1
74.70001024,0,1
74.70001024,1,1
74.70001024,2,1
74.70001024,3,1
74.70001024,4,1
74.80001024,0,1
74.80001024,1,1
74.80001024,2,1
74.80001024,3,1
74.80001024,4,1
74.90001024,0,1
74.90001024,1,1
74.90001024,2,1
74.90001024,3,1
74.90001024,4,1
75.00001024,0,1
75.00001024,1,1
75.00001024,2,1
75.00001024,3,1
75.00001024,4,1
75.10001024,0,1
75.10001024,1,1
75.10001024,2,1
75.10001024,3,1
75.10001024,4,1
75.20001024,0,1
75.20001024,1,1
75.20001024,2,1
75.20001024,3,1
75.20001024,4,1
75.30001024,0,1
75.30001024,1,1
75.30001024,2,1
75.30001024,3,1
75.30001024,4,1
75.40001024,0,1
75.40001024,1,1
75.40001024,2,1
75.40001024,3,1
75.40001024,4,1
75.50001024,0,1
75.50001024,1,1
75.50001024,2,1
75.50001024,3,1
75.50001024,4,1
75.60001024,0,1
75.60001024,1,1
75.60001024,2,1
75.60001024,3,1
75.60001024,4,1
75.70001024,0,1
75.70001024,1,1
75.70001024,2,1
75.70001024,3,1
75.70001024,4,1
75.80001024,0,1
75.80001024,1,1
75.80001024,2,1
75.80001024,3,1
75.80001024,4,1
75.90001024,0,1
75.90001024,1,1
75.90001024,2,1
75.90001024,3,1
75.90001024,4,1
76.00001024,0,1
76.00001024,1,1
76.00001024,2,1
76.00001024,3,1
76.00001024,4,1
76.10001024,0,1
76.10001024,1,1
76.10001024,2,1
76.10001024,3,1
76.10001024,4,1
76.20001024,0,1
76.20001024,1,1
76.20001024,2,1
76.20001024,3,1
76.20001024,4,1
76.30001024,0,1
76.30001024,1,1
76.30001024,2,1
76.30001024,3,1
76.30001024,4,1
76.40001024,0,1
76.40001024,1,1
76.40001024,2,1
76.40001024,3,1
76.40001024,4,1
76.50001024,0,1
76.50001024,1,1
76.50001024,2,1
76.50001024,3,1
76.50001024,4,1
76.60001024,0,1
76.60001024,1,1
76.60001024,2,1
76.60001024,3,1
76.60001024,4,1
76.70001024,0,1
76.70001024,1,1
76.70001024,2,1
76.70001024,3,1
76.70001024,4,1
76.80001024,0,1
76.80001024,1,1
76.80001024,2,1
76.80001024,3,1
76.80001024,4,1
76.90001024,0,1
76.90001024,1,1
76.90001024,2,1
76.90001024,3,1
76.90001024,4,1
77.00001024,0,1
77.00001024,1,1
77.00001024,2,1
77.00001024,3,1
77.00001024,4,1
77.10001024,0,1
77.10001024,1,1
77.10001024,2,1
77.10001024,3,1
77.10001024,4,1
77.20001024,0,1
77.20001024,1,1
77.20001024,2,1
77.20001024,3,1
77.20001024,4,1
77.30001024,0,1
77.30001024,1,1
77.30001024,2,1
77.30001024,3,1
77.30001024,4,1
77.40001024,0,1
77.40001024,1,1
77.40001024,2,1
77.40001024,3,1
77.40001024,4,1
77.50001024,0,1
77.50001024,1,1
77.50001024,2,1
77.50001024,3,1
77.50001024,4,1
77.60001024,0,1
77.60001024,1,1
77.60001024,2,1
77.60001024,3,1
77.60001024,4,1
77.70001024,0,1
77.70001024,1,1
77.70001024,2,1
77.70001024,3,1
77.70001024,4,1
77.80001024,0,1
77.80001024,1,1
77.80001024,2,1
77.80001024,3,1
77.80001024,4,1
77.90001024,0,1
77.90001024,1,1
77.90001024,2,1
77.90001024,3,1
77.90001024,4,1
78.00001024,0,1
78.00001024,1,1
78.00001024,2,1
78.00001024,3,1
78.00001024,4,1
78.10001024,0,1
78.10001024,1,1
78.10001024,2,1
78.10001024,3,1
78.10001024,4,1
78.20001024,0,1
78.20001024,1,1
78.20001024,2,1
78.20001024,3,1
78.20001024,4,1
78.30001024,0,1
78.30001024,1,1
78.30001024,2,1
78.30001024,3,1
78.30001024,4,1
78.40001024,0,1
78.40001024,1,1
78.40001024,2,1
78.40001024,3,1
78.40001024,4,1
78.50001024,0,1
78.50001024,1,1
78.50001024,2,1
78.50001024,3,1
78.50001024,4,1
78.60001024,0,1
78.60001024,1,1
78.60001024,2,1
78.60001024,3,1
78.60001024,4,1
78.70001024,0,1
78.70001024,1,1
78.70001024,2,1
78.70001024,3,1
78.70001024,4,1
78.80001024,0,1
78.80001024,1,1
78.80001024,2,1
78.80001024,3,1
78.80001024,4,1
78.90001024,0,1
78.90001024,1,1
78.90001024,2,1
78.90001024,3,1
78.90001024,4,1
79.00001024,0,1
79.00001024,1,1
79.00001024,2,1
79.00001024,3,1
79.00001024,4,1
79.10001024,0,1
79.10001024,1,1
79.10001024,2,1
79.10001024,3,1
79.10001024,4,1
79.20001024,0,1
79.20001024,1,1
79.20001024,2,1
79.20001024,3,1
79.20001024,4,1
79.30001024,0,1
79.30001024,1,1
79.30001024,2,1
79.30001024,3,1
79.30001024,4,1
79.40001024,0,1
79.40001024,1,1
79.40001024,2,1
79.40001024,3,1
79.40001024,4,1
79.50001024,0,1
79.50001024,1,1
79.50001024,2,1
79.50001024,3,1
79.50001024,4,1
79.60001024,0,1
79.60001024,1,1
79.60001024,2,1
79.60001024,3,1
79.60001024,4,1
79.70001024,0,1
79.70001024,1,1
79.70001024,2,1
79.70001024,3,1
79.70001024,4,1
79.80001024,0,1
79.80001024,1,1
79.80001024,2,1
79.80001024,3,1
79.80001024,4,1
79.90001024,0,1
79.90001024,1,1
79.90001024,2,1
79.90001024,3,1
79.90001024,4,1
80.00001024,0,1
80.00001024,1,1
80.00001024,2,1
80.00001024,3,1
80.00001024,4,1
80.10001024,0,1
80.10001024,1,1
80.10001024,2,1
80.10001024,3,1
80.10001024,4,1
80.20001024,0,1
80.20001024,1,1
80.20001024,2,1
80.20001024,3,1
80.20001024,4,1
80.30001024,0,1
80.30001024,1,1
80.30001024,2,1
80.30001024,3,1
80.30001024,4,1
80.40001024,0,1
80.40001024,1,1
80.40001024,2,1
80.40001024,3,1
80.40001024,4,1
80.50001024,0,1
80.50001024,1,1
80.50001024,2,1
80.50001024,3,1
80.50001024,4,1
80.60001024,0,1
80.60001024,1,1
80.60001024,2,1
80.60001024,3,1
80.60001024,4,1
80.70001024,0,1
80.70001024,1,1
80.70001024,2,1
80.70001024,3,1
80.70001024,4,1
80.80001024,0,1
80.80001024,1,1
80.80001024,2,1
80.80001024,3,1
80.80001024,4,1
80.90001024,0,1
80.90001024,1,1
80.90001024,2,1
80.90001024,3,1
80.90001024,4,1
81.00001024,0,1
81.00001024,1,1
81.00001024,2,1
81.00001024,3,1
81.00001024,4,1
81.10001024,0,1
81.10001024,1,1
81.10001024,2,1
81.10001024,3,1
81.10001024,4,1
81.20001024,0,1
81.20001024,1,1
81.20001024,2,1
81.20001024,3,1
81.20001024,4,1
81.30001024,0,1
81.30001024,1,1
81.30001024,2,1
81.30001024,3,1
81.30001024,4,1
81.40001024,0,1
81.40001024,1,1
81.40001024,2,1
81.40001024,3,1
81.40001024,4,1
81.50001024,0,1
81.50001024,1,1
81.50001024,2,1
81.50001024,3,1
81.50001024,4,1
81.60001024,0,1
81.60001024,1,1
81.60001024,2,1
81.60001024,3,1
81.60001024,4,1
81.70001024,0,1
81.70001024,1,1
81.70001024,2,1
81.70001024,3,1
81.70001024,4,1
81.80001024,0,1
81.80001024,1,1
81.80001024,2,1
81.80001024,3,1
81.80001024,4,1
81.90001024,0,1
81.90001024,1,1
81.90001024,2,1
81.90001024,3,1
81.90001024,4,1
82.00001024,0,1
82.00001024,1,1
82.00001024,2,1
82.00001024,3,1
82.00001024,4,1
82.10001024,0,1
82.10001024,1,1
82.10001024,2,1
82.10001024,3,1
82.10001024,4,1
82.20001024,0,1
82.20001024,1,1
82.20001024,2,1
82.20001024,3,1
82.20001024,4,1
82.30001024,0,1
82.30001024,1,1
82.30001024,2,1
82.30001024,3,1
82.30001024,4,1
82.40001024,0,1
82.40001024,1,1
82.40001024,2,1
82.40001024,3,1
82.40001024,4,1
82.50001024,0,1
82.50001024,1,1
82.50001024,2,1
82.50001024,3,1
82.50001024,4,1
82.60001024,0,1
82.60001024,1,1
82.60001024,2,1
82.60001024,3,1
82.60001024,4,1
82.70001024,0,1
82.70001024,1,1
82.70001024,2,1
82.70001024,3,1
82.70001024,4,1
82.80001024,0,1
82.80001024,1,1
82.80001024,2,1
82.80001024,3,1
82.80001024,4,1
82.90001024,0,1
82.90001024,1,1
82.90001024,2,1
82.90001024,3,1
82.90001024,4,1
83.00001024,0,1
83.00001024,1,1
83.00001024,2,1
83.00001024,3,1
83.00001024,4,1
83.10001024,0,1
83.10001024,1,1
83.10001024,2,1
83.10001024,3,1
83.10001024,4,1
83.20001024,0,1
83.20001024,1,1
83.20001024,2,1
83.20001024,3,1
83.20001024,4,1
83.30001024,0,1
83.30001024,1,1
83.30001024,2,1
83.30001024,3,1
83.30001024,4,1
83.40001024,0,1
83.40001024,1,1
83.40001024,2,1
83.40001024,3,1
83.40001024,4,1
83.50001024,0,1
83.50001024,1,1
83.50001024,2,1
83.50001024,3,1
83.50001024,4,1
83.60001024,0,1
83.60001024,1,1
83.60001024,2,1
83.60001024,3,1
83.60001024,4,1
83.70001024,0,1
83.70001024,1,1
83.70001024,2,1
83.70001024,3,1
83.70001024,4,1
83.80001024,0,1
83.80001024,1,1
83.80001024,2,1
83.80001024,3,1
83.80001024,4,1
83.90001024,0,1
83.90001024,1,1
83.90001024,2,1
83.90001024,3,1
83.90001024,4,1
84.00001024,0,1
84.00001024,1,1
84.00001024,2,1
84.00001024,3,1
84.00001024,4,1
84.10001024,0,1
84.10001024,1,1
84.10001024,2,1
84.10001024,3,1
84.10001024,4,1
84.20001024,0,1
84.20001024,1,1
84.20001024,2,1
84.20001024,3,1
84.20001024,4,1
84.30001024,0,1
84.30001024,1,1
84.30001024,2,1
84.30001024,3,1
84.30001024,4,1
84.40001024,0,1
84.40001024,1,1
84.40001024,2,1
84.40001024,3,1
84.40001024,4,1
84.50001024,0,1
84.50001024,1,1
84.50001024,2,1
84.50001024,3,1
84.50001024,4,1
84.60001024,0,1
84.60001024,1,1
84.60001024,2,1
84.60001024,3,1
84.60001024,4,1
84.70001024,0,1
84.70001024,1,1
84.70001024,2,1
84.70001024,3,1
84.70001024,4,1
84.80001024,0,1
84.80001024,1,1
84.80001024,2,1
84.80001024,3,1
84.80001024,4,1
84.90001024,0,1
84.90001024,1,1
84.90001024,2,1
84.90001024,3,1
84.90001024,4,1
85.00001024,0,1
85.00001024,1,1
85.00001024,2,1
85.00001024,3,1
85.00001024,4,1
85.10001024,0,1
85.10001024,1,1
85.10001024,2,1
85.10001024,3,1
85.10001024,4,1
85.20001024,0,1
85.20001024,1,1
85.20001024,2,1
85.20001024,3,1
85.20001024,4,1
85.30001024,0,1
85.30001024,1,1
85.30001024,2,1
85.30001024,3,1
85.30001024,4,1
85.40001024,0,1
85.40001024,1,1
85.40001024,2,1
85.40001024,3,1
85.40001024,4,1
85.50001024,0,1
85.50001024,1,1
85.50001024,2,1
85.50001024,3,1
85.50001024,4,1
85.60001024,0,1
85.60001024,1,1
85.60001024,2,1
85.60001024,3,1
85.60001024,4,1
85.70001024,0,1
85.70001024,1,1
85.70001024,2,1
85.70001024,3,1
85.70001024,4,1
85.80001024,0,1
85.80001024,1,1
85.80001024,2,1
85.80001024,3,1
85.80001024,4,1
85.90001024,0,1
85.90001024,1,1
85.90001024,2,1
85.90001024,3,1
85.90001024,4,1
86.00001024,0,1
86.00001024,1,1
86.00001024,2,1
86.00001024,3,1
86.00001024,4,1
86.10001024,0,1
86.10001024,1,1
86.10001024,2,1
86.10001024,3,1
86.10001024,4,1
86.20001024,0,1
86.20001024,1,1
86.20001024,2,1
86.20001024,3,1
86.20001024,4,1
86.30001024,0,1
86.30001024,1,1
86.30001024,2,1
86.30001024,3,1
86.30001024,4,1
86.40001024,0,1
86.40001024,1,1
86.40001024,2,1
86.40001024,3,1
86.40001024,4,1
86.50001024,0,1
86.50001024,1,1
86.50001024,2,1
86.50001024,3,1
86.50001024,4,1
86.60001024,0,1
86.60001024,1,1
86.60001024,2,1
86.60001024,3,1
86.60001024,4,1
86.70001024,0,1
86.70001024,1,1
86.70001024,2,1
86.70001024,3,1
86.70001024,4,1
86.80001024,0,1
86.80001024,1,1
86.80001024,2,1
86.80001024,3,1
86.80001024,4,1
86.90001024,0,1
86.90001024,1,1
86.90001024,2,1
86.90001024,3,1
86.90001024,4,1
87.00001024,0,1
87.00001024,1,1
87.00001024,2,1
87.00001024,3,1
87.00001024,4,1
87.10001024,0,1
87.10001024,1,1
87.10001024,2,1
87.10001024,3,1
87.10001024,4,1
87.20001024,0,1
87.20001024,1,1
87.20001024,2,1
87.20001024,3,1
87.20001024,4,1
87.30001024,0,1
87.30001024,1,1
87.30001024,2,1
87.30001024,3,1
87.30001024,4,1
87.40001024,0,1
87.40001024,1,1
87.40001024,2,1
87.40001024,3,1
87.40001024,4,1
87.50001024,0,1
87.50001024,1,1
87.50001024,2,1
87.50001024,3,1
87.50001024,4,1
87.60001024,0,1
87.60001024,1,1
87.60001024,2,1
87.60001024,3,1
87.60001024,4,1
87.70001024,0,1
87.70001024,1,1
87.70001024,2,1
87.70001024,3,1
87.70001024,4,1
87.80001024,0,1
87.80001024,1,1
87.80001024,2,1
87.80001024,3,1
87.80001024,4,1
87.90001024,0,1
87.90001024,1,1
87.90001024,2,1
87.90001024,3,1
87.90001024,4,1
88.00001024,0,1
88.00001024,1,1
88.00001024,2,1
88.00001024,3,1
88.00001024,4,1
88.10001024,0,1
88.10001024,1,1
88.10001024,2,1
88.10001024,3,1
88.10001024,4,1
88.20001024,0,1
88.20001024,1,1
88.20001024,2,1
88.20001024,3,1
88.20001024,4,1
88.30001024,0,1
88.30001024,1,1
88.30001024,2,1
88.30001024,3,1
88.30001024,4,1
88.40001024,0,1
88.40001024,1,1
88.40001024,2,1
88.40001024,3,1
88.40001024,4,1
88.50001024,0,1
88.50001024,1,1
88.50001024,2,1
88.50001024,3,1
88.50001024,4,1
88.60001024,0,1
88.60001024,1,1
88.60001024,2,1
88.60001024,3,1
88.60001024,4,1
88.70001024,0,1
88.70001024,1,1
88.70001024,2,1
88.70001024,3,1
88.70001024,4,1
88.80001024,0,1
88.80001024,1,1
88.80001024,2,1
88.80001024,3,1
88.80001024,4,1
88.90001024,0,1
88.90001024,1,1
88.90001024,2,1
88.90001024,3,1
88.90001024,4,1
89.00001024,0,1
89.00001024,1,1
89.00001024,2,1
89.00001024,3,1
89.00001024,4,1
89.10001024,0,1
89.10001024,1,1
89.10001024,2,1
89.10001024,3,1
89.10001024,4,1
89.20001024,0,1
89.20001024,1,1
89.20001024,2,1
89.20001024,3,1
89.20001024,4,1
89.30001024,0,1
89.30001024,1,1
89.30001024,2,1
89.30001024,3,1
89.30001024,4,1
89.40001024,0,1
89.40001024,1,1
89.40001024,2,1
89.40001024,3,1
89.40001024,4,1
89.50001024,0,1
89.50001024,1,1
89.50001024,2,1
89.50001024,3,1
89.50001024,4,1
89.60001024,0,1
89.60001024,1,1
89.60001024,2,1
89.60001024,3,1
89.60001024,4,1
89.70001024,0,1
89.70001024,1,1
89.70001024,2,1
89.70001024,3,1
89.70001024,4,1
89.80001024,0,1
89.80001024,1,1
89.80001024,2,1
89.80001024,3,1
89.80001024,4,1
89.90001024,0,1
89.90001024,1,1
89.90001024,2,1
89.90001024,3,1
89.90001024,4,1
90.00001024,0,1
90.00001024,1,1
90.00001024,2,1
90.00001024,3,1
90.00001024,4,1
90.10001024,0,1
90.10001024,1,1
90.10001024,2,1
90.10001024,3,1
90.10001024,4,1
90.20001024,0,1
90.20001024,1,1
90.20001024,2,1
90.20001024,3,1
90.20001024,4,1
90.30001024,0,1
90.30001024,1,1
90.30001024,2,1
90.30001024,3,1
90.30001024,4,1
90.40001024,0,1
90.40001024,1,1
90.40001024,2,1
90.40001024,3,1
90.40001024,4,1
90.50001024,0,1
90.50001024,1,1
90.50001024,2,1
90.50001024,3,1
90.50001024,4,1
90.60001024,0,1
90.60001024,1,1
90.60001024,2,1
90.60001024,3,1
90.60001024,4,1
90.70001024,0,1
90.70001024,1,1
90.70001024,2,1
90.70001024,3,1
90.70001024,4,1
90.80001024,0,1
90.80001024,1,1
90.80001024,2,1
90.80001024,3,1
90.80001024,4,1
90.90001024,0,1
90.90001024,1,1
90.90001024,2,1
90.90001024,3,1
90.90001024,4,1
91.00001024,0,1
91.00001024,1,1
91.00001024,2,1
91.00001024,3,1
91.00001024,4,1
91.10001024,0,1
91.10001024,1,1
91.10001024,2,1
91.10001024,3,1
91.10001024,4,1
91.20001024,0,1
91.20001024,1,1
91.20001024,2,1
91.20001024,3,1
91.20001024,4,1
91.30001024,0,1
91.30001024,1,1
91.30001024,2,1
91.30001024,3,1
91.30001024,4,1
91.40001024,0,1
91.40001024,1,1
91.40001024,2,1
91.40001024,3,1
91.40001024,4,1
91.50001024,0,1
91.50001024,1,1
91.50001024,2,1
91.50001024,3,1
91.50001024,4,1
91.60001024,0,1
91.60001024,1,1
91.60001024,2,1
91.60001024,3,1
91.60001024,4,1
91.70001024,0,1
91.70001024,1,1
91.70001024,2,1
91.70001024,3,1
91.70001024,4,1
91.80001024,0,1
91.80001024,1,1
91.80001024,2,1
91.80001024,3,1
91.80001024,4,1
91.90001024,0,1
91.90001024,1,1
91.90001024,2,1
91.90001024,3,1
91.90001024,4,1
92.00001024,0,1
92.00001024,1,1
92.00001024,2,1
92.00001024,3,1
92.00001024,4,1
92.10001024,0,1
92.10001024,1,1
92.10001024,2,1
92.10001024,3,1
92.10001024,4,1
92.20001024,0,1
92.20001024,1,1
92.20001024,2,1
92.20001024,3,1
92.20001024,4,1
92.30001024,0,1
92.30001024,1,1
92.30001024,2,1
92.30001024,3,1
92.30001024,4,1
92.40001024,0,1
92.40001024,1,1
92.40001024,2,1
92.40001024,3,1
92.40001024,4,1
92.50001024,0,1
92.50001024,1,1
92.50001024,2,1
92.50001024,3,1
92.50001024,4,1
92.60001024,0,1
92.60001024,1,1
92.60001024,2,1
92.60001024,3,1
92.60001024,4,1
92.70001024,0,1
92.70001024,1,1
92.70001024,2,1
92.70001024,3,1
92.70001024,4,1
92.80001024,0,1
92.80001024,1,1
92.80001024,2,1
92.80001024,3,1
92.80001024,4,1
92.90001024,0,1
92.90001024,1,1
92.90001024,2,1
92.90001024,3,1
92.90001024,4,1
93.00001024,0,1
93.00001024,1,1
93.00001024,2,1
93.00001024,3,1
93.00001024,4,1
93.10001024,0,1
93.10001024,1,1
93.10001024,2,1
93.10001024,3,1
93.10001024,4,1
93.20001024,0,1
93.20001024,1,1
93.20001024,2,1
93.20001024,3,1
93.20001024,4,1
93.30001024,0,1
93.30001024,1,1
93.30001024,2,1
93.30001024,3,1
93.30001024,4,1
93.40001024,0,1
93.40001024,1,1
93.40001024,2,1
93.40001024,3,1
93.40001024,4,1
93.50001024,0,1
93.50001024,1,1
93.50001024,2,1
93.50001024,3,1
93.50001024,4,1
93.60001024,0,1
93.60001024,1,1
93.60001024,2,1
93.60001024,3,1
93.60001024,4,1
93.70001024,0,1
93.70001024,1,1
93.70001024,2,1
93.70001024,3,1
93.70001024,4,1
93.80001024,0,1
93.80001024,1,1
93.80001024,2,1
93.80001024,3,1
93.80001024,4,1
93.90001024,0,1
93.90001024,1,1
93.90001024,2,1
93.90001024,3,1
93.90001024,4,1
94.00001024,0,1
94.00001024,1,1
94.00001024,2,1
94.00001024,3,1
94.00001024,4,1
94.10001024,0,1
94.10001024,1,1
94.10001024,2,1
94.10001024,3,1
94.10001024,4,1
94.20001024,0,1
94.20001024,1,1
94.20001024,2,1
94.20001024,3,1
94.20001024,4,1
94.30001024,0,1
94.30001024,1,1
94.30001024,2,1
94.30001024,3,1
94.30001024,4,1
94.40001024,0,1
94.40001024,1,1
94.40001024,2,1
94.40001024,3,1
94.40001024,4,1
94.50001024,0,1
94.50001024,1,1
94.50001024,2,1
94.50001024,3,1
94.50001024,4,1
94.60001024,0,1
94.60001024,1,1
94.60001024,2,1
94.60001024,3,1
94.60001024,4,1
94.70001024,0,1
94.70001024,1,1
94.70001024,2,1
94.70001024,3,1
94.70001024,4,1
94.80001024,0,1
94.80001024,1,1
94.80001024,2,1
94.80001024,3,1
94.80001024,4,1
94.90001024,0,1
94.90001024,1,1
94.90001024,2,1
94.90001024,3,1
94.90001024,4,1
95.00001024,0,1
95.00001024,1,1
95.00001024,2,1
95.00001024,3,1
95.00001024,4,1
95.10001024,0,1
95.10001024,1,1
95.10001024,2,1
95.10001024,3,1
95.10001024,4,1
95.20001024,0,1
95.20001024,1,1
95.20001024,2,1
95.20001024,3,1
95.20001024,4,1
95.30001024,0,1
95.30001024,1,1
95.30001024,2,1
95.30001024,3,1
95.30001024,4,1
95.40001024,0,1
95.40001024,1,1
95.40001024,2,1
95.40001024,3,1
95.40001024,4,1
95.50001024,0,1
95.50001024,1,1
95.50001024,2,1
95.50001024,3,1
95.50001024,4,1
95.60001024,0,1
95.60001024,1,1
95.60001024,2,1
95.60001024,3,1
95.60001024,4,1
95.70001024,0,1
95.70001024,1,1
95.70001024,2,1
95.70001024,3,1
95.70001024,4,1
95.80001024,0,1
95.80001024,1,1
95.80001024,2,1
95.80001024,3,1
95.80001024,4,1
95.90001024,0,1
95.90001024,1,1
95.90001024,2,1
95.90001024,3,1
95.90001024,4,1
96.00001024,0,1
96.00001024,1,1
96.00001024,2,1
96.00001024,3,1
96.00001024,4,1
96.10001024,0,1
96.10001024,1,1
96.10001024,2,1
96.10001024,3,1
96.10001024,4,1
96.20001024,0,1
96.20001024,1,1
96.20001024,2,1
96.20001024,3,1
96.20001024,4,1
96.30001024,0,1
96.30001024,1,1
96.30001024,2,1
96.30001024,3,1
96.30001024,4,1
96.40001024,0,1
96.40001024,1,1
96.40001024,2,1
96.40001024,3,1
96.40001024,4,1
96.50001024,0,1
96.50001024,1,1
96.50001024,2,1
96.50001024,3,1
96.50001024,4,1
96.60001024,0,1
96.60001024,1,1
96.60001024,2,1
96.60001024,3,1
96.60001024,4,1
96.70001024,0,1
96.70001024,1,1
96.70001024,2,1
96.70001024,3,1
96.70001024,4,1
96.80001024,0,1
96.80001024,1,1
96.80001024,2,1
96.80001024,3,1
96.80001024,4,1
96.90001024,0,1
96.90001024,1,1
96.90001024,2,1
96.90001024,3,1
96.90001024,4,1
97.00001024,0,1
97.00001024,1,1
97.00001024,2,1
97.00001024,3,1
97.00001024,4,1
97.10001024,0,1
97.10001024,1,1
97.10001024,2,1
97.10001024,3,1
97.10001024,4,1
97.20001024,0,1
97.20001024,1,1
97.20001024,2,1
97.20001024,3,1
97.20001024,4,1
97.30001024,0,1
97.30001024,1,1
97.30001024,2,1
97.30001024,3,1
97.30001024,4,1
97.40001024,0,1
97.40001024,1,1
97.40001024,2,1
97.40001024,3,1
97.40001024,4,1
97.50001024,0,1
97.50001024,1,1
97.50001024,2,1
97.50001024,3,1
97.50001024,4,1
97.60001024,0,1
97.60001024,1,1
97.60001024,2,1
97.60001024,3,1
97.60001024,4,1
97.70001024,0,1
97.70001024,1,1
97.70001024,2,1
97.70001024,3,1
97.70001024,4,1
97.80001024,0,1
97.80001024,1,1
97.80001024,2,1
97.80001024,3,1
97.80001024,4,1
97.90001024,0,1
97.90001024,1,1
97.90001024,2,1
97.90001024,3,1
97.90001024,4,1
98.00001024,0,1
98.00001024,1,1
98.00001024,2,1
98.00001024,3,1
98.00001024,4,1
98.10001024,0,1
98.10001024,1,1
98.10001024,2,1
98.10001024,3,1
98.10001024,4,1
98.20001024,0,1
98.20001024,1,1
98.20001024,2,1
98.20001024,3,1
98.20001024,4,1
98.30001024,0,1
98.30001024,1,1
98.30001024,2,1
98.30001024,3,1
98.30001024,4,1
98.40001024,0,1
98.40001024,1,1
98.40001024,2,1
98.40001024,3,1
98.40001024,4,1
98.50001024,0,1
98.50001024,1,1
98.50001024,2,1
98.50001024,3,1
98.50001024,4,1
98.60001024,0,1
98.60001024,1,1
98.60001024,2,1
98.60001024,3,1
98.60001024,4,1
98.70001024,0,1
98.70001024,1,1
98.70001024,2,1
98.70001024,3,1
98.70001024,4,1
98.80001024,0,1
98.80001024,1,1
98.80001024,2,1
98.80001024,3,1
98.80001024,4,1
98.90001024,0,1
98.90001024,1,1
98.90001024,2,1
98.90001024,3,1
98.90001024,4,1
99.00001024,0,1
99.00001024,1,1
99.00001024,2,1
99.00001024,3,1
99.00001024,4,1
99.10001024,0,1
99.10001024,1,1
99.10001024,2,1
99.10001024,3,1
99.10001024,4,1
99.20001024,0,1
99.20001024,1,1
99.20001024,2,1
99.20001024,3,1
99.20001024,4,1
99.30001024,0,1
99.30001024,1,1
99.30001024,2,1
99.30001024,3,1
99.30001024,4,1
99.40001024,0,1
99.40001024,1,1
99.40001024,2,1
99.40001024,3,1
99.40001024,4,1
99.50001024,0,1
99.50001024,1,1
99.50001024,2,1
99.50001024,3,1
99.50001024,4,1
99.60001024,0,1
99.60001024,1,1
99.60001024,2,1
99.60001024,3,1
99.60001024,4,1
99.70001024,0,1
99.70001024,1,1
99.70001024,2,1
99.70001024,3,1
99.70001024,4,1
99.80001024,0,1
99.80001024,1,1
99.80001024,2,1
99.80001024,3,1
99.80001024,4,1
99.90001024,0,1
99.90001024,1,1
99.90001024,2,1
99.90001024,3,1
99.90001024,4,1
100.00001024,0,1
100.00001024,1,1
100.00001024,2,1
100.00001024,3,1
100.00001024,4,1
100.10001024,0,1
100.10001024,1,1
100.10001024,2,1
100.10001024,3,1
100.10001024,4,1
100.20001024,0,1
100.20001024,1,1
100.20001024,2,1
100.20001024,3,1
100.20001024,4,1
100.30001024,0,1
100.30001024,1,1
100.30001024,2,1
100.30001024,3,1
100.30001024,4,1
100.40001024,0,1
100.40001024,1,1
100.40001024,2,1
100.40001024,3,1
100.40001024,4,1
100.50001024,0,1
100.50001024,1,1
100.50001024,2,1
100.50001024,3,1
100.50001024,4,1
100.60001024,0,1
100.60001024,1,1
100.60001024,2,1
100.60001024,3,1
100.60001024,4,1
100.70001024,0,1
100.70001024,1,1
100.70001024,2,1
100.70001024,3,1
100.70001024,4,1
100.80001024,0,1
100.80001024,1,1
100.80001024,2,1
100.80001024,3,1
100.80001024,4,1
100.90001024,0,1
100.90001024,1,1
100.90001024,2,1
100.90001024,3,1
100.90001024,4,1
101.00001024,0,1
101.00001024,1,1
101.00001024,2,1
101.00001024,3,1
101.00001024,4,1
101.10001024,0,1
101.10001024,1,1
101.10001024,2,1
101.10001024,3,1
101.10001024,4,1
101.20001024,0,1
101.20001024,1,1
101.20001024,2,1
101.20001024,3,1
101.20001024,4,1
101.30001024,0,1
101.30001024,1,1
101.30001024,2,1
101.30001024,3,1
101.30001024,4,1
101.40001024,0,1
101.40001024,1,1
101.40001024,2,1
101.40001024,3,1
101.40001024,4,1
101.50001024,0,1
101.50001024,1,1
101.50001024,2,1
101.50001024,3,1
101.50001024,4,1
101.60001024,0,1
101.60001024,1,1
101.60001024,2,1
101.60001024,3,1
101.60001024,4,1
101.70001024,0,1
101.70001024,1,1
101.70001024,2,1
101.70001024,3,1
101.70001024,4,1
101.80001024,0,1
101.80001024,1,1
101.80001024,2,1
101.80001024,3,1
101.80001024,4,1
101.90001024,0,1
101.90001024,1,1
101.90001024,2,1
101.90001024,3,1
101.90001024,4,1
102.00001024,0,1
102.00001024,1,1
102.00001024,2,1
102.00001024,3,1
102.00001024,4,1
102.10001024,0,1
102.10001024,1,1
102.10001024,2,1
102.10001024,3,1
102.10001024,4,1
102.20001024,0,1
102.20001024,1,1
102.20001024,2,1
102.20001024,3,1
102.20001024,4,1
102.30001024,0,1
102.30001024,1,1
102.30001024,2,1
102.30001024,3,1
102.30001024,4,1
102.40001024,0,1
102.40001024,1,1
102.40001024,2,1
102.40001024,3,1
102.40001024,4,1
102.50001024,0,1
102.50001024,1,1
102.50001024,2,1
102.50001024,3,1
102.50001024,4,1
102.60001024,0,1
102.60001024,1,1
102.60001024,2,1
102.60001024,3,1
102.60001024,4,1
102.70001024,0,1
102.70001024,1,1
102.70001024,2,1
102.70001024,3,1
102.70001024,4,1
102.80001024,0,1
102.80001024,1,1
102.80001024,2,1
102.80001024,3,1
102.80001024,4,1
102.90001024,0,1
102.90001024,1,1
102.90001024,2,1
102.90001024,3,1
102.90001024,4,1
103.00001024,0,1
103.00001024,1,1
103.00001024,2,1
103.00001024,3,1
103.00001024,4,1
103.10001024,0,1
103.10001024,1,1
103.10001024,2,1
103.10001024,3,1
103.10001024,4,1
103.20001024,0,1
103.20001024,1,1
103.20001024,2,1
103.20001024,3,1
103.20001024,4,1
103.30001024,0,1
103.30001024,1,1
103.30001024,2,1
103.30001024,3,1
103.30001024,4,1
103.40001024,0,1
103.40001024,1,1
103.40001024,2,1
103.40001024,3,1
103.40001024,4,1
103.50001024,0,1
103.50001024,1,1
103.50001024,2,1
103.50001024,3,1
103.50001024,4,1
103.60001024,0,1
103.60001024,1,1
103.60001024,2,1
103.60001024,3,1
103.60001024,4,1
103.70001024,0,1
103.70001024,1,1
103.70001024,2,1
103.70001024,3,1
103.70001024,4,1
103.80001024,0,1
103.80001024,1,1
103.80001024,2,1
103.80001024,3,1
103.80001024,4,1
103.90001024,0,1
103.90001024,1,1
103.90001024,2,1
103.90001024,3,1
103.90001024,4,1
104.00001024,0,1
104.00001024,1,1
104.00001024,2,1
104.00001024,3,1
104.00001024,4,1
104.10001024,0,1
104.10001024,1,1
104.10001024,2,1
104.10001024,3,1
104.10001024,4,1
104.20001024,0,1
104.20001024,1,1
104.20001024,2,1
104.20001024,3,1
104.20001024,4,1
104.30001024,0,1
104.30001024,1,1
104.30001024,2,1
104.30001024,3,1
104.30001024,4,1
104.40001024,0,1
104.40001024,1,1
104.40001024,2,1
104.40001024,3,1
104.40001024,4,1
104.50001024,0,1
104.50001024,1,1
104.50001024,2,1
104.50001024,3,1
104.50001024,4,1
104.60001024,0,1
104.60001024,1,1
104.60001024,2,1
104.60001024,3,1
104.60001024,4,1
104.70001024,0,1
104.70001024,1,1
104.70001024,2,1
104.70001024,3,1
104.70001024,4,1
104.80001024,0,1
104.80001024,1,1
104.80001024,2,1
104.80001024,3,1
104.80001024,4,1
104.90001024,0,1
104.90001024,1,1
104.90001024,2,1
104.90001024,3,1
104.90001024,4,1
105.00001024,0,1
105.00001024,1,1
105.00001024,2,1
105.00001024,3,1
105.00001024,4,1
105.10001024,0,1
105.10001024,1,1
105.10001024,2,1
105.10001024,3,1
105.10001024,4,1
105.20001024,0,1
105.20001024,1,1
105.20001024,2,1
105.20001024,3,1
105.20001024,4,1
105.30001024,0,1
105.30001024,1,1
105.30001024,2,1
105.30001024,3,1
105.30001024,4,1
105.40001024,0,1
105.40001024,1,1
105.40001024,2,1
105.40001024,3,1
105.40001024,4,1
105.50001024,0,1
105.50001024,1,1
105.50001024,2,1
105.50001024,3,1
105.50001024,4,1
105.60001024,0,1
105.60001024,1,1
105.60001024,2,1
105.60001024,3,1
105.60001024,4,1
105.70001024,0,1
105.70001024,1,1
105.70001024,2,1
105.70001024,3,1
105.70001024,4,1
105.80001024,0,1
105.80001024,1,1
105.80001024,2,1
105.80001024,3,1
105.80001024,4,1
105.90001024,0,1
105.90001024,1,1
105.90001024,2,1
105.90001024,3,1
105.90001024,4,1
106.00001024,0,1
106.00001024,1,1
106.00001024,2,1
106.00001024,3,1
106.00001024,4,1
106.10001024,0,1
106.10001024,1,1
106.10001024,2,1
106.10001024,3,1
106.10001024,4,1
106.20001024,0,1
106.20001024,1,1
106.20001024,2,1
106.20001024,3,1
106.20001024,4,1
106.30001024,0,1
106.30001024,1,1
106.30001024,2,1
106.30001024,3,1
106.30001024,4,1
106.40001024,0,1
106.40001024,1,1
106.40001024,2,1
106.40001024,3,1
106.40001024,4,1
106.50001024,0,1
106.50001024,1,1
106.50001024,2,1
106.50001024,3,1
106.50001024,4,1
106.60001024,0,1
106.60001024,1,1
106.60001024,2,1
106.60001024,3,1
106.60001024,4,1
106.70001024,0,1
106.70001024,1,1
106.70001024,2,1
106.70001024,3,1
106.70001024,4,1
106.80001024,0,1
106.80001024,1,1
106.80001024,2,1
106.80001024,3,1
106.80001024,4,1
106.90001024,0,1
106.90001024,1,1
106.90001024,2,1
106.90001024,3,1
106.90001024,4,1
107.00001024,0,1
107.00001024,1,1
107.00001024,2,1
107.00001024,3,1
107.00001024,4,1
107.10001024,0,1
107.10001024,1,1
107.10001024,2,1
107.10001024,3,1
107.10001024,4,1
107.20001024,0,1
107.20001024,1,1
107.20001024,2,1
107.20001024,3,1
107.20001024,4,1
107.30001024,0,1
107.30001024,1,1
107.30001024,2,1
107.30001024,3,1
107.30001024,4,1
107.40001024,0,1
107.40001024,1,1
107.40001024,2,1
107.40001024,3,1
107.40001024,4,1
107.50001024,0,1
107.50001024,1,1
107.50001024,2,1
107.50001024,3,1
107.50001024,4,1
107.60001024,0,1
107.60001024,1,1
107.60001024,2,1
107.60001024,3,1
107.60001024,4,1
107.70001024,0,1
107.70001024,1,1
107.70001024,2,1
107.70001024,3,1
107.70001024,4,1
107.80001024,0,1
107.80001024,1,1
107.80001024,2,1
107.80001024,3,1
107.80001024,4,1
107.90001024,0,1
107.90001024,1,1
107.90001024,2,1
107.90001024,3,1
107.90001024,4,1
108.00001024,0,1
108.00001024,1,1
108.00001024,2,1
108.00001024,3,1
108.00001024,4,1
108.10001024,0,1
108.10001024,1,1
108.10001024,2,1
108.10001024,3,1
108.10001024,4,1
108.20001024,0,1
108.20001024,1,1
108.20001024,2,1
108.20001024,3,1
108.20001024,4,1
108.30001024,0,1
108.30001024,1,1
108.30001024,2,1
108.30001024,3,1
108.30001024,4,1
108.40001024,0,1
108.40001024,1,1
108.40001024,2,1
108.40001024,3,1
108.40001024,4,1
108.50001024,0,1
108.50001024,1,1
108.50001024,2,1
108.50001024,3,1
108.50001024,4,1
108.60001024,0,1
108.60001024,1,1
108.60001024,2,1
108.60001024,3,1
108.60001024,4,1
108.70001024,0,1
108.70001024,1,1
108.70001024,2,1
108.70001024,3,1
108.70001024,4,1
108.80001024,0,1
108.80001024,1,1
108.80001024,2,1
108.80001024,3,1
108.80001024,4,1
108.90001024,0,1
108.90001024,1,1
108.90001024,2,1
108.90001024,3,1
108.90001024,4,1
109.00001024,0,1
109.00001024,1,1
109.00001024,2,1
109.00001024,3,1
109.00001024,4,1
109.10001024,0,1
109.10001024,1,1
109.10001024,2,1
109.10001024,3,1
109.10001024,4,1
109.20001024,0,1
109.20001024,1,1
109.20001024,2,1
109.20001024,3,1
109.20001024,4,1
109.30001024,0,1
109.30001024,1,1
109.30001024,2,1
109.30001024,3,1
109.30001024,4,1
109.40001024,0,1
109.40001024,1,1
109.40001024,2,1
109.40001024,3,1
109.40001024,4,1
109.50001024,0,1
109.50001024,1,1
109.50001024,2,1
109.50001024,3,1
109.50001024,4,1
109.60001024,0,1
109.60001024,1,1
109.60001024,2,1
109.60001024,3,1
109.60001024,4,1
109.70001024,0,1
109.70001024,1,1
109.70001024,2,1
109.70001024,3,1
109.70001024,4,1
109.80001024,0,1
109.80001024,1,1
109.80001024,2,1
109.80001024,3,1
109.80001024,4,1
109.90001024,0,1
109.90001024,1,1
109.90001024,2,1
109.90001024,3,1
109.90001024,4,1
110.00001024,0,1
110.00001024,1,1
110.00001024,2,1
110.00001024,3,1
110.00001024,4,1
110.10001024,0,1
110.10001024,1,1
110.10001024,2,1
110.10001024,3,1
110.10001024,4,1
110.20001024,0,1
110.20001024,1,1
110.20001024,2,1
110.20001024,3,1
110.20001024,4,1
110.30001024,0,1
110.30001024,1,1
110.30001024,2,1
110.30001024,3,1
110.30001024,4,1
110.40001024,0,1
110.40001024,1,1
110.40001024,2,1
110.40001024,3,1
110.40001024,4,1
110.50001024,0,1
110.50001024,1,1
110.50001024,2,1
110.50001024,3,1
110.50001024,4,1
110.60001024,0,1
110.60001024,1,1
110.60001024,2,1
110.60001024,3,1
110.60001024,4,1
110.70001024,0,1
110.70001024,1,1
110.70001024,2,1
110.70001024,3,1
110.70001024,4,1
110.80001024,0,1
110.80001024,1,1
110.80001024,2,1
110.80001024,3,1
110.80001024,4,1
110.90001024,0,1
110.90001024,1,1
110.90001024,2,1
110.90001024,3,1
110.90001024,4,1
111.00001024,0,1
111.00001024,1,1
111.00001024,2,1
111.00001024,3,1
111.00001024,4,1
111.10001024,0,1
111.10001024,1,1
111.10001024,2,1
111.10001024,3,1
111.10001024,4,1
111.20001024,0,1
111.20001024,1,1
111.20001024,2,1
111.20001024,3,1
111.20001024,4,1
111.30001024,0,1
111.30001024,1,1
111.30001024,2,1
111.30001024,3,1
111.30001024,4,1
111.40001024,0,1
111.40001024,1,1
111.40001024,2,1
111.40001024,3,1
111.40001024,4,1
111.50001024,0,1
111.50001024,1,1
111.50001024,2,1
111.50001024,3,1
111.50001024,4,1
111.60001024,0,1
111.60001024,1,1
111.60001024,2,1
111.60001024,3,1
111.60001024,4,1
111.70001024,0,1
111.70001024,1,1
111.70001024,2,1
111.70001024,3,1
111.70001024,4,1
111.80001024,0,1
111.80001024,1,1
111.80001024,2,1
111.80001024,3,1
111.80001024,4,1
111.90001024,0,1
111.90001024,1,1
111.90001024,2,1
111.90001024,3,1
111.90001024,4,1
112.00001024,0,1
112.00001024,1,1
112.00001024,2,1
112.00001024,3,1
112.00001024,4,1
112.10001024,0,1
112.10001024,1,1
112.10001024,2,1
112.10001024,3,1
112.10001024,4,1
112.20001024,0,1
112.20001024,1,1
112.20001024,2,1
112.20001024,3,1
112.20001024,4,1
112.30001024,0,1
112.30001024,1,1
112.30001024,2,1
112.30001024,3,1
112.30001024,4,1
112.40001024,0,1
112.40001024,1,1
112.40001024,2,1
112.40001024,3,1
112.40001024,4,1
112.50001024,0,1
112.50001024,1,1
112.50001024,2,1
112.50001024,3,1
112.50001024,4,1
112.60001024,0,1
112.60001024,1,1
112.60001024,2,1
112.60001024,3,1
112.60001024,4,1
112.70001024,0,1
112.70001024,1,1
112.70001024,2,1
112.70001024,3,1
112.70001024,4,1
112.80001024,0,1
112.80001024,1,1
112.80001024,2,1
112.80001024,3,1
112.80001024,4,1
112.90001024,0,1
112.90001024,1,1
112.90001024,2,1
112.90001024,3,1
112.90001024,4,1
113.00001024,0,1
113.00001024,1,1
113.00001024,2,1
113.00001024,3,1
113.00001024,4,1
113.10001024,0,1
113.10001024,1,1
113.10001024,2,1
113.10001024,3,1
113.10001024,4,1
113.20001024,0,1
113.20001024,1,1
113.20001024,2,1
113.20001024,3,1
113.20001024,4,1
113.30001024,0,1
113.30001024,1,1
113.30001024,2,1
113.30001024,3,1
113.30001024,4,1
113.40001024,0,1
113.40001024,1,1
113.40001024,2,1
113.40001024,3,1
113.40001024,4,1
113.50001024,0,1
113.50001024,1,1
113.50001024,2,1
113.50001024,3,1
113.50001024,4,1
113.60001024,0,1
113.60001024,1,1
113.60001024,2,1
113.60001024,3,1
113.60001024,4,1
113.70001024,0,1
113.70001024,1,1
113.70001024,2,1
113.70001024,3,1
113.70001024,4,1
113.80001024,0,1
113.80001024,1,1
113.80001024,2,1
113.80001024,3,1
113.80001024,4,1
113.90001024,0,1
113.90001024,1,1
113.90001024,2,1
113.90001024,3,1
113.90001024,4,1
114.00001024,0,1
114.00001024,1,1
114.00001024,2,1
114.00001024,3,1
114.00001024,4,1
114.10001024,0,1
114.10001024,1,1
114.10001024,2,1
114.10001024,3,1
114.10001024,4,1
114.20001024,0,1
114.20001024,1,1
114.20001024,2,1
114.20001024,3,1
114.20001024,4,1
114.30001024,0,1
114.30001024,1,1
114.30001024,2,1
114.30001024,3,1
114.30001024,4,1
114.40001024,0,1
114.40001024,1,1
114.40001024,2,1
114.40001024,3,1
114.40001024,4,1
114.50001024,0,1
114.50001024,1,1
114.50001024,2,1
114.50001024,3,1
114.50001024,4,1
114.60001024,0,1
114.60001024,1,1
114.60001024,2,1
114.60001024,3,1
114.60001024,4,1
114.70001024,0,1
114.70001024,1,1
114.70001024,2,1
114.70001024,3,1
114.70001024,4,1
114.80001024,0,1
114.80001024,1,1
114.80001024,2,1
114.80001024,3,1
114.80001024,4,1
114.90001024,0,1
114.90001024,1,1
114.90001024,2,1
114.90001024,3,1
114.90001024,4,1
115.00001024,0,1
115.00001024,1,1
115.00001024,2,1
115.00001024,3,1
115.00001024,4,1
115.10001024,0,1
115.10001024,1,1
115.10001024,2,1
115.10001024,3,1
115.10001024,4,1
115.20001024,0,1
115.20001024,1,1
115.20001024,2,1
115.20001024,3,1
115.20001024,4,1
115.30001024,0,1
115.30001024,1,1
115.30001024,2,1
115.30001024,3,1
115.30001024,4,1
115.40001024,0,1
115.40001024,1,1
115.40001024,2,1
115.40001024,3,1
115.40001024,4,1
115.50001024,0,1
115.50001024,1,1
115.50001024,2,1
115.50001024,3,1
115.50001024,4,1
115.60001024,0,1
115.60001024,1,1
115.60001024,2,1
115.60001024,3,1
115.60001024,4,1
115.70001024,0,1
115.70001024,1,1
115.70001024,2,1
115.70001024,3,1
115.70001024,4,1
115.80001024,0,1
115.80001024,1,1
115.80001024,2,1
115.80001024,3,1
115.80001024,4,1
115.90001024,0,1
115.90001024,1,1
115.90001024,2,1
115.90001024,3,1
115.90001024,4,1
116.00001024,0,1
116.00001024,1,1
116.00001024,2,1
116.00001024,3,1
116.00001024,4,1
116.10001024,0,1
116.10001024,1,1
116.10001024,2,1
116.10001024,3,1
116.10001024,4,1
116.20001024,0,1
116.20001024,1,1
116.20001024,2,1
116.20001024,3,1
116.20001024,4,1
116.30001024,0,1
116.30001024,1,1
116.30001024,2,1
116.30001024,3,1
116.30001024,4,1
116.40001024,0,1
116.40001024,1,1
116.40001024,2,1
116.40001024,3,1
116.40001024,4,1
116.50001024,0,1
116.50001024,1,1
116.50001024,2,1
116.50001024,3,1
116.50001024,4,1
116.60001024,0,1
116.60001024,1,1
116.60001024,2,1
116.60001024,3,1
116.60001024,4,1
116.70001024,0,1
116.70001024,1,1
116.70001024,2,1
116.70001024,3,1
116.70001024,4,1
116.80001024,0,1
116.80001024,1,1
116.80001024,2,1
116.80001024,3,1
116.80001024,4,1
116.90001024,0,1
116.90001024,1,1
116.90001024,2,1
116.90001024,3,1
116.90001024,4,1
117.00001024,0,1
117.00001024,1,1
117.00001024,2,1
117.00001024,3,1
117.00001024,4,1
117.10001024,0,1
117.10001024,1,1
117.10001024,2,1
117.10001024,3,1
117.10001024,4,1
117.20001024,0,1
117.20001024,1,1
117.20001024,2,1
117.20001024,3,1
117.20001024,4,1
117.30001024,0,1
117.30001024,1,1
117.30001024,2,1
117.30001024,3,1
117.30001024,4,1
117.40001024,0,1
117.40001024,1,1
117.40001024,2,1
117.40001024,3,1
117.40001024,4,1
117.50001024,0,1
117.50001024,1,1
117.50001024,2,1
117.50001024,3,1
117.50001024,4,1
117.60001024,0,1
117.60001024,1,1
117.60001024,2,1
117.60001024,3,1
117.60001024,4,1
117.70001024,0,1
117.70001024,1,1
117.70001024,2,1
117.70001024,3,1
117.70001024,4,1
117.80001024,0,1
117.80001024,1,1
117.80001024,2,1
117.80001024,3,1
117.80001024,4,1
117.90001024,0,1
117.90001024,1,1
117.90001024,2,1
117.90001024,3,1
117.90001024,4,1
118.00001024,0,1
118.00001024,1,1
118.00001024,2,1
118.00001024,3,1
118.00001024,4,1
118.10001024,0,1
118.10001024,1,1
118.10001024,2,1
118.10001024,3,1
118.10001024,4,1
118.20001024,0,1
118.20001024,1,1
118.20001024,2,1
118.20001024,3,1
118.20001024,4,1
118.30001024,0,1
118.30001024,1,1
118.30001024,2,1
118.30001024,3,1
118.30001024,4,1
118.40001024,0,1
118.40001024,1,1
118.40001024,2,1
118.40001024,3,1
118.40001024,4,1
118.50001024,0,1
118.50001024,1,1
118.50001024,2,1
118.50001024,3,1
118.50001024,4,1
118.60001024,0,1
118.60001024,1,1
118.60001024,2,1
118.60001024,3,1
118.60001024,4,1
118.70001024,0,1
118.70001024,1,1
118.70001024,2,1
118.70001024,3,1
118.70001024,4,1
118.80001024,0,1
118.80001024,1,1
118.80001024,2,1
118.80001024,3,1
118.80001024,4,1
