simTime,MCC_idx,packet_is_loss
0.10003048,3,1
0.10005048,0,1
0.10006048,4,1
0.10007048,2,1
0.20003048,4,1
0.20005048,1,1
0.20006048,4,1
0.20007048,2,1
0.30003048,2,1
0.30004048,0,1
0.30005048,3,1
0.30006048,1,1
0.30007048,0,1
0.40003048,2,1
0.40004048,4,1
0.40005048,3,1
0.40006048,0,1
0.40007048,3,1
0.50003048,4,1
0.50004048,2,1
0.50005048,0,1
0.50006048,1,1
0.60003048,3,1
0.60005048,4,1
0.60006048,2,1
0.70003048,3,1
0.70004048,2,1
0.70005048,1,1
0.70006048,4,1
0.70007048,1,1
0.80003048,4,1
0.80005048,0,1
0.80006048,1,1
0.80007048,2,1
0.90003048,3,1
0.90004048,2,1
0.90005048,1,1
0.90006048,2,1
1.00003048,4,1
1.00004048,0,1
1.00005048,1,1
1.00007048,3,1
1.10003048,2,1
1.10004048,3,1
1.10006048,0,1
1.10007048,2,1
1.20003048,2,1
1.20004048,4,1
1.20005048,3,1
1.20006048,4,1
1.20007048,2,1
1.30003048,1,1
1.30004048,0,1
1.30006048,2,1
1.30007048,1,1
1.40003048,3,1
1.40005048,4,1
1.40006048,1,1
1.40007048,3,1
1.50003048,3,1
1.50004048,2,1
1.50005048,4,1
1.50006048,1,1
1.60003048,3,1
1.60004048,2,1
1.60005048,4,1
1.60007048,3,1
1.70003048,3,1
1.70004048,0,1
1.70005048,1,1
1.70006048,4,1
1.70007048,1,1
1.80003048,2,1
1.80004048,3,1
1.80005048,1,1
1.80007048,1,1
1.90003048,4,1
1.90004048,2,1
1.90005048,3,1
1.90006048,4,1
1.90007048,0,1
2.00003048,4,1
2.00004048,3,1
2.00005048,4,1
2.00006048,2,1
2.00007048,0,1
2.10003048,2,1
2.10004048,0,1
2.10005048,3,1
2.10006048,1,1
2.10007048,3,1
2.20003048,1,1
2.20004048,2,1
2.20005048,1,1
2.20006048,2,1
2.30003048,4,1
2.30004048,2,1
2.30005048,3,1
2.30006048,0,1
2.30007048,1,1
2.40003048,3,1
2.40005048,4,1
2.40007048,2,1
2.50003048,2,1
2.50004048,4,1
2.50005048,1,1
2.50006048,2,1
2.50007048,0,1
2.60003048,2,1
2.60004048,4,1
2.60005048,3,1
2.60006048,2,1
2.70003048,3,1
2.70004048,0,1
2.70005048,1,1
2.70006048,4,1
2.70007048,2,1
2.80003048,3,1
2.80005048,1,1
2.80006048,0,1
2.80007048,1,1
2.90003048,2,1
2.90004048,3,1
2.90005048,4,1
2.90006048,2,1
2.90007048,1,1
3.00003048,4,1
3.00005048,4,1
3.00006048,1,1
3.00007048,2,1
3.10003048,4,1
3.10004048,0,1
3.10005048,4,1
3.10006048,1,1
3.10007048,3,1
3.20003048,1,1
3.20004048,0,1
3.20005048,3,1
3.20006048,4,1
3.20007048,0,1
3.30003048,2,1
3.30004048,4,1
3.30006048,4,1
3.30007048,2,1
3.40003048,3,1
3.40004048,4,1
3.40005048,0,1
3.40006048,2,1
3.50003048,1,1
3.50004048,3,1
3.50005048,4,1
3.50006048,1,1
3.50007048,2,1
3.60003048,2,1
3.60005048,1,1
3.60006048,4,1
3.60007048,0,1
3.70003048,3,1
3.70005048,3,1
3.70006048,2,1
3.70007048,0,1
3.80003048,4,1
3.80005048,4,1
3.80006048,1,1
3.80007048,2,1
3.90003048,2,1
3.90005048,4,1
3.90006048,0,1
3.90007048,3,1
4.00003048,4,1
4.00004048,0,1
4.00005048,3,1
4.00006048,0,1
4.00007048,3,1
4.10003048,2,1
4.10004048,0,1
4.10005048,1,1
4.10006048,2,1
4.10007048,0,1
4.20003048,2,1
4.20004048,0,1
4.20005048,1,1
4.20007048,0,1
4.30003048,2,1
4.30005048,4,1
4.30006048,2,1
4.30007048,0,1
4.40003048,3,1
4.40004048,2,1
4.40005048,3,1
4.40006048,4,1
4.40007048,2,1
4.50003048,1,1
4.50004048,0,1
4.50006048,0,1
4.60003048,2,1
4.60005048,1,1
4.60006048,4,1
4.60007048,1,1
4.70003048,3,1
4.70004048,0,1
4.70005048,4,1
4.70007048,2,1
4.80003048,1,1
4.80004048,3,1
4.80005048,0,1
4.80007048,2,1
4.90003048,1,1
4.90004048,3,1
4.90005048,0,1
4.90006048,1,1
4.90007048,2,1
5.00003048,4,1
5.00004048,0,1
5.00005048,1,1
5.00007048,2,1
5.10003048,4,1
5.10005048,1,1
5.10007048,1,1
5.20003048,3,1
5.20004048,2,1
5.20005048,0,1
5.20006048,1,1
5.20007048,0,1
5.30003048,4,1
5.30005048,1,1
5.30006048,2,1
5.30007048,3,1
5.40003048,2,1
5.40004048,0,1
5.40006048,4,1
5.40007048,1,1
5.50003048,1,1
5.50004048,0,1
5.50006048,0,1
5.50007048,2,1
5.60003048,4,1
5.60004048,0,1
5.60005048,1,1
5.60007048,3,1
5.70003048,3,1
5.70005048,1,1
5.70006048,4,1
5.70007048,2,1
5.80003048,2,1
5.80004048,3,1
5.80006048,1,1
5.80007048,0,1
5.90003048,3,1
5.90005048,0,1
5.90006048,1,1
6.00003048,4,1
6.00004048,2,1
6.00005048,0,1
6.00007048,0,1
6.10003048,3,1
6.10004048,2,1
6.10005048,4,1
6.10006048,2,1
6.10007048,0,1
6.20003048,2,1
6.20004048,3,1
6.20006048,4,1
6.20007048,3,1
6.30003048,1,1
6.30004048,3,1
6.30005048,4,1
6.30007048,3,1
6.40003048,3,1
6.40004048,0,1
6.40006048,1,1
6.50003048,1,1
6.50004048,0,1
6.50006048,2,1
6.50007048,0,1
6.60003048,4,1
6.60004048,3,1
6.60005048,0,1
6.60006048,2,1
6.60007048,1,1
6.70003048,3,1
6.70005048,4,1
6.70006048,0,1
6.70007048,1,1
6.80003048,2,1
6.80004048,3,1
6.80006048,1,1
6.90003048,4,1
6.90004048,3,1
6.90005048,4,1
6.90006048,0,1
6.90007048,1,1
7.00003048,4,1
7.00004048,3,1
7.00005048,4,1
7.00006048,0,1
7.00007048,1,1
7.10003048,2,1
7.10004048,4,1
7.10005048,3,1
7.10006048,2,1
7.10007048,0,1
7.20003048,2,1
7.20005048,0,1
7.20006048,2,1
7.20007048,1,1
7.30003048,3,1
7.30004048,2,1
7.30005048,0,1
7.30006048,1,1
7.30007048,0,1
7.40003048,3,1
7.40004048,4,1
7.40005048,1,1
7.40006048,0,1
7.40007048,1,1
7.50003048,3,1
7.50004048,0,1
7.50006048,0,1
7.50007048,3,1
7.60003048,4,1
7.60005048,3,1
7.60006048,1,1
7.60007048,3,1
7.70003048,1,1
7.70004048,0,1
7.70005048,4,1
7.70007048,2,1
7.80003048,1,1
7.80004048,4,1
7.80005048,3,1
7.80006048,1,1
7.80007048,0,1
7.90003048,1,1
7.90004048,2,1
7.90005048,1,1
7.90007048,0,1
8.00003048,3,1
8.00004048,4,1
8.00005048,0,1
8.00006048,1,1
8.00007048,0,1
8.10003048,2,1
8.10004048,3,1
8.10005048,1,1
8.10006048,4,1
8.10007048,1,1
8.20003048,1,1
8.20004048,4,1
8.20006048,0,1
8.30003048,1,1
8.30004048,2,1
8.30005048,1,1
8.30006048,0,1
8.30007048,3,1
8.40003048,1,1
8.40004048,4,1
8.40005048,1,1
8.40006048,0,1
8.50003048,1,1
8.50004048,2,1
8.50005048,4,1
8.50006048,0,1
8.50007048,1,1
8.60003048,4,1
8.60004048,2,1
8.60005048,1,1
8.60006048,4,1
8.60007048,1,1
8.70003048,3,1
8.70004048,2,1
8.70005048,0,1
8.70006048,4,1
8.70007048,1,1
8.80003048,1,1
8.80004048,4,1
8.80005048,1,1
8.80006048,4,1
8.80007048,1,1
8.90003048,2,1
8.90004048,3,1
8.90005048,0,1
8.90006048,2,1
8.90007048,3,1
9.00003048,3,1
9.00005048,1,1
9.00006048,2,1
9.10003048,2,1
9.10004048,3,1
9.10005048,4,1
9.10006048,1,1
9.10007048,0,1
9.20003048,4,1
9.20004048,3,1
9.20005048,4,1
9.20007048,3,1
9.30003048,2,1
9.30005048,0,1
9.30006048,4,1
9.30007048,1,1
9.40003048,3,1
9.40004048,0,1
9.40006048,0,1
9.40007048,2,1
9.50003048,2,1
9.50004048,4,1
9.50006048,2,1
9.50007048,3,1
9.60003048,4,1
9.60004048,0,1
9.60005048,3,1
9.60006048,4,1
9.60007048,3,1
9.70003048,2,1
9.70004048,4,1
9.70005048,3,1
9.70006048,4,1
9.70007048,2,1
9.80003048,1,1
9.80004048,0,1
9.80005048,3,1
9.80006048,4,1
9.80007048,3,1
9.90003048,4,1
9.90004048,2,1
9.90005048,4,1
9.90006048,2,1
9.90007048,0,1
10.00003048,1,1
10.00004048,0,1
10.00005048,1,1
10.00006048,2,1
10.00007048,1,1
10.10003048,2,1
10.10005048,1,1
10.10006048,2,1
10.10007048,3,1
10.20003048,4,1
10.20004048,3,1
10.20005048,4,1
10.20006048,2,1
10.30003048,1,1
10.30004048,4,1
10.30005048,3,1
10.30006048,2,1
10.30007048,1,1
10.40003048,4,1
10.40005048,4,1
10.40006048,2,1
10.40007048,0,1
10.50003048,3,1
10.50004048,2,1
10.50005048,1,1
10.50006048,2,1
10.50007048,1,1
10.60003048,1,1
10.60004048,4,1
10.60006048,0,1
10.60007048,2,1
10.70003048,2,1
10.70005048,1,1
10.70007048,2,1
10.80003048,1,1
10.80004048,2,1
10.80005048,1,1
10.80007048,2,1
10.90003048,2,1
10.90004048,0,1
10.90005048,3,1
10.90006048,2,1
10.90007048,3,1
11.00003048,1,1
11.00004048,3,1
11.00005048,4,1
11.00006048,2,1
11.10003048,2,1
11.10004048,3,1
11.10005048,4,1
11.10006048,2,1
11.20003048,2,1
11.20004048,3,1
11.20005048,0,1
11.20006048,2,1
11.30003048,3,1
11.30004048,4,1
11.30005048,1,1
11.30006048,2,1
11.30007048,1,1
11.40003048,1,1
11.40004048,3,1
11.40005048,0,1
11.40006048,2,1
11.40007048,1,1
11.50003048,4,1
11.50004048,2,1
11.50005048,4,1
11.50006048,2,1
11.50007048,1,1
11.60003048,2,1
11.60005048,1,1
11.60006048,0,1
11.60007048,1,1
11.70003048,2,1
11.70004048,4,1
11.70006048,0,1
11.70007048,3,1
11.80003048,1,1
11.80004048,3,1
11.80005048,1,1
11.80006048,0,1
11.90003048,3,1
11.90004048,4,1
11.90005048,1,1
11.90007048,3,1
12.00003048,2,1
12.00004048,3,1
12.00005048,4,1
12.00006048,2,1
12.00007048,3,1
12.10003048,3,1
12.10004048,0,1
12.10005048,3,1
12.10006048,4,1
12.10007048,1,1
12.20003048,1,1
12.20004048,3,1
12.20005048,0,1
12.20006048,4,1
12.20007048,2,1
12.30003048,4,1
12.30004048,2,1
12.30005048,3,1
12.30006048,1,1
12.30007048,3,1
12.40003048,4,1
12.40005048,0,1
12.40006048,1,1
12.40007048,2,1
12.50003048,3,1
12.50004048,4,1
12.50005048,3,1
12.50006048,0,1
12.50007048,2,1
12.60003048,2,1
12.60004048,4,1
12.60005048,1,1
12.60006048,0,1
12.60007048,1,1
12.70003048,1,1
12.70004048,2,1
12.70005048,4,1
12.70006048,2,1
12.70007048,1,1
12.80003048,3,1
12.80004048,2,1
12.80005048,0,1
12.80006048,4,1
12.80007048,1,1
12.90003048,4,1
12.90004048,3,1
12.90006048,4,1
12.90007048,3,1
13.00003048,4,1
13.00004048,3,1
13.00005048,0,1
13.00007048,1,1
13.10003048,4,1
13.10004048,0,1
13.10006048,4,1
13.10007048,2,1
13.20003048,4,1
13.20005048,1,1
13.20006048,2,1
13.20007048,3,1
13.30003048,3,1
13.30005048,4,1
13.30006048,0,1
13.30007048,1,1
13.40003048,1,1
13.40004048,2,1
13.40005048,3,1
13.40006048,4,1
13.40007048,0,1
13.50003048,1,1
13.50004048,2,1
13.50005048,1,1
13.50006048,2,1
13.50007048,0,1
13.60003048,2,1
13.60004048,4,1
13.60005048,0,1
13.60007048,2,1
13.70003048,3,1
13.70005048,1,1
13.70006048,2,1
13.80003048,2,1
13.80004048,4,1
13.80005048,1,1
13.80006048,2,1
13.80007048,1,1
13.90003048,1,1
13.90004048,0,1
13.90005048,1,1
13.90006048,4,1
13.90007048,0,1
14.00003048,2,1
14.00005048,4,1
14.00006048,0,1
14.00007048,3,1
14.10003048,1,1
14.10004048,0,1
14.10005048,3,1
14.10006048,2,1
14.10007048,0,1
14.20003048,1,1
14.20004048,3,1
14.20005048,1,1
14.20006048,0,1
14.30003048,3,1
14.30004048,2,1
14.30005048,4,1
14.30006048,1,1
14.40003048,1,1
14.40004048,3,1
14.40005048,0,1
14.40007048,0,1
14.50003048,4,1
14.50004048,0,1
14.50005048,4,1
14.50007048,1,1
14.60003048,4,1
14.60004048,0,1
14.60006048,0,1
14.60007048,1,1
14.70003048,3,1
14.70004048,4,1
14.70005048,1,1
14.70007048,1,1
14.80003048,4,1
14.80004048,2,1
14.80005048,1,1
14.80006048,4,1
14.80007048,1,1
14.90003048,1,1
14.90004048,4,1
14.90005048,0,1
14.90006048,1,1
15.00003048,4,1
15.00004048,0,1
15.00006048,1,1
15.00007048,0,1
15.10003048,3,1
15.10005048,1,1
15.10006048,0,1
15.20003048,4,1
15.20005048,4,1
15.20006048,2,1
15.30003048,4,1
15.30004048,3,1
15.30005048,1,1
15.30006048,2,1
15.30007048,3,1
15.40003048,1,1
15.40004048,0,1
15.40006048,1,1
15.50003048,4,1
15.50004048,2,1
15.50005048,1,1
15.50006048,2,1
15.50007048,1,1
15.60003048,4,1
15.60005048,3,1
15.60006048,1,1
15.60007048,2,1
15.70003048,1,1
15.70004048,3,1
15.70005048,4,1
15.70006048,1,1
15.80003048,1,1
15.80004048,4,1
15.80005048,3,1
15.80006048,4,1
15.80007048,1,1
15.90003048,2,1
15.90004048,3,1
15.90005048,4,1
15.90006048,1,1
15.90007048,0,1
16.00003048,1,1
16.00004048,4,1
16.00006048,1,1
16.00007048,3,1
16.10003048,3,1
16.10004048,2,1
16.10005048,0,1
16.10006048,4,1
16.10007048,1,1
16.20003048,3,1
16.20004048,2,1
16.20005048,0,1
16.20006048,2,1
16.20007048,0,1
16.30003048,3,1
16.30004048,4,1
16.30006048,4,1
16.30007048,1,1
16.40003048,2,1
16.40004048,4,1
16.40005048,0,1
16.40006048,2,1
16.40007048,3,1
16.50003048,1,1
16.50004048,4,1
16.50006048,1,1
16.60003048,4,1
16.60004048,2,1
16.60005048,1,1
16.60007048,3,1
16.70003048,4,1
16.70004048,0,1
16.70005048,3,1
16.70006048,2,1
16.80003048,4,1
16.80005048,1,1
16.80006048,4,1
16.80007048,3,1
16.90003048,2,1
16.90004048,4,1
16.90005048,0,1
16.90006048,2,1
17.00003048,3,1
17.00004048,4,1
17.00005048,1,1
17.00006048,2,1
17.00007048,3,1
17.10003048,2,1
17.10004048,0,1
17.10005048,4,1
17.10006048,2,1
17.10007048,1,1
17.20003048,4,1
17.20004048,0,1
17.20005048,1,1
17.20007048,3,1
17.30003048,1,1
17.30004048,4,1
17.30006048,0,1
17.30007048,2,1
17.40003048,2,1
17.40004048,0,1
17.40005048,1,1
17.40006048,2,1
17.40007048,1,1
17.50003048,3,1
17.50004048,0,1
17.50005048,1,1
17.50006048,2,1
17.50007048,0,1
17.60003048,4,1
17.60004048,0,1
17.60005048,4,1
17.60006048,0,1
17.60007048,3,1
17.70003048,4,1
17.70004048,2,1
17.70005048,3,1
17.70006048,2,1
17.80003048,4,1
17.80004048,0,1
17.80005048,3,1
17.80006048,2,1
17.80007048,3,1
17.90003048,2,1
17.90005048,1,1
17.90006048,2,1
17.90007048,0,1
18.00003048,4,1
18.00004048,0,1
18.00005048,3,1
18.00006048,1,1
18.10003048,2,1
18.10004048,4,1
18.10005048,0,1
18.10006048,1,1
18.10007048,0,1
18.20003048,1,1
18.20004048,2,1
18.20005048,4,1
18.20007048,3,1
18.30003048,1,1
18.30004048,3,1
18.30005048,1,1
18.30006048,4,1
18.30007048,3,1
18.40003048,4,1
18.40005048,1,1
18.40006048,0,1
18.50003048,2,1
18.50005048,0,1
18.50006048,2,1
18.50007048,1,1
18.60003048,3,1
18.60004048,0,1
18.60005048,1,1
18.60007048,0,1
18.70003048,2,1
18.70004048,0,1
18.70005048,3,1
18.70006048,2,1
18.70007048,0,1
18.80003048,4,1
18.80004048,2,1
18.80005048,1,1
18.80006048,2,1
18.90003048,2,1
18.90004048,0,1
18.90005048,4,1
18.90007048,3,1
19.00003048,4,1
19.00004048,3,1
19.00005048,0,1
19.00006048,4,1
19.00007048,0,1
19.10003048,4,1
19.10005048,1,1
19.10006048,0,1
19.10007048,2,1
19.20003048,2,1
19.20004048,3,1
19.20005048,0,1
19.20006048,1,1
19.20007048,2,1
19.30003048,2,1
19.30004048,0,1
19.30006048,4,1
19.30007048,1,1
19.40003048,3,1
19.40004048,4,1
19.40005048,3,1
19.40006048,4,1
19.40007048,0,1
19.50003048,4,1
19.50005048,3,1
19.50006048,4,1
19.50007048,0,1
19.60003048,1,1
19.60004048,2,1
19.60005048,3,1
19.60006048,1,1
19.70003048,1,1
19.70004048,0,1
19.70005048,4,1
19.70006048,2,1
19.70007048,0,1
19.80003048,2,1
19.80004048,3,1
19.80006048,1,1
19.80007048,0,1
19.90003048,3,1
19.90004048,4,1
19.90005048,3,1
19.90006048,2,1
19.90007048,1,1
20.00003048,1,1
20.00004048,4,1
20.00005048,1,1
20.00007048,1,1
20.10003048,2,1
20.10004048,3,1
20.10006048,2,1
20.10007048,0,1
20.20003048,3,1
20.20004048,2,1
20.20005048,1,1
20.20006048,2,1
20.20007048,1,1
20.30003048,2,1
20.30004048,3,1
20.30006048,4,1
20.30007048,0,1
20.40003048,1,1
20.40004048,3,1
20.40005048,1,1
20.40007048,0,1
20.50003048,4,1
20.50004048,3,1
20.50005048,1,1
20.50007048,1,1
20.60003048,1,1
20.60004048,3,1
20.60005048,4,1
20.60007048,3,1
20.70003048,3,1
20.70004048,2,1
20.70005048,1,1
20.70007048,2,1
20.80003048,3,1
20.80004048,4,1
20.80005048,3,1
20.80006048,1,1
20.80007048,0,1
20.90003048,2,1
20.90004048,4,1
20.90006048,4,1
20.90007048,0,1
21.00003048,2,1
21.00004048,4,1
21.00005048,0,1
21.00006048,1,1
21.10003048,1,1
21.10004048,0,1
21.10006048,2,1
21.10007048,3,1
21.20003048,2,1
21.20005048,4,1
21.20006048,1,1
21.20007048,0,1
21.30003048,1,1
21.30004048,3,1
21.30005048,0,1
21.30007048,2,1
21.40003048,1,1
21.40004048,4,1
21.40006048,2,1
21.50003048,3,1
21.50004048,4,1
21.50005048,0,1
21.50006048,4,1
21.50007048,2,1
21.60003048,3,1
21.60004048,0,1
21.60006048,1,1
21.70003048,2,1
21.70004048,0,1
21.70005048,1,1
21.70006048,0,1
21.70007048,3,1
21.80003048,4,1
21.80005048,4,1
21.80006048,0,1
21.80007048,2,1
21.90003048,2,1
21.90005048,4,1
21.90006048,2,1
21.90007048,3,1
22.00003048,4,1
22.00004048,3,1
22.00006048,2,1
22.00007048,3,1
22.10003048,1,1
22.10004048,4,1
22.10005048,3,1
22.10006048,4,1
22.10007048,1,1
22.20003048,4,1
22.20005048,3,1
22.20006048,2,1
22.20007048,0,1
22.30003048,3,1
22.30005048,0,1
22.30006048,4,1
22.30007048,1,1
22.40003048,4,1
22.40004048,2,1
22.40005048,0,1
22.40006048,2,1
22.40007048,0,1
22.50003048,2,1
22.50005048,0,1
22.50006048,4,1
22.50007048,0,1
22.60003048,2,1
22.60004048,3,1
22.60005048,4,1
22.60006048,0,1
22.60007048,2,1
22.70003048,2,1
22.70004048,4,1
22.70005048,3,1
22.70006048,2,1
22.70007048,3,1
22.80003048,3,1
22.80004048,2,1
22.80005048,4,1
22.80006048,0,1
22.80007048,1,1
22.90003048,1,1
22.90004048,4,1
22.90006048,2,1
22.90007048,3,1
23.00003048,2,1
23.00004048,4,1
23.00005048,0,1
23.00006048,4,1
23.00007048,3,1
23.10003048,3,1
23.10004048,2,1
23.10005048,4,1
23.10006048,0,1
23.10007048,1,1
23.20003048,2,1
23.20005048,4,1
23.20007048,0,1
23.30003048,3,1
23.30005048,0,1
23.30006048,4,1
23.30007048,0,1
23.40003048,2,1
23.40004048,0,1
23.40005048,4,1
23.40006048,1,1
23.40007048,3,1
23.50003048,3,1
23.50004048,2,1
23.50005048,1,1
23.50006048,0,1
23.60003048,4,1
23.60005048,4,1
23.60007048,3,1
23.70003048,2,1
23.70004048,0,1
23.70005048,3,1
23.70006048,0,1
23.80003048,3,1
23.80004048,4,1
23.80005048,1,1
23.80007048,3,1
23.90003048,2,1
23.90005048,0,1
23.90007048,3,1
24.00003048,1,1
24.00004048,3,1
24.00005048,0,1
24.00006048,2,1
24.00007048,3,1
24.10003048,1,1
24.10004048,4,1
24.10006048,1,1
24.10007048,3,1
24.20003048,2,1
24.20004048,4,1
24.20006048,0,1
24.20007048,2,1
24.30003048,2,1
24.30005048,4,1
24.30007048,2,1
24.40003048,1,1
24.40004048,0,1
24.40006048,1,1
24.40007048,2,1
24.50003048,1,1
24.50004048,0,1
24.50005048,4,1
24.50006048,0,1
24.50007048,2,1
24.60003048,1,1
24.60004048,2,1
24.60005048,0,1
24.60007048,1,1
24.70003048,4,1
24.70005048,0,1
24.70006048,1,1
24.70007048,0,1
24.80003048,2,1
24.80004048,4,1
24.80006048,0,1
24.80007048,3,1
24.90003048,1,1
24.90004048,2,1
24.90005048,3,1
24.90006048,2,1
24.90007048,3,1
25.00003048,2,1
25.00004048,4,1
25.00005048,3,1
25.00006048,2,1
25.00007048,0,1
25.10003048,4,1
25.10004048,2,1
25.10005048,3,1
25.10006048,2,1
25.10007048,1,1
25.20003048,2,1
25.20004048,4,1
25.20005048,3,1
25.20006048,1,1
25.20007048,2,1
25.30003048,3,1
25.30004048,0,1
25.30005048,1,1
25.30006048,4,1
25.30007048,2,1
25.40003048,4,1
25.40005048,4,1
25.40006048,1,1
25.40007048,2,1
25.50003048,2,1
25.50004048,0,1
25.50005048,4,1
25.50006048,0,1
25.50007048,2,1
25.60003048,2,1
25.60004048,4,1
25.60005048,1,1
25.60006048,2,1
25.60007048,3,1
25.70003048,1,1
25.70004048,0,1
25.70006048,1,1
25.80003048,1,1
25.80004048,0,1
25.80005048,3,1
25.80006048,4,1
25.80007048,2,1
25.90003048,3,1
25.90004048,2,1
25.90005048,0,1
25.90006048,2,1
25.90007048,3,1
26.00003048,1,1
26.00004048,3,1
26.00005048,1,1
26.00006048,2,1
26.00007048,0,1
26.10003048,2,1
26.10004048,0,1
26.10005048,4,1
26.10006048,2,1
26.10007048,1,1
26.20003048,3,1
26.20005048,3,1
26.20006048,4,1
26.20007048,1,1
26.30003048,3,1
26.30005048,0,1
26.30007048,1,1
26.40003048,2,1
26.40004048,0,1
26.40005048,1,1
26.40006048,4,1
26.40007048,0,1
26.50003048,2,1
26.50004048,4,1
26.50006048,4,1
26.50007048,1,1
26.60003048,2,1
26.60004048,0,1
26.60005048,3,1
26.60006048,2,1
26.60007048,1,1
26.70003048,4,1
26.70005048,4,1
26.70007048,2,1
26.80003048,2,1
26.80004048,3,1
26.80006048,2,1
26.80007048,0,1
26.90003048,2,1
26.90004048,3,1
26.90005048,1,1
26.90007048,2,1
27.00003048,3,1
27.00004048,4,1
27.00005048,3,1
27.00006048,0,1
27.00007048,2,1
27.10003048,1,1
27.10004048,4,1
27.10005048,1,1
27.10006048,4,1
27.10007048,0,1
27.20003048,1,1
27.20004048,4,1
27.20005048,1,1
27.20006048,4,1
27.20007048,2,1
27.30003048,3,1
27.30004048,4,1
27.30005048,1,1
27.30007048,0,1
27.40003048,3,1
27.40004048,2,1
27.40005048,3,1
27.40006048,1,1
27.40007048,0,1
27.50003048,4,1
27.50004048,3,1
27.50005048,4,1
27.50006048,2,1
27.50007048,3,1
27.60003048,3,1
27.60004048,2,1
27.60005048,3,1
27.60006048,1,1
27.60007048,2,1
27.70003048,3,1
27.70005048,0,1
27.70006048,1,1
27.80003048,1,1
27.80004048,3,1
27.80005048,0,1
27.80006048,4,1
27.80007048,3,1
27.90003048,3,1
27.90004048,0,1
27.90005048,1,1
27.90006048,4,1
27.90007048,0,1
28.00003048,2,1
28.00005048,4,1
28.00007048,1,1
28.10003048,2,1
28.10004048,3,1
28.10005048,4,1
28.10006048,1,1
28.10007048,0,1
28.20003048,1,1
28.20004048,3,1
28.20005048,0,1
28.20006048,4,1
28.20007048,3,1
28.30003048,4,1
28.30004048,0,1
28.30005048,4,1
28.30006048,1,1
28.30007048,2,1
28.40003048,3,1
28.40004048,2,1
28.40005048,0,1
28.40007048,3,1
28.50003048,3,1
28.50004048,4,1
28.50005048,1,1
28.50006048,0,1
28.50007048,3,1
28.60003048,2,1
28.60004048,0,1
28.60005048,3,1
28.60006048,4,1
28.60007048,3,1
28.70003048,4,1
28.70005048,1,1
28.70006048,2,1
28.70007048,1,1
28.80003048,4,1
28.80004048,2,1
28.80005048,0,1
28.80007048,2,1
28.90003048,3,1
28.90005048,0,1
28.90006048,2,1
28.90007048,1,1
29.00003048,3,1
29.00004048,4,1
29.00005048,1,1
29.00006048,0,1
29.00007048,3,1
29.10003048,3,1
29.10004048,0,1
29.10005048,4,1
29.10006048,1,1
29.10007048,2,1
29.20003048,4,1
29.20005048,3,1
29.20006048,1,1
29.20007048,2,1
29.30003048,1,1
29.30004048,2,1
29.30005048,1,1
29.30006048,4,1
29.30007048,2,1
29.40003048,3,1
29.40004048,2,1
29.40005048,0,1
29.40006048,2,1
29.40007048,1,1
29.50003048,4,1
29.50004048,0,1
29.50005048,1,1
29.50006048,0,1
29.50007048,3,1
29.60003048,1,1
29.60004048,2,1
29.60005048,3,1
29.60006048,0,1
29.60007048,3,1
29.70003048,4,1
29.70004048,0,1
29.70005048,1,1
29.70007048,1,1
29.80003048,2,1
29.80005048,0,1
29.80006048,2,1
29.90003048,2,1
29.90005048,3,1
29.90006048,4,1
29.90007048,3,1
30.00003048,4,1
30.00004048,3,1
30.00005048,1,1
30.00006048,4,1
30.00007048,0,1
30.10003048,1,1
30.10004048,0,1
30.10005048,4,1
30.10006048,0,1
30.10007048,1,1
30.20003048,1,1
30.20004048,2,1
30.20005048,0,1
30.20006048,2,1
30.20007048,1,1
30.30003048,3,1
30.30004048,0,1
30.30005048,1,1
30.30006048,4,1
30.30007048,2,1
30.40003048,1,1
30.40004048,0,1
30.40005048,3,1
30.40006048,1,1
30.40007048,3,1
30.50003048,2,1
30.50004048,4,1
30.50005048,1,1
30.50006048,4,1
30.50007048,3,1
30.60003048,2,1
30.60004048,3,1
30.60005048,1,1
30.60006048,2,1
30.60007048,0,1
30.70003048,1,1
30.70004048,2,1
30.70005048,4,1
30.70006048,0,1
30.70007048,3,1
30.80003048,1,1
30.80004048,4,1
30.80006048,1,1
30.80007048,2,1
30.90003048,4,1
30.90005048,1,1
30.90006048,0,1
31.00003048,3,1
31.00004048,0,1
31.00005048,3,1
31.00006048,1,1
31.00007048,2,1
31.10003048,2,1
31.10004048,3,1
31.10005048,0,1
31.10006048,2,1
31.10007048,3,1
31.20003048,4,1
31.20005048,3,1
31.20006048,2,1
31.20007048,1,1
31.30003048,1,1
31.30004048,2,1
31.30005048,3,1
31.30006048,1,1
31.30007048,2,1
31.40003048,3,1
31.40005048,4,1
31.40006048,0,1
31.40007048,1,1
31.50003048,4,1
31.50004048,2,1
31.50005048,0,1
31.50006048,1,1
31.60003048,3,1
31.60005048,0,1
31.60006048,2,1
31.60007048,3,1
31.70003048,3,1
31.70004048,0,1
31.70005048,1,1
31.70006048,0,1
31.70007048,2,1
31.80003048,3,1
31.80004048,4,1
31.80005048,1,1
31.80007048,3,1
31.90003048,2,1
31.90004048,4,1
31.90005048,1,1
31.90007048,0,1
32.00003048,4,1
32.00004048,0,1
32.00005048,4,1
32.00007048,3,1
32.10003048,4,1
32.10004048,0,1
32.10005048,3,1
32.10006048,4,1
32.10007048,1,1
32.20003048,3,1
32.20004048,0,1
32.20005048,1,1
32.20006048,4,1
32.20007048,1,1
32.30003048,2,1
32.30004048,3,1
32.30005048,0,1
32.30007048,0,1
32.40003048,3,1
32.40004048,4,1
32.40006048,1,1
32.40007048,3,1
32.50003048,4,1
32.50004048,0,1
32.50005048,4,1
32.50006048,1,1
32.50007048,0,1
32.60003048,1,1
32.60004048,2,1
32.60005048,4,1
32.60007048,3,1
32.70003048,3,1
32.70004048,2,1
32.70005048,1,1
32.70006048,2,1
32.70007048,1,1
32.80003048,1,1
32.80004048,4,1
32.80005048,1,1
32.80006048,0,1
32.80007048,2,1
32.90003048,2,1
32.90004048,0,1
32.90005048,3,1
32.90006048,2,1
32.90007048,0,1
33.00003048,2,1
33.00004048,4,1
33.00005048,0,1
33.00006048,4,1
33.00007048,1,1
33.10003048,4,1
33.10004048,2,1
33.10005048,3,1
33.10006048,1,1
33.20003048,4,1
33.20004048,0,1
33.20006048,4,1
33.20007048,1,1
33.30003048,3,1
33.30005048,1,1
33.30006048,4,1
33.30007048,1,1
33.40003048,1,1
33.40004048,3,1
33.40005048,1,1
33.40006048,4,1
33.40007048,2,1
33.50003048,2,1
33.50004048,0,1
33.50006048,4,1
33.50007048,0,1
33.60003048,3,1
33.60004048,2,1
33.60005048,1,1
33.60006048,0,1
33.60007048,1,1
33.70003048,3,1
33.70004048,4,1
33.70005048,3,1
33.70006048,1,1
33.70007048,3,1
33.80003048,4,1
33.80004048,2,1
33.80005048,4,1
33.80006048,0,1
33.80007048,2,1
33.90003048,2,1
33.90004048,4,1
33.90006048,2,1
33.90007048,0,1
34.00003048,1,1
34.00004048,4,1
34.00005048,3,1
34.00006048,1,1
34.00007048,0,1
34.10003048,1,1
34.10004048,4,1
34.10005048,0,1
34.10006048,2,1
34.10007048,0,1
34.20003048,4,1
34.20004048,2,1
34.20005048,4,1
34.20006048,2,1
34.20007048,1,1
34.30003048,4,1
34.30004048,0,1
34.30006048,1,1
34.40003048,3,1
34.40005048,1,1
34.40006048,4,1
34.40007048,1,1
34.50003048,2,1
34.50004048,0,1
34.50006048,0,1
34.50007048,2,1
34.60003048,4,1
34.60004048,3,1
34.60005048,0,1
34.60006048,1,1
34.70003048,4,1
34.70004048,2,1
34.70005048,4,1
34.70006048,1,1
34.70007048,3,1
34.80003048,2,1
34.80004048,3,1
34.80006048,2,1
34.80007048,3,1
34.90003048,3,1
34.90004048,4,1
34.90005048,1,1
34.90006048,2,1
34.90007048,3,1
35.00003048,1,1
35.00004048,4,1
35.00006048,2,1
35.00007048,1,1
35.10003048,1,1
35.10004048,2,1
35.10005048,0,1
35.10007048,2,1
35.20003048,4,1
35.20005048,4,1
35.20006048,1,1
35.20007048,2,1
35.30003048,1,1
35.30004048,2,1
35.30005048,4,1
35.30007048,1,1
35.40003048,2,1
35.40004048,0,1
35.40006048,0,1
35.40007048,2,1
35.50003048,3,1
35.50004048,2,1
35.50005048,0,1
35.50007048,2,1
35.60003048,1,1
35.60004048,4,1
35.60005048,0,1
35.60006048,2,1
35.60007048,0,1
35.70003048,2,1
35.70005048,1,1
35.70006048,0,1
35.80003048,1,1
35.80004048,3,1
35.80006048,0,1
35.90003048,1,1
35.90004048,3,1
35.90005048,4,1
35.90006048,0,1
35.90007048,3,1
36.00003048,3,1
36.00005048,0,1
36.00007048,1,1
36.10003048,1,1
36.10004048,4,1
36.10005048,0,1
36.10007048,2,1
36.20003048,2,1
36.20004048,3,1
36.20005048,0,1
36.20006048,1,1
36.20007048,3,1
36.30003048,1,1
36.30004048,2,1
36.30005048,1,1
36.30006048,2,1
36.30007048,3,1
36.40003048,3,1
36.40004048,4,1
36.40005048,3,1
36.40006048,2,1
36.40007048,0,1
36.50003048,2,1
36.50004048,0,1
36.50005048,1,1
36.50007048,2,1
36.60003048,4,1
36.60004048,3,1
36.60006048,4,1
36.60007048,0,1
36.70003048,4,1
36.70004048,2,1
36.70005048,0,1
36.70006048,4,1
36.70007048,2,1
36.80003048,4,1
36.80004048,2,1
36.80005048,3,1
36.80006048,1,1
36.80007048,3,1
36.90003048,1,1
36.90004048,4,1
36.90005048,0,1
36.90007048,3,1
37.00003048,1,1
37.00004048,3,1
37.00005048,0,1
37.00006048,1,1
37.00007048,3,1
37.10003048,4,1
37.10005048,0,1
37.10006048,2,1
37.10007048,3,1
37.20003048,3,1
37.20004048,4,1
37.20005048,1,1
37.20006048,2,1
37.20007048,3,1
37.30003048,3,1
37.30005048,3,1
37.30006048,4,1
37.30007048,2,1
37.40003048,1,1
37.40004048,3,1
37.40006048,4,1
37.40007048,2,1
37.50003048,4,1
37.50004048,3,1
37.50005048,4,1
37.50006048,0,1
37.50007048,2,1
37.60003048,1,1
37.60004048,0,1
37.60005048,1,1
37.60007048,3,1
37.70003048,1,1
37.70004048,2,1
37.70005048,3,1
37.70006048,1,1
37.70007048,3,1
37.80003048,4,1
37.80005048,4,1
37.80007048,1,1
37.90003048,2,1
37.90004048,3,1
37.90005048,4,1
37.90006048,2,1
38.00003048,1,1
38.00004048,0,1
38.00005048,4,1
38.00007048,3,1
38.10003048,2,1
38.10004048,4,1
38.10006048,2,1
38.10007048,3,1
38.20003048,4,1
38.20004048,3,1
38.20005048,4,1
38.20007048,1,1
38.30003048,4,1
38.30005048,4,1
38.30006048,2,1
38.40003048,3,1
38.40004048,2,1
38.40005048,4,1
38.40006048,0,1
38.50003048,3,1
38.50004048,2,1
38.50005048,4,1
38.50006048,2,1
38.50007048,1,1
38.60003048,1,1
38.60004048,2,1
38.60005048,1,1
38.60006048,2,1
38.60007048,3,1
38.70003048,3,1
38.70004048,2,1
38.70005048,4,1
38.70006048,2,1
38.80003048,1,1
38.80004048,4,1
38.80005048,3,1
38.80006048,1,1
38.90003048,1,1
38.90004048,3,1
38.90006048,4,1
38.90007048,3,1
39.00003048,1,1
39.00004048,3,1
39.00006048,2,1
39.00007048,1,1
39.10003048,3,1
39.10004048,2,1
39.10005048,4,1
39.10007048,1,1
39.20003048,1,1
39.20004048,3,1
39.20006048,2,1
39.20007048,0,1
39.30003048,1,1
39.30004048,3,1
39.30005048,1,1
39.30006048,4,1
39.30007048,3,1
39.40003048,3,1
39.40005048,1,1
39.40006048,0,1
39.40007048,1,1
39.50003048,1,1
39.50004048,2,1
39.50005048,3,1
39.50006048,1,1
39.60003048,4,1
39.60004048,3,1
39.60005048,4,1
39.60007048,1,1
39.70003048,3,1
39.70004048,2,1
39.70005048,4,1
39.70006048,0,1
39.80003048,2,1
39.80004048,4,1
39.80006048,0,1
39.80007048,2,1
39.90003048,2,1
39.90004048,3,1
39.90005048,0,1
39.90006048,4,1
39.90007048,0,1
40.00003048,1,1
40.00004048,2,1
40.00005048,1,1
40.00006048,0,1
40.00007048,1,1
40.10003048,1,1
40.10004048,2,1
40.10005048,4,1
40.10006048,2,1
40.10007048,1,1
40.20003048,3,1
40.20004048,4,1
40.20005048,1,1
40.20006048,4,1
40.20007048,0,1
40.30003048,1,1
40.30004048,3,1
40.30005048,4,1
40.30006048,2,1
40.30007048,3,1
40.40003048,1,1
40.40004048,2,1
40.40005048,0,1
40.40006048,1,1
40.40007048,2,1
40.50003048,4,1
40.50005048,0,1
40.50006048,1,1
40.50007048,2,1
40.60003048,4,1
40.60005048,0,1
40.60006048,2,1
40.60007048,1,1
40.70003048,3,1
40.70004048,4,1
40.70005048,1,1
40.70006048,4,1
40.70007048,1,1
40.80003048,2,1
40.80005048,4,1
40.80006048,2,1
40.80007048,3,1
40.90003048,1,1
40.90004048,4,1
40.90006048,4,1
40.90007048,0,1
41.00003048,1,1
41.00004048,4,1
41.00005048,0,1
41.00006048,1,1
41.00007048,3,1
41.10003048,3,1
41.10004048,4,1
41.10005048,0,1
41.10006048,1,1
41.10007048,2,1
41.20003048,3,1
41.20004048,2,1
41.20005048,3,1
41.20006048,1,1
41.20007048,0,1
41.30003048,4,1
41.30004048,2,1
41.30005048,1,1
41.30007048,1,1
41.40003048,3,1
41.40004048,2,1
41.40005048,4,1
41.40006048,2,1
41.40007048,1,1
41.50003048,4,1
41.50004048,0,1
41.50005048,3,1
41.50006048,2,1
41.50007048,1,1
41.60003048,4,1
41.60004048,2,1
41.60005048,4,1
41.60006048,2,1
41.60007048,0,1
41.70003048,1,1
41.70004048,0,1
41.70005048,1,1
41.70006048,2,1
41.70007048,0,1
41.80003048,3,1
41.80004048,4,1
41.80005048,1,1
41.80006048,0,1
41.80007048,2,1
41.90003048,3,1
41.90004048,4,1
41.90006048,1,1
41.90007048,0,1
42.00003048,1,1
42.00004048,0,1
42.00005048,3,1
42.00006048,0,1
42.00007048,2,1
42.10003048,3,1
42.10004048,2,1
42.10005048,4,1
42.10006048,2,1
42.20003048,1,1
42.20004048,0,1
42.20005048,4,1
42.20006048,1,1
42.20007048,0,1
42.30003048,3,1
42.30005048,4,1
42.30007048,2,1
42.40003048,4,1
42.40004048,3,1
42.40005048,4,1
42.40007048,0,1
42.50003048,4,1
42.50005048,3,1
42.50006048,0,1
42.50007048,2,1
42.60003048,1,1
42.60004048,4,1
42.60005048,0,1
42.60006048,2,1
42.60007048,1,1
42.70003048,4,1
42.70004048,0,1
42.70006048,4,1
42.70007048,0,1
42.80003048,2,1
42.80004048,0,1
42.80006048,1,1
42.80007048,0,1
42.90003048,1,1
42.90004048,0,1
42.90005048,4,1
42.90007048,1,1
43.00003048,4,1
43.00004048,3,1
43.00005048,0,1
43.00007048,2,1
43.10003048,4,1
43.10004048,2,1
43.10005048,1,1
43.10006048,0,1
43.10007048,2,1
43.20003048,1,1
43.20004048,2,1
43.20005048,3,1
43.20006048,1,1
43.20007048,3,1
43.30003048,3,1
43.30004048,4,1
43.30006048,2,1
43.30007048,1,1
43.40003048,3,1
43.40004048,0,1
43.40005048,4,1
43.40006048,2,1
43.40007048,3,1
43.50003048,2,1
43.50004048,0,1
43.50005048,3,1
43.50006048,0,1
43.50007048,3,1
43.60003048,3,1
43.60005048,0,1
43.60006048,1,1
43.70003048,2,1
43.70004048,4,1
43.70005048,3,1
43.70006048,0,1
43.70007048,3,1
43.80003048,4,1
43.80004048,0,1
43.80005048,3,1
43.80006048,1,1
43.80007048,2,1
43.90003048,1,1
43.90004048,3,1
43.90005048,1,1
43.90007048,0,1
44.00003048,1,1
44.00004048,3,1
44.00005048,4,1
44.00006048,1,1
44.10003048,3,1
44.10005048,0,1
44.10007048,0,1
44.20003048,4,1
44.20004048,3,1
44.20005048,1,1
44.20007048,1,1
44.30003048,1,1
44.30004048,0,1
44.30005048,4,1
44.30006048,0,1
44.30007048,3,1
44.40003048,3,1
44.40004048,4,1
44.40005048,1,1
44.40007048,3,1
44.50003048,3,1
44.50004048,4,1
44.50005048,1,1
44.50006048,4,1
44.50007048,1,1
44.60003048,3,1
44.60005048,0,1
44.60006048,2,1
44.60007048,0,1
44.70003048,3,1
44.70004048,2,1
44.70005048,1,1
44.70007048,3,1
44.80003048,4,1
44.80004048,2,1
44.80005048,3,1
44.80006048,2,1
44.80007048,1,1
44.90003048,3,1
44.90004048,2,1
44.90005048,0,1
44.90007048,1,1
45.00003048,3,1
45.00004048,4,1
45.00005048,0,1
45.00006048,4,1
45.00007048,1,1
45.10003048,4,1
45.10005048,1,1
45.10006048,0,1
45.10007048,1,1
45.20003048,4,1
45.20004048,3,1
45.20006048,0,1
45.20007048,1,1
45.30003048,1,1
45.30004048,4,1
45.30005048,3,1
45.30006048,4,1
45.30007048,0,1
45.40003048,2,1
45.40005048,4,1
45.40006048,0,1
45.40007048,2,1
45.50003048,1,1
45.50004048,2,1
45.50005048,4,1
45.50006048,0,1
45.60003048,2,1
45.60004048,3,1
45.60005048,4,1
45.60006048,1,1
45.60007048,3,1
45.70003048,2,1
45.70004048,3,1
45.70005048,4,1
45.70007048,1,1
45.80003048,3,1
45.80004048,2,1
45.80005048,4,1
45.80006048,1,1
45.80007048,0,1
45.90003048,3,1
45.90004048,2,1
45.90005048,0,1
45.90006048,2,1
45.90007048,0,1
46.00003048,2,1
46.00004048,0,1
46.00005048,1,1
46.00006048,0,1
46.00007048,3,1
46.10003048,3,1
46.10004048,4,1
46.10005048,1,1
46.10006048,2,1
46.10007048,0,1
46.20003048,2,1
46.20004048,3,1
46.20005048,1,1
46.20006048,2,1
46.20007048,0,1
46.30003048,3,1
46.30005048,4,1
46.30006048,0,1
46.40003048,3,1
46.40004048,4,1
46.40005048,3,1
46.40006048,1,1
46.40007048,2,1
46.50003048,3,1
46.50004048,2,1
46.50005048,0,1
46.50006048,2,1
46.50007048,0,1
46.60003048,3,1
46.60004048,2,1
46.60005048,3,1
46.60006048,0,1
46.60007048,2,1
46.70003048,3,1
46.70005048,3,1
46.70006048,1,1
46.80003048,4,1
46.80004048,0,1
46.80006048,4,1
46.80007048,1,1
46.90003048,1,1
46.90004048,0,1
46.90005048,4,1
46.90007048,1,1
47.00003048,2,1
47.00005048,0,1
47.00006048,2,1
47.00007048,1,1
47.10003048,2,1
47.10004048,3,1
47.10005048,0,1
47.10006048,1,1
47.20003048,2,1
47.20004048,0,1
47.20006048,2,1
47.20007048,1,1
47.30003048,1,1
47.30004048,3,1
47.30005048,0,1
47.30006048,2,1
47.30007048,0,1
47.40003048,4,1
47.40005048,4,1
47.40007048,2,1
47.50003048,4,1
47.50005048,4,1
47.50006048,2,1
47.60003048,1,1
47.60004048,4,1
47.60005048,3,1
47.60006048,4,1
47.60007048,0,1
47.70003048,3,1
47.70005048,1,1
47.70007048,1,1
47.80003048,4,1
47.80004048,3,1
47.80005048,0,1
47.80006048,2,1
47.80007048,1,1
47.90003048,4,1
47.90004048,3,1
47.90005048,4,1
47.90007048,0,1
48.00003048,1,1
48.00004048,2,1
48.00005048,3,1
48.00006048,1,1
48.00007048,2,1
48.10003048,1,1
48.10004048,4,1
48.10005048,1,1
48.10006048,0,1
48.10007048,3,1
48.20003048,3,1
48.20004048,2,1
48.20005048,4,1
48.20007048,0,1
48.30003048,1,1
48.30004048,0,1
48.30006048,2,1
48.30007048,1,1
48.40003048,3,1
48.40004048,4,1
48.40005048,1,1
48.40006048,4,1
48.40007048,3,1
48.50003048,4,1
48.50004048,2,1
48.50005048,0,1
48.50006048,2,1
48.50007048,1,1
48.60003048,1,1
48.60004048,2,1
48.60005048,4,1
48.60006048,2,1
48.60007048,1,1
48.70003048,3,1
48.70004048,4,1
48.70005048,0,1
48.70006048,2,1
48.70007048,1,1
48.80003048,3,1
48.80004048,0,1
48.80005048,4,1
48.80006048,1,1
48.80007048,0,1
48.90003048,2,1
48.90005048,4,1
48.90007048,0,1
49.00003048,4,1
49.00005048,1,1
49.00006048,2,1
49.10003048,3,1
49.10005048,3,1
49.10006048,1,1
49.10007048,2,1
49.20003048,3,1
49.20004048,4,1
49.20005048,0,1
49.20006048,2,1
49.30003048,1,1
49.30004048,0,1
49.30005048,4,1
49.30007048,0,1
49.40003048,1,1
49.40004048,2,1
49.40005048,4,1
49.40006048,2,1
49.50003048,4,1
49.50004048,2,1
49.50005048,4,1
49.50006048,1,1
49.50007048,3,1
49.60003048,4,1
49.60004048,2,1
49.60005048,0,1
49.60007048,2,1
49.70003048,4,1
49.70004048,0,1
49.70005048,4,1
49.70006048,0,1
49.70007048,1,1
49.80003048,1,1
49.80004048,0,1
49.80005048,4,1
49.80006048,1,1
49.80007048,0,1
49.90003048,4,1
49.90004048,3,1
49.90005048,0,1
49.90006048,2,1
50.00003048,1,1
50.00004048,2,1
50.00005048,0,1
50.00006048,4,1
50.00007048,2,1
50.10003048,3,1
50.10004048,2,1
50.10005048,1,1
50.10006048,2,1
50.10007048,3,1
50.20003048,3,1
50.20004048,0,1
50.20006048,4,1
50.20007048,0,1
50.30003048,1,1
50.30004048,4,1
50.30005048,1,1
50.30007048,2,1
50.40003048,2,1
50.40005048,4,1
50.40006048,0,1
50.40007048,2,1
50.50003048,2,1
50.50005048,0,1
50.50006048,4,1
50.50007048,3,1
50.60003048,4,1
50.60004048,2,1
50.60005048,4,1
50.60006048,0,1
50.70003048,2,1
50.70004048,3,1
50.70005048,1,1
50.70007048,3,1
50.80003048,1,1
50.80004048,3,1
50.80005048,4,1
50.80007048,3,1
50.90003048,1,1
50.90004048,4,1
50.90006048,4,1
50.90007048,2,1
51.00003048,4,1
51.00005048,3,1
51.00006048,0,1
51.00007048,1,1
51.10003048,2,1
51.10004048,4,1
51.10005048,3,1
51.10006048,4,1
51.10007048,1,1
51.20003048,4,1
51.20004048,0,1
51.20005048,4,1
51.20006048,0,1
51.20007048,1,1
51.30003048,3,1
51.30004048,4,1
51.30005048,1,1
51.30007048,0,1
51.40003048,2,1
51.40004048,4,1
51.40005048,1,1
51.40006048,0,1
51.40007048,2,1
51.50003048,2,1
51.50004048,3,1
51.50005048,1,1
51.50007048,1,1
51.60003048,2,1
51.60005048,3,1
51.60006048,2,1
51.60007048,0,1
51.70003048,4,1
51.70005048,1,1
51.70006048,2,1
51.70007048,3,1
51.80003048,2,1
51.80004048,0,1
51.80005048,4,1
51.80006048,2,1
51.90003048,4,1
51.90004048,3,1
51.90006048,0,1
51.90007048,1,1
52.00003048,4,1
52.00005048,0,1
52.00006048,4,1
52.00007048,0,1
52.10003048,4,1
52.10004048,0,1
52.10005048,4,1
52.10006048,1,1
52.10007048,3,1
52.20003048,3,1
52.20004048,4,1
52.20005048,3,1
52.20006048,1,1
52.20007048,0,1
52.30003048,2,1
52.30005048,4,1
52.30006048,2,1
52.30007048,1,1
52.40003048,3,1
52.40004048,4,1
52.40005048,0,1
52.40007048,0,1
52.50003048,2,1
52.50004048,4,1
52.50005048,0,1
52.50007048,0,1
52.60003048,3,1
52.60005048,0,1
52.60007048,0,1
52.70003048,4,1
52.70004048,2,1
52.70005048,0,1
52.70006048,1,1
52.70007048,2,1
52.80003048,4,1
52.80004048,2,1
52.80005048,0,1
52.80006048,2,1
52.80007048,3,1
52.90003048,4,1
52.90005048,0,1
52.90006048,1,1
53.00003048,3,1
53.00004048,0,1
53.00005048,1,1
53.00007048,2,1
53.10003048,3,1
53.10004048,4,1
53.10005048,0,1
53.10006048,4,1
53.10007048,0,1
53.20003048,2,1
53.20004048,0,1
53.20005048,1,1
53.20007048,3,1
53.30003048,1,1
53.30004048,0,1
53.30005048,4,1
53.30006048,0,1
53.40003048,2,1
53.40004048,3,1
53.40006048,0,1
53.40007048,1,1
53.50003048,1,1
53.50004048,3,1
53.50006048,2,1
53.50007048,3,1
53.60003048,1,1
53.60004048,3,1
53.60005048,0,1
53.60007048,2,1
53.70003048,1,1
53.70004048,0,1
53.70005048,1,1
53.70006048,2,1
53.70007048,0,1
53.80003048,4,1
53.80004048,2,1
53.80005048,4,1
53.80006048,1,1
53.80007048,2,1
53.90003048,1,1
53.90004048,4,1
53.90005048,3,1
53.90006048,0,1
53.90007048,2,1
54.00003048,2,1
54.00004048,3,1
54.00005048,0,1
54.00006048,1,1
54.00007048,0,1
54.10003048,1,1
54.10004048,3,1
54.10006048,0,1
54.10007048,1,1
54.20003048,3,1
54.20004048,4,1
54.20005048,3,1
54.20006048,4,1
54.20007048,2,1
54.30003048,3,1
54.30004048,0,1
54.30005048,3,1
54.30006048,1,1
54.30007048,0,1
54.40003048,1,1
54.40004048,0,1
54.40005048,4,1
54.40006048,2,1
54.50003048,4,1
54.50005048,3,1
54.50006048,2,1
54.50007048,3,1
54.60003048,2,1
54.60004048,0,1
54.60006048,4,1
54.60007048,3,1
54.70003048,4,1
54.70004048,3,1
54.70005048,4,1
54.70007048,2,1
54.80003048,2,1
54.80004048,0,1
54.80006048,0,1
54.80007048,1,1
54.90003048,4,1
54.90005048,3,1
54.90006048,1,1
54.90007048,3,1
55.00003048,3,1
55.00004048,4,1
55.00006048,1,1
55.00007048,2,1
55.10003048,2,1
55.10004048,3,1
55.10005048,0,1
55.10006048,4,1
55.10007048,0,1
55.20003048,1,1
55.20004048,0,1
55.20005048,3,1
55.20006048,4,1
55.20007048,0,1
55.30003048,4,1
55.30004048,2,1
55.30005048,3,1
55.30006048,4,1
55.30007048,3,1
55.40003048,4,1
55.40004048,0,1
55.40005048,3,1
55.40006048,0,1
55.40007048,2,1
55.50003048,1,1
55.50004048,3,1
55.50005048,0,1
55.50007048,1,1
55.60003048,2,1
55.60004048,3,1
55.60006048,2,1
55.60007048,3,1
55.70003048,2,1
55.70005048,4,1
55.70006048,0,1
55.70007048,2,1
55.80003048,2,1
55.80004048,3,1
55.80005048,0,1
55.80007048,1,1
55.90003048,3,1
55.90004048,2,1
55.90005048,3,1
55.90006048,1,1
55.90007048,3,1
56.00003048,3,1
56.00004048,2,1
56.00005048,1,1
56.00007048,0,1
56.10003048,3,1
56.10004048,4,1
56.10006048,1,1
56.10007048,2,1
56.20003048,2,1
56.20004048,3,1
56.20005048,4,1
56.20006048,0,1
56.20007048,2,1
56.30003048,4,1
56.30005048,3,1
56.30006048,0,1
56.40003048,2,1
56.40004048,4,1
56.40006048,2,1
56.40007048,1,1
56.50003048,2,1
56.50004048,4,1
56.50005048,0,1
56.50006048,4,1
56.50007048,3,1
56.60003048,4,1
56.60004048,2,1
56.60005048,0,1
56.60006048,4,1
56.60007048,2,1
56.70003048,3,1
56.70005048,0,1
56.70007048,3,1
56.80003048,4,1
56.80004048,2,1
56.80005048,4,1
56.80006048,1,1
56.80007048,0,1
56.90003048,1,1
56.90004048,0,1
56.90005048,1,1
56.90006048,0,1
56.90007048,2,1
57.00003048,1,1
57.00004048,0,1
57.00005048,1,1
57.00006048,2,1
57.00007048,0,1
57.10003048,4,1
57.10004048,0,1
57.10006048,2,1
57.10007048,3,1
57.20003048,1,1
57.20004048,0,1
57.20006048,1,1
57.30003048,4,1
57.30004048,0,1
57.30006048,4,1
57.30007048,3,1
57.40003048,3,1
57.40004048,4,1
57.40005048,0,1
57.40006048,2,1
57.40007048,0,1
57.50003048,1,1
57.50004048,4,1
57.50005048,0,1
57.50006048,2,1
57.50007048,0,1
57.60003048,2,1
57.60004048,3,1
57.60006048,1,1
57.60007048,3,1
57.70003048,2,1
57.70005048,3,1
57.70006048,1,1
57.70007048,2,1
57.80003048,4,1
57.80005048,0,1
57.80007048,3,1
57.90003048,2,1
57.90004048,3,1
57.90005048,4,1
57.90006048,2,1
57.90007048,1,1
58.00003048,1,1
58.00004048,4,1
58.00005048,0,1
58.00006048,2,1
58.00007048,3,1
58.10003048,1,1
58.10004048,2,1
58.10005048,1,1
58.10007048,0,1
58.20003048,2,1
58.20004048,0,1
58.20006048,0,1
58.20007048,3,1
58.30003048,1,1
58.30004048,3,1
58.30005048,0,1
58.30007048,1,1
58.40003048,2,1
58.40004048,0,1
58.40005048,3,1
58.40006048,2,1
58.40007048,1,1
58.50003048,4,1
58.50005048,4,1
58.50006048,2,1
58.50007048,1,1
58.60003048,4,1
58.60004048,3,1
58.60005048,0,1
58.60007048,0,1
58.70003048,1,1
58.70004048,2,1
58.70005048,3,1
58.70006048,0,1
58.80003048,2,1
58.80004048,4,1
58.80005048,3,1
58.80006048,0,1
58.80007048,3,1
58.90003048,2,1
58.90004048,3,1
58.90005048,4,1
58.90006048,0,1
58.90007048,1,1
59.00003048,4,1
59.00004048,0,1
59.00005048,3,1
59.00006048,4,1
59.00007048,2,1
59.10003048,1,1
59.10004048,2,1
59.10005048,1,1
59.10006048,2,1
59.20003048,3,1
59.20005048,1,1
59.20006048,4,1
59.20007048,3,1
59.30003048,1,1
59.30004048,3,1
59.30005048,1,1
59.30007048,1,1
59.40003048,2,1
59.40004048,0,1
59.40005048,3,1
59.40006048,1,1
59.40007048,0,1
59.50003048,3,1
59.50004048,4,1
59.50005048,3,1
59.50006048,1,1
59.50007048,2,1
59.60003048,4,1
59.60004048,2,1
59.60005048,0,1
59.60007048,2,1
59.70003048,2,1
59.70004048,0,1
59.70005048,4,1
59.70007048,0,1
59.80003048,3,1
59.80004048,2,1
59.80005048,1,1
59.80006048,4,1
59.80007048,3,1
59.90003048,1,1
59.90004048,2,1
59.90005048,0,1
59.90007048,3,1
60.00003048,2,1
60.00004048,3,1
60.00006048,0,1
60.00007048,1,1
60.10003048,1,1
60.10004048,3,1
60.10006048,4,1
60.10007048,0,1
60.20003048,2,1
60.20004048,4,1
60.20005048,3,1
60.20006048,0,1
60.20007048,3,1
60.30003048,1,1
60.30004048,4,1
60.30005048,0,1
60.30007048,1,1
60.40003048,4,1
60.40004048,3,1
60.40005048,4,1
60.40006048,2,1
60.40007048,3,1
60.50003048,3,1
60.50004048,4,1
60.50006048,0,1
60.50007048,1,1
60.60003048,3,1
60.60004048,4,1
60.60005048,1,1
60.60006048,0,1
60.70003048,3,1
60.70004048,0,1
60.70005048,4,1
60.70007048,2,1
60.80003048,3,1
60.80004048,0,1
60.80005048,3,1
60.80006048,2,1
60.80007048,3,1
60.90003048,4,1
60.90005048,1,1
60.90006048,2,1
60.90007048,3,1
61.00003048,3,1
61.00004048,4,1
61.00005048,0,1
61.00006048,4,1
61.00007048,0,1
61.10003048,1,1
61.10004048,4,1
61.10005048,0,1
61.10007048,0,1
61.20003048,2,1
61.20004048,3,1
61.20005048,1,1
61.20007048,2,1
61.30003048,2,1
61.30005048,4,1
61.30007048,0,1
61.40003048,4,1
61.40004048,2,1
61.40005048,3,1
61.40006048,2,1
61.40007048,1,1
61.50003048,4,1
61.50004048,3,1
61.50005048,1,1
61.50006048,4,1
61.50007048,1,1
61.60003048,4,1
61.60005048,1,1
61.60006048,2,1
61.60007048,0,1
61.70003048,4,1
61.70005048,0,1
61.70006048,2,1
61.70007048,3,1
61.80003048,1,1
61.80004048,4,1
61.80005048,1,1
61.80007048,0,1
61.90003048,4,1
61.90004048,0,1
61.90005048,1,1
61.90006048,0,1
61.90007048,1,1
62.00003048,2,1
62.00005048,0,1
62.00006048,2,1
62.10003048,1,1
62.10004048,4,1
62.10006048,4,1
62.10007048,1,1
62.20003048,3,1
62.20004048,2,1
62.20005048,3,1
62.20006048,2,1
62.20007048,0,1
62.30003048,4,1
62.30004048,0,1
62.30005048,1,1
62.30006048,2,1
62.30007048,1,1
62.40003048,4,1
62.40004048,2,1
62.40005048,0,1
62.40006048,1,1
62.40007048,0,1
62.50003048,3,1
62.50004048,0,1
62.50005048,1,1
62.50006048,4,1
62.50007048,0,1
62.60003048,1,1
62.60004048,2,1
62.60005048,1,1
62.60007048,0,1
62.70003048,1,1
62.70004048,4,1
62.70005048,3,1
62.70006048,2,1
62.80003048,2,1
62.80004048,0,1
62.80005048,3,1
62.80006048,1,1
62.80007048,0,1
62.90003048,2,1
62.90004048,0,1
62.90005048,1,1
62.90006048,2,1
63.00003048,3,1
63.00004048,0,1
63.00005048,3,1
63.00006048,2,1
63.10003048,2,1
63.10005048,4,1
63.10007048,3,1
63.20003048,1,1
63.20004048,2,1
63.20005048,3,1
63.20006048,0,1
63.20007048,1,1
63.30003048,3,1
63.30004048,4,1
63.30005048,1,1
63.30006048,2,1
63.30007048,0,1
63.40003048,3,1
63.40005048,0,1
63.40006048,1,1
63.40007048,3,1
63.50003048,1,1
63.50004048,3,1
63.50005048,1,1
63.50006048,0,1
63.60003048,2,1
63.60004048,4,1
63.60005048,0,1
63.60006048,4,1
63.60007048,3,1
63.70003048,4,1
63.70004048,2,1
63.70005048,0,1
63.70006048,4,1
63.70007048,1,1
63.80003048,4,1
63.80005048,1,1
63.80006048,4,1
63.80007048,1,1
63.90003048,4,1
63.90004048,0,1
63.90005048,3,1
63.90006048,0,1
63.90007048,2,1
64.00003048,1,1
64.00004048,2,1
64.00005048,1,1
64.00006048,2,1
64.00007048,0,1
64.10003048,4,1
64.10004048,2,1
64.10005048,0,1
64.10006048,1,1
64.10007048,0,1
64.20003048,3,1
64.20004048,2,1
64.20005048,3,1
64.20006048,0,1
64.20007048,2,1
64.30003048,3,1
64.30005048,3,1
64.30006048,1,1
64.30007048,3,1
64.40003048,2,1
64.40005048,4,1
64.40006048,1,1
64.40007048,0,1
64.50003048,1,1
64.50004048,2,1
64.50005048,0,1
64.50006048,1,1
64.60003048,4,1
64.60005048,1,1
64.60006048,2,1
64.60007048,0,1
64.70003048,3,1
64.70004048,2,1
64.70005048,1,1
64.70006048,4,1
64.70007048,3,1
64.80003048,1,1
64.80004048,3,1
64.80005048,0,1
64.80006048,4,1
64.80007048,1,1
64.90003048,1,1
64.90004048,4,1
64.90005048,0,1
64.90006048,2,1
64.90007048,1,1
65.00003048,4,1
65.00004048,0,1
65.00006048,4,1
65.00007048,0,1
65.10003048,4,1
65.10005048,3,1
65.10006048,0,1
65.10007048,1,1
65.20003048,3,1
65.20004048,4,1
65.20005048,1,1
65.20007048,1,1
65.30003048,2,1
65.30004048,4,1
65.30005048,1,1
65.30006048,0,1
65.30007048,2,1
65.40003048,1,1
65.40004048,4,1
65.40005048,3,1
65.40006048,0,1
65.40007048,3,1
65.50003048,1,1
65.50004048,0,1
65.50006048,2,1
65.50007048,3,1
65.60003048,3,1
65.60004048,2,1
65.60005048,4,1
65.60006048,0,1
65.60007048,2,1
65.70003048,3,1
65.70004048,2,1
65.70005048,1,1
65.70007048,0,1
65.80003048,3,1
65.80004048,0,1
65.80005048,3,1
65.80006048,4,1
65.80007048,1,1
65.90003048,1,1
65.90004048,2,1
65.90005048,4,1
65.90006048,0,1
66.00003048,3,1
66.00004048,2,1
66.00005048,4,1
66.00006048,1,1
66.10003048,4,1
66.10004048,3,1
66.10005048,4,1
66.10007048,1,1
66.20003048,3,1
66.20004048,4,1
66.20006048,1,1
66.20007048,3,1
66.30003048,2,1
66.30005048,3,1
66.30006048,2,1
66.30007048,3,1
66.40003048,3,1
66.40004048,4,1
66.40006048,2,1
66.40007048,0,1
66.50003048,2,1
66.50004048,0,1
66.50006048,0,1
66.50007048,3,1
66.60003048,4,1
66.60004048,0,1
66.60006048,4,1
66.60007048,0,1
66.70003048,3,1
66.70005048,0,1
66.70007048,1,1
66.80003048,4,1
66.80004048,0,1
66.80005048,1,1
66.80007048,0,1
66.90003048,3,1
66.90004048,4,1
66.90005048,0,1
66.90006048,1,1
66.90007048,2,1
67.00003048,4,1
67.00004048,3,1
67.00005048,4,1
67.00007048,0,1
67.10003048,3,1
67.10004048,0,1
67.10006048,2,1
67.10007048,1,1
67.20003048,2,1
67.20005048,1,1
67.20006048,4,1
67.20007048,3,1
67.30003048,4,1
67.30005048,1,1
67.30006048,4,1
67.30007048,0,1
67.40003048,4,1
67.40004048,0,1
67.40005048,3,1
67.40006048,0,1
67.40007048,2,1
67.50003048,3,1
67.50004048,2,1
67.50005048,3,1
67.50006048,1,1
67.50007048,0,1
67.60003048,2,1
67.60004048,3,1
67.60005048,0,1
67.60006048,4,1
67.60007048,0,1
67.70003048,1,1
67.70004048,4,1
67.70006048,4,1
67.70007048,2,1
67.80003048,2,1
67.80004048,4,1
67.80005048,1,1
67.80006048,0,1
67.80007048,1,1
67.90003048,1,1
67.90004048,4,1
67.90005048,3,1
67.90006048,0,1
67.90007048,1,1
68.00003048,1,1
68.00004048,0,1
68.00005048,3,1
68.00006048,0,1
68.00007048,3,1
68.10003048,2,1
68.10005048,0,1
68.10006048,4,1
68.10007048,0,1
68.20003048,2,1
68.20004048,4,1
68.20005048,0,1
68.20006048,1,1
68.20007048,3,1
68.30003048,4,1
68.30005048,4,1
68.30006048,0,1
68.30007048,1,1
68.40003048,1,1
68.40004048,0,1
68.40005048,4,1
68.40006048,1,1
68.40007048,3,1
68.50003048,3,1
68.50004048,0,1
68.50005048,1,1
68.50006048,2,1
68.50007048,3,1
68.60003048,3,1
68.60004048,2,1
68.60005048,1,1
68.60007048,3,1
68.70003048,4,1
68.70004048,3,1
68.70005048,0,1
68.70006048,2,1
68.80003048,2,1
68.80004048,0,1
68.80005048,1,1
68.80006048,2,1
68.80007048,3,1
68.90003048,3,1
68.90004048,0,1
68.90005048,3,1
68.90006048,0,1
68.90007048,3,1
69.00003048,1,1
69.00004048,0,1
69.00005048,1,1
69.00006048,2,1
69.00007048,1,1
69.10003048,4,1
69.10005048,0,1
69.10006048,2,1
69.10007048,3,1
69.20003048,4,1
69.20005048,4,1
69.20006048,0,1
69.20007048,3,1
69.30003048,1,1
69.30004048,4,1
69.30005048,0,1
69.30006048,4,1
69.30007048,2,1
69.40003048,4,1
69.40004048,2,1
69.40005048,0,1
69.40006048,2,1
69.40007048,3,1
69.50003048,4,1
69.50005048,3,1
69.50006048,1,1
69.50007048,2,1
69.60003048,2,1
69.60004048,4,1
69.60006048,2,1
69.60007048,0,1
69.70003048,1,1
69.70004048,4,1
69.70006048,2,1
69.70007048,1,1
69.80003048,4,1
69.80004048,2,1
69.80005048,0,1
69.80007048,0,1
69.90003048,1,1
69.90004048,2,1
69.90005048,4,1
69.90006048,0,1
69.90007048,2,1
70.00003048,3,1
70.00004048,2,1
70.00005048,4,1
70.00006048,0,1
70.00007048,3,1
70.10003048,3,1
70.10004048,0,1
70.10005048,3,1
70.10006048,1,1
70.10007048,0,1
70.20003048,1,1
70.20004048,2,1
70.20005048,0,1
70.20007048,1,1
70.30003048,3,1
70.30004048,2,1
70.30005048,4,1
70.30007048,0,1
70.40003048,4,1
70.40004048,3,1
70.40005048,1,1
70.40006048,0,1
70.40007048,1,1
70.50003048,3,1
70.50004048,4,1
70.50005048,1,1
70.50007048,1,1
70.60003048,4,1
70.60004048,3,1
70.60005048,0,1
70.60006048,4,1
70.60007048,1,1
70.70003048,1,1
70.70004048,2,1
70.70005048,1,1
70.70006048,2,1
70.70007048,0,1
70.80003048,4,1
70.80004048,3,1
70.80005048,0,1
70.80007048,2,1
70.90003048,1,1
70.90004048,4,1
70.90005048,1,1
70.90006048,0,1
70.90007048,2,1
71.00003048,2,1
71.00004048,3,1
71.00005048,1,1
71.00007048,2,1
71.10003048,4,1
71.10005048,4,1
71.10007048,2,1
71.20003048,4,1
71.20004048,2,1
71.20005048,3,1
71.20006048,4,1
71.20007048,2,1
71.30003048,2,1
71.30004048,4,1
71.30005048,3,1
71.30006048,0,1
71.30007048,3,1
71.40003048,3,1
71.40005048,3,1
71.40006048,0,1
71.40007048,1,1
71.50003048,3,1
71.50004048,2,1
71.50005048,4,1
71.50006048,0,1
71.50007048,1,1
71.60003048,3,1
71.60005048,4,1
71.60006048,2,1
71.70003048,3,1
71.70004048,2,1
71.70005048,3,1
71.70006048,1,1
71.70007048,3,1
71.80003048,2,1
71.80004048,3,1
71.80005048,0,1
71.80007048,1,1
71.90003048,3,1
71.90004048,4,1
71.90006048,0,1
71.90007048,3,1
72.00003048,1,1
72.00004048,2,1
72.00005048,3,1
72.00006048,1,1
72.00007048,0,1
72.10003048,2,1
72.10005048,3,1
72.10006048,4,1
72.10007048,1,1
72.20003048,3,1
72.20005048,1,1
72.20006048,0,1
72.30003048,1,1
72.30004048,0,1
72.30006048,4,1
72.30007048,1,1
72.40003048,2,1
72.40004048,0,1
72.40006048,0,1
72.40007048,2,1
72.50003048,2,1
72.50004048,0,1
72.50005048,3,1
72.50006048,1,1
72.50007048,0,1
72.60003048,1,1
72.60004048,2,1
72.60005048,4,1
72.60006048,1,1
72.60007048,2,1
72.70003048,3,1
72.70004048,2,1
72.70005048,3,1
72.70006048,1,1
72.80003048,4,1
72.80004048,2,1
72.80005048,3,1
72.80006048,0,1
72.80007048,3,1
72.90003048,2,1
72.90005048,0,1
72.90006048,2,1
73.00003048,3,1
73.00004048,0,1
73.00005048,3,1
73.00006048,2,1
73.00007048,3,1
73.10003048,3,1
73.10005048,1,1
73.10006048,0,1
73.10007048,2,1
73.20003048,2,1
73.20005048,3,1
73.20006048,4,1
73.20007048,1,1
73.30003048,2,1
73.30005048,4,1
73.30006048,2,1
73.30007048,1,1
73.40003048,3,1
73.40004048,0,1
73.40005048,3,1
73.40006048,1,1
73.50003048,4,1
73.50004048,3,1
73.50006048,1,1
73.60003048,4,1
73.60004048,3,1
73.60005048,1,1
73.60007048,2,1
73.70003048,4,1
73.70005048,0,1
73.70006048,4,1
73.70007048,3,1
73.80003048,1,1
73.80004048,2,1
73.80005048,4,1
73.80006048,1,1
73.80007048,2,1
73.90003048,4,1
73.90004048,2,1
73.90005048,1,1
73.90006048,2,1
73.90007048,1,1
74.00003048,3,1
74.00004048,2,1
74.00005048,4,1
74.00007048,0,1
74.10003048,4,1
74.10004048,0,1
74.10005048,4,1
74.10006048,2,1
74.10007048,0,1
74.20003048,4,1
74.20004048,2,1
74.20005048,0,1
74.20007048,2,1
74.30003048,2,1
74.30004048,0,1
74.30006048,0,1
74.30007048,3,1
74.40003048,2,1
74.40004048,4,1
74.40005048,1,1
74.40006048,2,1
74.40007048,3,1
74.50003048,3,1
74.50004048,4,1
74.50006048,1,1
74.50007048,3,1
74.60003048,3,1
74.60005048,4,1
74.60006048,2,1
74.60007048,3,1
74.70003048,2,1
74.70004048,3,1
74.70006048,0,1
74.70007048,1,1
74.80003048,2,1
74.80005048,4,1
74.80006048,1,1
74.80007048,3,1
74.90003048,3,1
74.90004048,4,1
74.90005048,0,1
74.90007048,1,1
75.00003048,4,1
75.00004048,0,1
75.00005048,3,1
75.00006048,0,1
75.00007048,3,1
75.10003048,1,1
75.10004048,3,1
75.10005048,1,1
75.10006048,0,1
75.10007048,3,1
75.20003048,2,1
75.20004048,3,1
75.20005048,0,1
75.20007048,1,1
75.30003048,4,1
75.30004048,2,1
75.30005048,3,1
75.30006048,0,1
75.40003048,1,1
75.40004048,3,1
75.40005048,0,1
75.40006048,2,1
75.40007048,0,1
75.50003048,4,1
75.50004048,0,1
75.50006048,4,1
75.50007048,3,1
75.60003048,1,1
75.60004048,0,1
75.60006048,1,1
75.60007048,3,1
75.70003048,4,1
75.70005048,4,1
75.70007048,2,1
75.80003048,1,1
75.80004048,3,1
75.80005048,0,1
75.80006048,1,1
75.80007048,2,1
75.90003048,4,1
75.90004048,0,1
75.90005048,3,1
75.90006048,0,1
75.90007048,3,1
76.00003048,2,1
76.00004048,0,1
76.00005048,3,1
76.00006048,2,1
76.10003048,3,1
76.10005048,4,1
76.10007048,1,1
76.20003048,3,1
76.20004048,2,1
76.20005048,4,1
76.20007048,1,1
76.30003048,3,1
76.30005048,4,1
76.30006048,0,1
76.40003048,4,1
76.40004048,3,1
76.40005048,1,1
76.40006048,4,1
76.40007048,0,1
76.50003048,4,1
76.50005048,0,1
76.50006048,2,1
76.50007048,1,1
76.60003048,2,1
76.60004048,4,1
76.60006048,4,1
76.60007048,0,1
76.70003048,3,1
76.70005048,3,1
76.70006048,1,1
76.70007048,0,1
76.80003048,3,1
76.80005048,1,1
76.80007048,0,1
76.90003048,2,1
76.90004048,3,1
76.90006048,2,1
76.90007048,0,1
77.00003048,3,1
77.00004048,2,1
77.00005048,4,1
77.00006048,0,1
77.00007048,1,1
77.10003048,4,1
77.10004048,2,1
77.10005048,0,1
77.10006048,2,1
77.10007048,1,1
77.20003048,1,1
77.20004048,0,1
77.20005048,3,1
77.20006048,0,1
77.30003048,1,1
77.30004048,0,1
77.30005048,4,1
77.30007048,2,1
77.40003048,4,1
77.40005048,3,1
77.40006048,0,1
77.40007048,3,1
77.50003048,4,1
77.50005048,4,1
77.50006048,0,1
77.50007048,3,1
77.60003048,1,1
77.60004048,2,1
77.60005048,3,1
77.60006048,1,1
77.60007048,3,1
77.70003048,2,1
77.70004048,3,1
77.70005048,0,1
77.70006048,4,1
77.70007048,3,1
77.80003048,1,1
77.80004048,2,1
77.80005048,3,1
77.80006048,0,1
77.80007048,3,1
77.90003048,4,1
77.90004048,0,1
77.90005048,4,1
77.90006048,1,1
77.90007048,3,1
78.00003048,3,1
78.00004048,4,1
78.00006048,1,1
78.10003048,2,1
78.10005048,4,1
78.10006048,2,1
78.10007048,3,1
78.20003048,4,1
78.20004048,0,1
78.20006048,4,1
78.20007048,0,1
78.30003048,4,1
78.30004048,3,1
78.30005048,0,1
78.30006048,4,1
78.30007048,0,1
78.40003048,4,1
78.40004048,2,1
78.40005048,3,1
78.40006048,0,1
78.50003048,1,1
78.50004048,4,1
78.50005048,1,1
78.50006048,4,1
78.50007048,3,1
78.60003048,4,1
78.60004048,0,1
78.60005048,1,1
78.60006048,2,1
78.60007048,1,1
78.70003048,2,1
78.70004048,4,1
78.70005048,3,1
78.70006048,0,1
78.80003048,3,1
78.80004048,4,1
78.80005048,0,1
78.80006048,2,1
78.80007048,1,1
78.90003048,1,1
78.90004048,4,1
78.90005048,0,1
78.90007048,3,1
79.00003048,1,1
79.00004048,3,1
79.00006048,1,1
79.10003048,3,1
79.10004048,0,1
79.10005048,1,1
79.10006048,4,1
79.10007048,1,1
79.20003048,3,1
79.20005048,0,1
79.20006048,4,1
79.20007048,0,1
79.30003048,4,1
79.30004048,0,1
79.30006048,0,1
79.40003048,4,1
79.40004048,2,1
79.40005048,1,1
79.40007048,2,1
79.50003048,3,1
79.50004048,4,1
79.50005048,0,1
79.50007048,3,1
79.60003048,1,1
79.60004048,4,1
79.60005048,3,1
79.60006048,4,1
79.60007048,3,1
79.70003048,2,1
79.70004048,4,1
79.70005048,0,1
79.70006048,2,1
79.80003048,4,1
79.80004048,0,1
79.80005048,4,1
79.80006048,0,1
79.80007048,1,1
79.90003048,3,1
79.90004048,4,1
79.90005048,0,1
79.90006048,2,1
79.90007048,3,1
80.00003048,1,1
80.00004048,0,1
80.00005048,1,1
80.00007048,1,1
80.10003048,2,1
80.10004048,0,1
80.10006048,1,1
80.10007048,0,1
80.20003048,1,1
80.20004048,3,1
80.20006048,4,1
80.20007048,1,1
80.30003048,1,1
80.30004048,3,1
80.30005048,4,1
80.30007048,0,1
80.40003048,1,1
80.40004048,2,1
80.40005048,3,1
80.40006048,1,1
80.40007048,3,1
80.50003048,2,1
80.50004048,3,1
80.50005048,1,1
80.50006048,4,1
80.50007048,0,1
80.60003048,3,1
80.60004048,2,1
80.60005048,1,1
80.60006048,0,1
80.60007048,2,1
80.70003048,4,1
80.70005048,1,1
80.70007048,2,1
80.80003048,1,1
80.80004048,2,1
80.80005048,4,1
80.80006048,0,1
80.80007048,2,1
80.90003048,4,1
80.90005048,4,1
80.90007048,3,1
81.00003048,1,1
81.00004048,3,1
81.00005048,0,1
81.00006048,4,1
81.00007048,2,1
81.10003048,3,1
81.10005048,0,1
81.10007048,3,1
81.20003048,1,1
81.20004048,4,1
81.20006048,2,1
81.20007048,3,1
81.30003048,2,1
81.30005048,1,1
81.30006048,4,1
81.30007048,2,1
81.40003048,3,1
81.40005048,3,1
81.40006048,2,1
81.40007048,1,1
81.50003048,4,1
81.50005048,3,1
81.50006048,0,1
81.60003048,2,1
81.60004048,0,1
81.60005048,4,1
81.60006048,2,1
81.70003048,2,1
81.70005048,3,1
81.70006048,1,1
81.80003048,2,1
81.80005048,1,1
81.80006048,4,1
81.80007048,1,1
81.90003048,1,1
81.90004048,3,1
81.90005048,0,1
81.90006048,4,1
81.90007048,1,1
82.00003048,4,1
82.00004048,2,1
82.00005048,1,1
82.00006048,2,1
82.10003048,4,1
82.10004048,2,1
82.10005048,1,1
82.10006048,4,1
82.10007048,0,1
82.20003048,2,1
82.20004048,4,1
82.20005048,1,1
82.20007048,1,1
82.30003048,2,1
82.30004048,0,1
82.30005048,3,1
82.30006048,4,1
82.30007048,3,1
82.40003048,1,1
82.40004048,3,1
82.40006048,2,1
82.50003048,4,1
82.50004048,0,1
82.50006048,1,1
82.50007048,0,1
82.60003048,3,1
82.60004048,4,1
82.60005048,1,1
82.60006048,2,1
82.60007048,0,1
82.70003048,3,1
82.70005048,4,1
82.70006048,2,1
82.70007048,1,1
82.80003048,1,1
82.80004048,3,1
82.80006048,4,1
82.80007048,3,1
82.90003048,3,1
82.90004048,2,1
82.90005048,0,1
82.90006048,1,1
82.90007048,2,1
83.00003048,3,1
83.00005048,0,1
83.00006048,2,1
83.00007048,1,1
83.10003048,4,1
83.10004048,0,1
83.10005048,4,1
83.10006048,1,1
83.10007048,2,1
83.20003048,1,1
83.20004048,3,1
83.20006048,1,1
83.30003048,1,1
83.30004048,3,1
83.30005048,1,1
83.30007048,1,1
83.40003048,4,1
83.40004048,0,1
83.40005048,1,1
83.40006048,0,1
83.50003048,4,1
83.50004048,2,1
83.50005048,0,1
83.50006048,1,1
83.50007048,3,1
83.60003048,3,1
83.60004048,0,1
83.60005048,1,1
83.60007048,3,1
83.70003048,3,1
83.70004048,2,1
83.70005048,4,1
83.70006048,2,1
83.70007048,3,1
83.80003048,4,1
83.80004048,3,1
83.80005048,4,1
83.80006048,0,1
83.80007048,2,1
83.90003048,3,1
83.90004048,0,1
83.90005048,4,1
83.90006048,2,1
83.90007048,0,1
84.00003048,2,1
84.00004048,3,1
84.00005048,1,1
84.00006048,0,1
84.10003048,2,1
84.10004048,4,1
84.10005048,0,1
84.10007048,3,1
84.20003048,3,1
84.20004048,2,1
84.20005048,3,1
84.20006048,1,1
84.20007048,2,1
84.30003048,1,1
84.30004048,2,1
84.30005048,0,1
84.30006048,4,1
84.30007048,3,1
84.40003048,3,1
84.40004048,2,1
84.40005048,1,1
84.40006048,4,1
84.40007048,1,1
84.50003048,1,1
84.50004048,0,1
84.50005048,1,1
84.50007048,0,1
84.60003048,3,1
84.60004048,2,1
84.60005048,4,1
84.60006048,1,1
84.60007048,2,1
84.70003048,1,1
84.70004048,4,1
84.70005048,1,1
84.70007048,1,1
84.80003048,3,1
84.80004048,2,1
84.80005048,4,1
84.80006048,1,1
84.90003048,1,1
84.90004048,2,1
84.90005048,1,1
84.90007048,1,1
85.00003048,1,1
85.00004048,4,1
85.00005048,0,1
85.00006048,4,1
85.00007048,2,1
85.10003048,2,1
85.10004048,0,1
85.10005048,3,1
85.10006048,1,1
85.10007048,0,1
85.20003048,1,1
85.20004048,2,1
85.20005048,4,1
85.20006048,1,1
85.20007048,0,1
85.30003048,3,1
85.30004048,0,1
85.30005048,3,1
85.30006048,2,1
85.30007048,0,1
85.40003048,1,1
85.40004048,4,1
85.40005048,3,1
85.40006048,0,1
85.40007048,2,1
85.50003048,4,1
85.50004048,0,1
85.50005048,4,1
85.50006048,2,1
85.50007048,3,1
85.60003048,1,1
85.60004048,2,1
85.60005048,0,1
85.60006048,4,1
85.60007048,2,1
85.70003048,3,1
85.70005048,3,1
85.70006048,2,1
85.70007048,0,1
85.80003048,3,1
85.80004048,0,1
85.80005048,4,1
85.80006048,2,1
85.80007048,3,1
85.90003048,1,1
85.90004048,3,1
85.90006048,0,1
86.00003048,4,1
86.00004048,0,1
86.00005048,3,1
86.00006048,0,1
86.00007048,2,1
86.10003048,2,1
86.10004048,0,1
86.10005048,4,1
86.10006048,2,1
86.20003048,4,1
86.20004048,2,1
86.20005048,4,1
86.20007048,0,1
86.30003048,1,1
86.30004048,0,1
86.30005048,3,1
86.30006048,4,1
86.30007048,0,1
86.40003048,3,1
86.40004048,4,1
86.40006048,1,1
86.40007048,0,1
86.50003048,4,1
86.50004048,0,1
86.50005048,4,1
86.50007048,0,1
86.60003048,2,1
86.60005048,0,1
86.60006048,1,1
86.60007048,3,1
86.70003048,3,1
86.70004048,2,1
86.70005048,3,1
86.70006048,1,1
86.80003048,2,1
86.80004048,4,1
86.80005048,1,1
86.80006048,0,1
86.80007048,2,1
86.90003048,2,1
86.90004048,0,1
86.90006048,2,1
86.90007048,1,1
87.00003048,2,1
87.00004048,4,1
87.00005048,3,1
87.00006048,1,1
87.00007048,3,1
87.10003048,1,1
87.10004048,2,1
87.10005048,4,1
87.10006048,2,1
87.10007048,0,1
87.20003048,4,1
87.20004048,3,1
87.20005048,4,1
87.20006048,1,1
87.20007048,3,1
87.30003048,1,1
87.30004048,3,1
87.30005048,1,1
87.30006048,0,1
87.40003048,2,1
87.40004048,3,1
87.40005048,1,1
87.40006048,2,1
87.50003048,2,1
87.50005048,3,1
87.50006048,4,1
87.50007048,2,1
87.60003048,3,1
87.60005048,0,1
87.60007048,1,1
87.70003048,3,1
87.70004048,4,1
87.70006048,2,1
87.70007048,1,1
87.80003048,4,1
87.80005048,3,1
87.80006048,4,1
87.80007048,1,1
87.90003048,3,1
87.90004048,4,1
87.90005048,3,1
87.90006048,1,1
87.90007048,3,1
88.00003048,3,1
88.00004048,0,1
88.00005048,3,1
88.00006048,4,1
88.00007048,2,1
88.10003048,3,1
88.10005048,0,1
88.10006048,2,1
88.20003048,3,1
88.20004048,0,1
88.20005048,4,1
88.20006048,1,1
88.20007048,0,1
88.30003048,4,1
88.30004048,3,1
88.30005048,1,1
88.30006048,2,1
88.40003048,3,1
88.40004048,4,1
88.40005048,0,1
88.40006048,1,1
88.40007048,2,1
88.50003048,4,1
88.50005048,1,1
88.50006048,2,1
88.50007048,0,1
88.60003048,4,1
88.60004048,3,1
88.60006048,4,1
88.60007048,3,1
88.70003048,3,1
88.70005048,4,1
88.70006048,0,1
88.70007048,2,1
88.80003048,4,1
88.80004048,2,1
88.80005048,1,1
88.80007048,2,1
88.90003048,2,1
88.90004048,4,1
88.90005048,0,1
88.90007048,3,1
89.00003048,1,1
89.00004048,4,1
89.00005048,1,1
89.00006048,2,1
89.00007048,3,1
89.10003048,3,1
89.10005048,0,1
89.10006048,4,1
89.10007048,2,1
89.20003048,2,1
89.20005048,3,1
89.20006048,2,1
89.20007048,1,1
89.30003048,2,1
89.30005048,0,1
89.30006048,4,1
89.30007048,0,1
89.40003048,3,1
89.40004048,4,1
89.40005048,0,1
89.40006048,1,1
89.50003048,2,1
89.50004048,3,1
89.50005048,0,1
89.50007048,0,1
89.60003048,1,1
89.60004048,3,1
89.60006048,1,1
89.60007048,2,1
89.70003048,2,1
89.70005048,1,1
89.70006048,4,1
89.70007048,3,1
89.80003048,4,1
89.80004048,2,1
89.80005048,0,1
89.80006048,2,1
89.80007048,1,1
89.90003048,4,1
89.90004048,0,1
89.90005048,4,1
89.90007048,3,1
90.00003048,3,1
90.00004048,2,1
90.00005048,1,1
90.00006048,0,1
90.00007048,1,1
90.10003048,1,1
90.10004048,3,1
90.10005048,0,1
90.10006048,4,1
90.10007048,0,1
90.20003048,2,1
90.20004048,4,1
90.20005048,1,1
90.20006048,2,1
90.20007048,3,1
90.30003048,3,1
90.30004048,4,1
90.30005048,1,1
90.30007048,3,1
90.40003048,2,1
90.40005048,3,1
90.40006048,4,1
90.40007048,0,1
90.50003048,2,1
90.50004048,0,1
90.50005048,1,1
90.50006048,4,1
90.50007048,1,1
90.60003048,1,1
90.60004048,3,1
90.60006048,4,1
90.60007048,1,1
90.70003048,3,1
90.70004048,0,1
90.70005048,1,1
90.70006048,4,1
90.70007048,3,1
90.80003048,1,1
90.80004048,3,1
90.80005048,0,1
90.80006048,2,1
90.80007048,1,1
90.90003048,3,1
90.90004048,4,1
90.90005048,3,1
90.90006048,1,1
90.90007048,0,1
91.00003048,4,1
91.00004048,3,1
91.00005048,0,1
91.00007048,3,1
91.10003048,2,1
91.10005048,4,1
91.10007048,0,1
91.20003048,1,1
91.20004048,4,1
91.20006048,4,1
91.20007048,1,1
91.30003048,1,1
91.30004048,3,1
91.30005048,0,1
91.30006048,2,1
91.30007048,0,1
91.40003048,3,1
91.40005048,0,1
91.40006048,2,1
91.40007048,3,1
91.50003048,3,1
91.50005048,4,1
91.50007048,3,1
91.60003048,2,1
91.60005048,4,1
91.60006048,0,1
91.60007048,1,1
91.70003048,3,1
91.70004048,4,1
91.70005048,1,1
91.70006048,2,1
91.70007048,3,1
91.80003048,4,1
91.80004048,2,1
91.80005048,1,1
91.80006048,2,1
91.80007048,0,1
91.90003048,1,1
91.90004048,0,1
91.90006048,4,1
91.90007048,3,1
92.00003048,3,1
92.00004048,0,1
92.00005048,1,1
92.00006048,4,1
92.00007048,1,1
92.10003048,4,1
92.10004048,3,1
92.10005048,1,1
92.10006048,4,1
92.10007048,1,1
92.20003048,4,1
92.20004048,3,1
92.20005048,4,1
92.20007048,2,1
92.30003048,4,1
92.30004048,0,1
92.30005048,4,1
92.30006048,1,1
92.30007048,3,1
92.40003048,4,1
92.40005048,0,1
92.40006048,2,1
92.40007048,0,1
92.50003048,3,1
92.50005048,3,1
92.50006048,2,1
92.50007048,0,1
92.60003048,1,1
92.60004048,3,1
92.60006048,0,1
92.60007048,2,1
92.70003048,1,1
92.70004048,4,1
92.70005048,3,1
92.70006048,0,1
92.80003048,2,1
92.80005048,4,1
92.80007048,2,1
92.90003048,4,1
92.90005048,3,1
92.90006048,4,1
92.90007048,1,1
93.00003048,3,1
93.00004048,4,1
93.00005048,3,1
93.00006048,4,1
93.00007048,1,1
93.10003048,1,1
93.10004048,4,1
93.10005048,3,1
93.10006048,0,1
93.10007048,2,1
93.20003048,3,1
93.20005048,1,1
93.20006048,4,1
93.20007048,1,1
93.30003048,2,1
93.30004048,0,1
93.30005048,4,1
93.30006048,1,1
93.30007048,3,1
93.40003048,3,1
93.40005048,0,1
93.40007048,3,1
93.50003048,4,1
93.50005048,1,1
93.50006048,2,1
93.50007048,3,1
93.60003048,2,1
93.60004048,0,1
93.60005048,1,1
93.60006048,4,1
93.60007048,1,1
93.70003048,4,1
93.70004048,3,1
93.70005048,0,1
93.70006048,2,1
93.70007048,3,1
93.80003048,2,1
93.80004048,4,1
93.80005048,0,1
93.80007048,0,1
93.90003048,2,1
93.90004048,3,1
93.90005048,1,1
93.90007048,2,1
94.00003048,1,1
94.00004048,2,1
94.00005048,0,1
94.00006048,2,1
94.10003048,3,1
94.10004048,0,1
94.10006048,2,1
94.10007048,0,1
94.20003048,2,1
94.20005048,4,1
94.20007048,2,1
94.30003048,4,1
94.30004048,3,1
94.30006048,4,1
94.30007048,0,1
94.40003048,2,1
94.40004048,4,1
94.40005048,3,1
94.40006048,4,1
94.40007048,2,1
94.50003048,3,1
94.50004048,4,1
94.50005048,1,1
94.50006048,2,1
94.50007048,3,1
94.60003048,1,1
94.60004048,0,1
94.60005048,3,1
94.60006048,2,1
94.60007048,1,1
94.70003048,3,1
94.70004048,0,1
94.70005048,3,1
94.70006048,4,1
94.70007048,3,1
94.80003048,3,1
94.80005048,0,1
94.80006048,4,1
94.80007048,1,1
94.90003048,4,1
94.90004048,0,1
94.90005048,3,1
94.90006048,1,1
94.90007048,0,1
95.00003048,3,1
95.00004048,4,1
95.00005048,0,1
95.00006048,1,1
95.00007048,2,1
95.10003048,4,1
95.10004048,0,1
95.10005048,1,1
95.10007048,3,1
95.20003048,4,1
95.20004048,2,1
95.20005048,3,1
95.20006048,4,1
95.20007048,2,1
95.30003048,4,1
95.30004048,2,1
95.30005048,1,1
95.30006048,4,1
95.30007048,0,1
95.40003048,1,1
95.40004048,2,1
95.40005048,3,1
95.40006048,1,1
95.40007048,0,1
95.50003048,2,1
95.50004048,3,1
95.50006048,1,1
95.60003048,3,1
95.60004048,4,1
95.60005048,1,1
95.60006048,2,1
95.60007048,3,1
95.70003048,2,1
95.70005048,4,1
95.70006048,1,1
95.70007048,0,1
95.80003048,2,1
95.80005048,1,1
95.80006048,4,1
95.80007048,0,1
95.90003048,3,1
95.90004048,2,1
95.90005048,3,1
95.90006048,4,1
95.90007048,2,1
96.00003048,3,1
96.00004048,4,1
96.00005048,3,1
96.00006048,4,1
96.00007048,2,1
96.10003048,4,1
96.10004048,3,1
96.10005048,1,1
96.10006048,0,1
96.10007048,3,1
96.20003048,2,1
96.20005048,0,1
96.20006048,4,1
96.20007048,2,1
96.30003048,4,1
96.30004048,3,1
96.30005048,1,1
96.30007048,1,1
96.40003048,3,1
96.40004048,0,1
96.40005048,3,1
96.40006048,1,1
96.40007048,3,1
96.50003048,3,1
96.50005048,0,1
96.50006048,2,1
96.50007048,1,1
96.60003048,4,1
96.60004048,2,1
96.60005048,0,1
96.60006048,2,1
96.60007048,0,1
96.70003048,1,1
96.70004048,3,1
96.70005048,4,1
96.70006048,1,1
96.80003048,4,1
96.80004048,0,1
96.80005048,1,1
96.80006048,0,1
96.80007048,1,1
96.90003048,2,1
96.90004048,3,1
96.90005048,0,1
96.90006048,2,1
96.90007048,3,1
97.00003048,3,1
97.00004048,2,1
97.00005048,4,1
97.00006048,0,1
97.00007048,2,1
97.10003048,1,1
97.10004048,0,1
97.10005048,4,1
97.10006048,0,1
97.10007048,1,1
97.20003048,1,1
97.20004048,0,1
97.20006048,4,1
97.20007048,1,1
97.30003048,2,1
97.30005048,1,1
97.30006048,0,1
97.40003048,1,1
97.40004048,0,1
97.40005048,1,1
97.40006048,2,1
97.40007048,3,1
97.50003048,3,1
97.50004048,0,1
97.50005048,4,1
97.50006048,1,1
97.50007048,3,1
97.60003048,1,1
97.60004048,0,1
97.60005048,3,1
97.60006048,2,1
97.60007048,0,1
97.70003048,3,1
97.70004048,0,1
97.70006048,4,1
97.70007048,0,1
97.80003048,1,1
97.80004048,3,1
97.80005048,4,1
97.80006048,0,1
97.90003048,4,1
97.90004048,3,1
97.90005048,4,1
97.90006048,2,1
97.90007048,1,1
98.00003048,4,1
98.00004048,2,1
98.00005048,4,1
98.00006048,0,1
98.00007048,3,1
98.10003048,4,1
98.10005048,3,1
98.10006048,4,1
98.10007048,3,1
98.20003048,2,1
98.20004048,0,1
98.20005048,4,1
98.20007048,3,1
98.30003048,4,1
98.30004048,3,1
98.30005048,0,1
98.30006048,1,1
98.30007048,3,1
98.40003048,3,1
98.40004048,4,1
98.40006048,0,1
98.40007048,2,1
98.50003048,2,1
98.50005048,0,1
98.50006048,4,1
98.50007048,3,1
98.60003048,4,1
98.60004048,0,1
98.60005048,1,1
98.60006048,0,1
98.60007048,1,1
98.70003048,3,1
98.70004048,0,1
98.70005048,3,1
98.70006048,4,1
98.70007048,1,1
98.80003048,4,1
98.80004048,3,1
98.80005048,1,1
98.80006048,0,1
98.80007048,3,1
98.90003048,1,1
98.90004048,3,1
98.90006048,0,1
98.90007048,3,1
99.00003048,2,1
99.00004048,3,1
99.00005048,0,1
99.00007048,1,1
99.10003048,1,1
99.10004048,3,1
99.10005048,4,1
99.10007048,3,1
99.20003048,4,1
99.20004048,3,1
99.20006048,1,1
99.20007048,3,1
99.30003048,2,1
99.30005048,0,1
99.30006048,4,1
99.30007048,1,1
99.40003048,4,1
99.40004048,0,1
99.40006048,2,1
99.40007048,1,1
99.50003048,3,1
99.50005048,0,1
99.50006048,1,1
99.50007048,0,1
99.60003048,4,1
99.60004048,0,1
99.60005048,4,1
99.60006048,0,1
99.60007048,2,1
99.70003048,4,1
99.70004048,3,1
99.70005048,4,1
99.70006048,0,1
99.70007048,1,1
99.80003048,3,1
99.80004048,0,1
99.80005048,3,1
99.80006048,4,1
99.80007048,3,1
99.90003048,4,1
99.90004048,2,1
99.90005048,1,1
99.90006048,0,1
99.90007048,2,1
100.00003048,2,1
100.00005048,3,1
100.00006048,0,1
100.00007048,2,1
100.10003048,4,1
100.10004048,2,1
100.10005048,4,1
100.10007048,0,1
100.20003048,4,1
100.20004048,2,1
100.20005048,4,1
100.20007048,2,1
100.30003048,4,1
100.30005048,3,1
100.30006048,0,1
100.30007048,2,1
100.40003048,4,1
100.40005048,4,1
100.40006048,2,1
100.40007048,1,1
100.50003048,4,1
100.50004048,3,1
100.50005048,1,1
100.50006048,4,1
100.50007048,2,1
100.60003048,1,1
100.60004048,2,1
100.60005048,4,1
100.60006048,2,1
100.60007048,0,1
100.70003048,1,1
100.70004048,3,1
100.70005048,4,1
100.70006048,0,1
100.80003048,4,1
100.80004048,2,1
100.80005048,3,1
100.80006048,1,1
100.80007048,2,1
100.90003048,2,1
100.90004048,0,1
100.90006048,1,1
100.90007048,3,1
101.00003048,3,1
101.00005048,1,1
101.00006048,4,1
101.00007048,1,1
101.10003048,1,1
101.10004048,3,1
101.10005048,0,1
101.10006048,4,1
101.10007048,2,1
101.20003048,3,1
101.20004048,0,1
101.20005048,4,1
101.20007048,1,1
101.30003048,2,1
101.30004048,3,1
101.30005048,0,1
101.30006048,2,1
101.40003048,1,1
101.40004048,2,1
101.40005048,0,1
101.40006048,2,1
101.50003048,4,1
101.50004048,3,1
101.50005048,0,1
101.50006048,4,1
101.50007048,3,1
101.60003048,3,1
101.60004048,0,1
101.60006048,0,1
101.60007048,1,1
101.70003048,2,1
101.70004048,3,1
101.70005048,1,1
101.70006048,4,1
101.70007048,3,1
101.80003048,1,1
101.80004048,4,1
101.80005048,1,1
101.80006048,4,1
101.80007048,0,1
101.90003048,3,1
101.90004048,4,1
101.90005048,1,1
101.90006048,4,1
101.90007048,3,1
102.00003048,1,1
102.00004048,4,1
102.00005048,3,1
102.00006048,4,1
102.00007048,0,1
102.10003048,4,1
102.10004048,0,1
102.10006048,1,1
102.20003048,4,1
102.20004048,0,1
102.20005048,3,1
102.20006048,2,1
102.20007048,0,1
102.30003048,2,1
102.30004048,4,1
102.30005048,0,1
102.30006048,4,1
102.30007048,3,1
102.40003048,2,1
102.40005048,1,1
102.40006048,0,1
102.40007048,2,1
102.50003048,3,1
102.50005048,0,1
102.50007048,3,1
102.60003048,4,1
102.60004048,2,1
102.60005048,3,1
102.60006048,0,1
102.60007048,2,1
102.70003048,3,1
102.70005048,1,1
102.70007048,3,1
102.80003048,3,1
102.80005048,1,1
102.80007048,3,1
102.90003048,2,1
102.90004048,4,1
102.90005048,3,1
102.90006048,0,1
102.90007048,3,1
103.00003048,1,1
103.00004048,0,1
103.00005048,4,1
103.00006048,0,1
103.00007048,1,1
103.10003048,3,1
103.10004048,2,1
103.10005048,1,1
103.10006048,0,1
103.10007048,3,1
103.20003048,2,1
103.20004048,4,1
103.20006048,2,1
103.20007048,0,1
103.30003048,4,1
103.30004048,2,1
103.30005048,1,1
103.30006048,4,1
103.30007048,3,1
103.40003048,2,1
103.40004048,0,1
103.40006048,2,1
103.40007048,0,1
103.50003048,4,1
103.50004048,2,1
103.50005048,0,1
103.50006048,4,1
103.50007048,3,1
103.60003048,4,1
103.60004048,0,1
103.60005048,1,1
103.60006048,0,1
103.60007048,3,1
103.70003048,3,1
103.70004048,0,1
103.70005048,4,1
103.70006048,2,1
103.70007048,3,1
103.80003048,2,1
103.80004048,0,1
103.80005048,4,1
103.80006048,0,1
103.80007048,3,1
103.90003048,2,1
103.90004048,4,1
103.90005048,1,1
103.90007048,0,1
104.00003048,4,1
104.00004048,2,1
104.00005048,3,1
104.00006048,4,1
104.00007048,2,1
104.10003048,1,1
104.10004048,0,1
104.10005048,1,1
104.10006048,2,1
104.10007048,1,1
104.20003048,2,1
104.20004048,3,1
104.20006048,2,1
104.20007048,0,1
104.30003048,4,1
104.30004048,3,1
104.30006048,4,1
104.30007048,3,1
104.40003048,2,1
104.40005048,3,1
104.40006048,1,1
104.50003048,3,1
104.50005048,1,1
104.50007048,3,1
104.60003048,1,1
104.60004048,3,1
104.60005048,0,1
104.60006048,4,1
104.60007048,1,1
104.70003048,4,1
104.70004048,3,1
104.70006048,0,1
104.80003048,2,1
104.80004048,3,1
104.80005048,0,1
104.80007048,3,1
104.90003048,4,1
104.90004048,0,1
104.90005048,1,1
104.90007048,0,1
105.00003048,1,1
105.00004048,3,1
105.00005048,4,1
105.00007048,0,1
105.10003048,2,1
105.10004048,4,1
105.10006048,4,1
105.10007048,1,1
105.20003048,1,1
105.20004048,4,1
105.20005048,0,1
105.20007048,3,1
105.30003048,1,1
105.30004048,2,1
105.30005048,0,1
105.30007048,0,1
105.40003048,1,1
105.40004048,4,1
105.40006048,2,1
105.50003048,4,1
105.50004048,3,1
105.50005048,0,1
105.50007048,3,1
105.60003048,3,1
105.60004048,0,1
105.60005048,3,1
105.60006048,2,1
105.60007048,1,1
105.70003048,3,1
105.70004048,2,1
105.70005048,0,1
105.70007048,0,1
105.80003048,2,1
105.80004048,4,1
105.80005048,0,1
105.80006048,1,1
105.90003048,1,1
105.90004048,4,1
105.90005048,1,1
105.90006048,2,1
105.90007048,1,1
106.00003048,3,1
106.00004048,2,1
106.00005048,4,1
106.00006048,1,1
106.00007048,3,1
106.10003048,4,1
106.10004048,3,1
106.10005048,1,1
106.10006048,2,1
106.10007048,1,1
106.20003048,1,1
106.20004048,0,1
106.20005048,3,1
106.20006048,4,1
106.20007048,1,1
106.30003048,4,1
106.30004048,2,1
106.30005048,4,1
106.30006048,2,1
106.30007048,1,1
106.40003048,4,1
106.40004048,2,1
106.40005048,0,1
106.40007048,3,1
106.50003048,1,1
106.50004048,0,1
106.50006048,0,1
106.50007048,2,1
106.60003048,1,1
106.60004048,2,1
106.60005048,4,1
106.60007048,3,1
106.70003048,3,1
106.70005048,3,1
106.70006048,4,1
106.70007048,3,1
106.80003048,3,1
106.80004048,2,1
106.80005048,1,1
106.80006048,4,1
106.80007048,2,1
106.90003048,1,1
106.90004048,2,1
106.90005048,1,1
106.90006048,0,1
107.00003048,2,1
107.00004048,3,1
107.00005048,1,1
107.00006048,2,1
107.00007048,3,1
107.10003048,2,1
107.10004048,4,1
107.10005048,3,1
107.10006048,4,1
107.10007048,0,1
107.20003048,2,1
107.20004048,4,1
107.20005048,0,1
107.20006048,2,1
107.20007048,1,1
107.30003048,4,1
107.30004048,0,1
107.30006048,2,1
107.30007048,0,1
107.40003048,1,1
107.40004048,2,1
107.40005048,1,1
107.40006048,0,1
107.40007048,1,1
107.50003048,1,1
107.50004048,3,1
107.50005048,4,1
107.50007048,0,1
107.60003048,1,1
107.60004048,3,1
107.60005048,0,1
107.60006048,1,1
107.60007048,3,1
107.70003048,2,1
107.70004048,3,1
107.70005048,1,1
107.70006048,4,1
107.70007048,2,1
107.80003048,1,1
107.80004048,4,1
107.80006048,4,1
107.80007048,2,1
107.90003048,2,1
107.90004048,4,1
107.90006048,2,1
107.90007048,0,1
108.00003048,2,1
108.00004048,3,1
108.00005048,4,1
108.00006048,1,1
108.10003048,3,1
108.10004048,0,1
108.10005048,3,1
108.10006048,0,1
108.10007048,1,1
108.20003048,3,1
108.20004048,2,1
108.20005048,3,1
