simTime,MCC_idx,packet_is_loss
0.10001024,0,0
0.10001024,1,0
0.10001024,2,0
0.10001024,3,0
0.10001024,4,0
0.20001024,0,0
0.20001024,1,0
0.20001024,2,0
0.20001024,3,0
0.20001024,4,0
0.30001024,0,0
0.30001024,1,0
0.30001024,2,0
0.30001024,3,0
0.30001024,4,0
0.40001024,0,0
0.40001024,1,0
0.40001024,2,0
0.40001024,3,0
0.40001024,4,0
0.50001024,0,0
0.50001024,1,0
0.50001024,2,0
0.50001024,3,0
0.50001024,4,0
0.60001024,0,0
0.60001024,1,0
0.60001024,2,0
0.60001024,3,0
0.60001024,4,0
0.70001024,0,0
0.70001024,1,0
0.70001024,2,0
0.70001024,3,0
0.70001024,4,0
0.80001024,0,0
0.80001024,1,0
0.80001024,2,0
0.80001024,3,0
0.80001024,4,0
0.90001024,0,0
0.90001024,1,0
0.90001024,2,0
0.90001024,3,0
0.90001024,4,0
1.00001024,0,0
1.00001024,1,0
1.00001024,2,0
1.00001024,3,0
1.00001024,4,0
1.10001024,0,0
1.10001024,1,0
1.10001024,2,0
1.10001024,3,0
1.10001024,4,0
1.20001024,0,0
1.20001024,1,0
1.20001024,2,0
1.20001024,3,0
1.20001024,4,0
1.30001024,0,0
1.30001024,1,0
1.30001024,2,0
1.30001024,3,0
1.30001024,4,0
1.40001024,0,0
1.40001024,1,0
1.40001024,2,0
1.40001024,3,0
1.40001024,4,0
1.50001024,0,0
1.50001024,1,0
1.50001024,2,0
1.50001024,3,0
1.50001024,4,0
1.60001024,0,0
1.60001024,1,0
1.60001024,2,0
1.60001024,3,0
1.60001024,4,0
1.70001024,0,0
1.70001024,1,0
1.70001024,2,0
1.70001024,3,0
1.70001024,4,0
1.80001024,0,0
1.80001024,1,0
1.80001024,2,0
1.80001024,3,0
1.80001024,4,0
1.90001024,0,0
1.90001024,1,0
1.90001024,2,0
1.90001024,3,0
1.90001024,4,0
2.00001024,0,0
2.00001024,1,0
2.00001024,2,0
2.00001024,3,0
2.00001024,4,0
2.10001024,0,0
2.10001024,1,0
2.10001024,2,0
2.10001024,3,0
2.10001024,4,0
2.20001024,0,0
2.20001024,1,0
2.20001024,2,0
2.20001024,3,0
2.20001024,4,0
2.30001024,0,0
2.30001024,1,0
2.30001024,2,0
2.30001024,3,0
2.30001024,4,0
2.40001024,0,0
2.40001024,1,0
2.40001024,2,0
2.40001024,3,0
2.40001024,4,0
2.50001024,0,0
2.50001024,1,0
2.50001024,2,0
2.50001024,3,0
2.50001024,4,0
2.60001024,0,0
2.60001024,1,0
2.60001024,2,0
2.60001024,3,0
2.60001024,4,0
2.70001024,0,0
2.70001024,1,0
2.70001024,2,0
2.70001024,3,0
2.70001024,4,0
2.80001024,0,0
2.80001024,1,0
2.80001024,2,0
2.80001024,3,0
2.80001024,4,0
2.90001024,0,0
2.90001024,1,0
2.90001024,2,0
2.90001024,3,0
2.90001024,4,0
3.00001024,0,0
3.00001024,1,0
3.00001024,2,0
3.00001024,3,0
3.00001024,4,0
3.10001024,0,0
3.10001024,1,0
3.10001024,2,0
3.10001024,3,0
3.10001024,4,0
3.20001024,0,0
3.20001024,1,0
3.20001024,2,0
3.20001024,3,0
3.20001024,4,0
3.30001024,0,0
3.30001024,1,0
3.30001024,2,0
3.30001024,3,0
3.30001024,4,0
3.40001024,0,0
3.40001024,1,0
3.40001024,2,0
3.40001024,3,0
3.40001024,4,0
3.50001024,0,0
3.50001024,1,0
3.50001024,2,0
3.50001024,3,0
3.50001024,4,0
3.60001024,0,0
3.60001024,1,0
3.60001024,2,0
3.60001024,3,0
3.60001024,4,0
3.70001024,0,0
3.70001024,1,0
3.70001024,2,0
3.70001024,3,0
3.70001024,4,0
3.80001024,0,0
3.80001024,1,0
3.80001024,2,0
3.80001024,3,0
3.80001024,4,0
3.90001024,0,0
3.90001024,1,0
3.90001024,2,0
3.90001024,3,0
3.90001024,4,0
4.00001024,0,0
4.00001024,1,0
4.00001024,2,0
4.00001024,3,0
4.00001024,4,0
4.10001024,0,0
4.10001024,1,0
4.10001024,2,0
4.10001024,3,0
4.10001024,4,0
4.20001024,0,0
4.20001024,1,0
4.20001024,2,0
4.20001024,3,0
4.20001024,4,0
4.30001024,0,0
4.30001024,1,0
4.30001024,2,0
4.30001024,3,0
4.30001024,4,0
4.40001024,0,0
4.40001024,1,0
4.40001024,2,0
4.40001024,3,0
4.40001024,4,0
4.50001024,0,0
4.50001024,1,0
4.50001024,2,0
4.50001024,3,0
4.50001024,4,0
4.60001024,0,0
4.60001024,1,0
4.60001024,2,0
4.60001024,3,0
4.60001024,4,0
4.70001024,0,0
4.70001024,1,0
4.70001024,2,0
4.70001024,3,0
4.70001024,4,0
4.80001024,0,0
4.80001024,1,0
4.80001024,2,0
4.80001024,3,0
4.80001024,4,0
4.90001024,0,0
4.90001024,1,0
4.90001024,2,0
4.90001024,3,0
4.90001024,4,0
5.00001024,0,0
5.00001024,1,0
5.00001024,2,0
5.00001024,3,0
5.00001024,4,0
5.10001024,0,0
5.10001024,1,0
5.10001024,2,0
5.10001024,3,0
5.10001024,4,0
5.20001024,0,0
5.20001024,1,0
5.20001024,2,0
5.20001024,3,0
5.20001024,4,0
5.30001024,0,0
5.30001024,1,0
5.30001024,2,0
5.30001024,3,0
5.30001024,4,0
5.40001024,0,0
5.40001024,1,0
5.40001024,2,0
5.40001024,3,0
5.40001024,4,0
5.50001024,0,0
5.50001024,1,0
5.50001024,2,0
5.50001024,3,0
5.50001024,4,0
5.60001024,0,0
5.60001024,1,0
5.60001024,2,0
5.60001024,3,0
5.60001024,4,0
5.70001024,0,0
5.70001024,1,0
5.70001024,2,0
5.70001024,3,0
5.70001024,4,0
5.80001024,0,0
5.80001024,1,0
5.80001024,2,0
5.80001024,3,0
5.80001024,4,0
5.90001024,0,0
5.90001024,1,0
5.90001024,2,0
5.90001024,3,0
5.90001024,4,0
6.00001024,0,0
6.00001024,1,0
6.00001024,2,0
6.00001024,3,0
6.00001024,4,0
6.10001024,0,0
6.10001024,1,0
6.10001024,2,0
6.10001024,3,0
6.10001024,4,0
6.20001024,0,0
6.20001024,1,0
6.20001024,2,0
6.20001024,3,0
6.20001024,4,0
6.30001024,0,0
6.30001024,1,0
6.30001024,2,0
6.30001024,3,0
6.30001024,4,0
6.40001024,0,0
6.40001024,1,0
6.40001024,2,0
6.40001024,3,0
6.40001024,4,0
6.50001024,0,0
6.50001024,1,0
6.50001024,2,0
6.50001024,3,0
6.50001024,4,0
6.60001024,0,0
6.60001024,1,0
6.60001024,2,0
6.60001024,3,0
6.60001024,4,0
6.70001024,0,0
6.70001024,1,0
6.70001024,2,0
6.70001024,3,0
6.70001024,4,0
6.80001024,0,0
6.80001024,1,0
6.80001024,2,0
6.80001024,3,0
6.80001024,4,0
6.90001024,0,0
6.90001024,1,0
6.90001024,2,0
6.90001024,3,0
6.90001024,4,0
7.00001024,0,0
7.00001024,1,0
7.00001024,2,0
7.00001024,3,0
7.00001024,4,0
7.10001024,0,0
7.10001024,1,0
7.10001024,2,0
7.10001024,3,0
7.10001024,4,0
7.20001024,0,0
7.20001024,1,0
7.20001024,2,0
7.20001024,3,0
7.20001024,4,0
7.30001024,0,0
7.30001024,1,0
7.30001024,2,0
7.30001024,3,0
7.30001024,4,0
7.40001024,0,0
7.40001024,1,0
7.40001024,2,0
7.40001024,3,0
7.40001024,4,0
7.50001024,0,0
7.50001024,1,0
7.50001024,2,0
7.50001024,3,0
7.50001024,4,0
7.60001024,0,0
7.60001024,1,0
7.60001024,2,0
7.60001024,3,0
7.60001024,4,0
7.70001024,0,0
7.70001024,1,0
7.70001024,2,0
7.70001024,3,0
7.70001024,4,0
7.80001024,0,0
7.80001024,1,0
7.80001024,2,0
7.80001024,3,0
7.80001024,4,0
7.90001024,0,0
7.90001024,1,0
7.90001024,2,0
7.90001024,3,0
7.90001024,4,0
8.00001024,0,0
8.00001024,1,0
8.00001024,2,0
8.00001024,3,0
8.00001024,4,0
8.10001024,0,0
8.10001024,1,0
8.10001024,2,0
8.10001024,3,0
8.10001024,4,0
8.20001024,0,0
8.20001024,1,0
8.20001024,2,0
8.20001024,3,0
8.20001024,4,0
8.30001024,0,0
8.30001024,1,0
8.30001024,2,0
8.30001024,3,0
8.30001024,4,0
8.40001024,0,0
8.40001024,1,0
8.40001024,2,0
8.40001024,3,0
8.40001024,4,0
8.50001024,0,0
8.50001024,1,0
8.50001024,2,0
8.50001024,3,0
8.50001024,4,0
8.60001024,0,0
8.60001024,1,0
8.60001024,2,0
8.60001024,3,0
8.60001024,4,0
8.70001024,0,0
8.70001024,1,0
8.70001024,2,0
8.70001024,3,0
8.70001024,4,0
8.80001024,0,0
8.80001024,1,0
8.80001024,2,0
8.80001024,3,0
8.80001024,4,0
8.90001024,0,0
8.90001024,1,0
8.90001024,2,0
8.90001024,3,0
8.90001024,4,0
9.00001024,0,0
9.00001024,1,0
9.00001024,2,0
9.00001024,3,0
9.00001024,4,0
9.10001024,0,0
9.10001024,1,0
9.10001024,2,0
9.10001024,3,0
9.10001024,4,0
9.20001024,0,0
9.20001024,1,0
9.20001024,2,0
9.20001024,3,0
9.20001024,4,0
9.30001024,0,0
9.30001024,1,0
9.30001024,2,0
9.30001024,3,0
9.30001024,4,0
9.40001024,0,0
9.40001024,1,0
9.40001024,2,0
9.40001024,3,0
9.40001024,4,0
9.50001024,0,0
9.50001024,1,0
9.50001024,2,0
9.50001024,3,0
9.50001024,4,0
9.60001024,0,0
9.60001024,1,0
9.60001024,2,0
9.60001024,3,0
9.60001024,4,0
9.70001024,0,0
9.70001024,1,0
9.70001024,2,0
9.70001024,3,0
9.70001024,4,0
9.80001024,0,0
9.80001024,1,0
9.80001024,2,0
9.80001024,3,0
9.80001024,4,0
9.90001024,0,0
9.90001024,1,0
9.90001024,2,0
9.90001024,3,0
9.90001024,4,0
10.00001024,0,0
10.00001024,1,0
10.00001024,2,0
10.00001024,3,0
10.00001024,4,0
10.10001024,0,0
10.10001024,1,0
10.10001024,2,0
10.10001024,3,0
10.10001024,4,0
10.20001024,0,0
10.20001024,1,0
10.20001024,2,0
10.20001024,3,0
10.20001024,4,0
10.30001024,0,0
10.30001024,1,0
10.30001024,2,0
10.30001024,3,0
10.30001024,4,0
10.40001024,0,0
10.40001024,1,0
10.40001024,2,0
10.40001024,3,0
10.40001024,4,0
10.50001024,0,0
10.50001024,1,0
10.50001024,2,0
10.50001024,3,0
10.50001024,4,0
10.60001024,0,0
10.60001024,1,0
10.60001024,2,0
10.60001024,3,0
10.60001024,4,0
10.70001024,0,0
10.70001024,1,0
10.70001024,2,0
10.70001024,3,0
10.70001024,4,0
10.80001024,0,0
10.80001024,1,0
10.80001024,2,0
10.80001024,3,0
10.80001024,4,0
10.90001024,0,0
10.90001024,1,0
10.90001024,2,0
10.90001024,3,0
10.90001024,4,0
11.00001024,0,0
11.00001024,1,0
11.00001024,2,0
11.00001024,3,0
11.00001024,4,0
11.10001024,0,0
11.10001024,1,0
11.10001024,2,0
11.10001024,3,0
11.10001024,4,0
11.20001024,0,0
11.20001024,1,0
11.20001024,2,0
11.20001024,3,0
11.20001024,4,0
11.30001024,0,0
11.30001024,1,0
11.30001024,2,0
11.30001024,3,0
11.30001024,4,0
11.40001024,0,0
11.40001024,1,0
11.40001024,2,0
11.40001024,3,0
11.40001024,4,0
11.50001024,0,0
11.50001024,1,0
11.50001024,2,0
11.50001024,3,0
11.50001024,4,0
11.60001024,0,0
11.60001024,1,0
11.60001024,2,0
11.60001024,3,0
11.60001024,4,0
11.70001024,0,0
11.70001024,1,0
11.70001024,2,0
11.70001024,3,0
11.70001024,4,0
11.80001024,0,0
11.80001024,1,0
11.80001024,2,0
11.80001024,3,0
11.80001024,4,0
11.90001024,0,0
11.90001024,1,0
11.90001024,2,0
11.90001024,3,0
11.90001024,4,0
12.00001024,0,0
12.00001024,1,0
12.00001024,2,0
12.00001024,3,0
12.00001024,4,0
12.10001024,0,0
12.10001024,1,0
12.10001024,2,0
12.10001024,3,0
12.10001024,4,0
12.20001024,0,0
12.20001024,1,0
12.20001024,2,0
12.20001024,3,0
12.20001024,4,0
12.30001024,0,0
12.30001024,1,0
12.30001024,2,0
12.30001024,3,0
12.30001024,4,0
12.40001024,0,0
12.40001024,1,0
12.40001024,2,0
12.40001024,3,0
12.40001024,4,0
12.50001024,0,0
12.50001024,1,0
12.50001024,2,0
12.50001024,3,0
12.50001024,4,0
12.60001024,0,0
12.60001024,1,0
12.60001024,2,0
12.60001024,3,0
12.60001024,4,0
12.70001024,0,0
12.70001024,1,0
12.70001024,2,0
12.70001024,3,0
12.70001024,4,0
12.80001024,0,0
12.80001024,1,0
12.80001024,2,0
12.80001024,3,0
12.80001024,4,0
12.90001024,0,0
12.90001024,1,0
12.90001024,2,0
12.90001024,3,0
12.90001024,4,0
13.00001024,0,0
13.00001024,1,0
13.00001024,2,0
13.00001024,3,0
13.00001024,4,0
13.10001024,0,0
13.10001024,1,0
13.10001024,2,0
13.10001024,3,0
13.10001024,4,0
13.20001024,0,0
13.20001024,1,0
13.20001024,2,0
13.20001024,3,0
13.20001024,4,0
13.30001024,0,0
13.30001024,1,0
13.30001024,2,0
13.30001024,3,0
13.30001024,4,0
13.40001024,0,0
13.40001024,1,0
13.40001024,2,0
13.40001024,3,0
13.40001024,4,0
13.50001024,0,0
13.50001024,1,0
13.50001024,2,0
13.50001024,3,0
13.50001024,4,0
13.60001024,0,0
13.60001024,1,0
13.60001024,2,0
13.60001024,3,0
13.60001024,4,0
13.70001024,0,0
13.70001024,1,0
13.70001024,2,0
13.70001024,3,0
13.70001024,4,0
13.80001024,0,0
13.80001024,1,0
13.80001024,2,0
13.80001024,3,0
13.80001024,4,0
13.90001024,0,0
13.90001024,1,0
13.90001024,2,0
13.90001024,3,0
13.90001024,4,0
14.00001024,0,0
14.00001024,1,0
14.00001024,2,0
14.00001024,3,0
14.00001024,4,0
14.10001024,0,0
14.10001024,1,0
14.10001024,2,0
14.10001024,3,0
14.10001024,4,0
14.20001024,0,0
14.20001024,1,0
14.20001024,2,0
14.20001024,3,0
14.20001024,4,0
14.30001024,0,0
14.30001024,1,0
14.30001024,2,0
14.30001024,3,0
14.30001024,4,0
14.40001024,0,0
14.40001024,1,0
14.40001024,2,0
14.40001024,3,0
14.40001024,4,0
14.50001024,0,0
14.50001024,1,0
14.50001024,2,0
14.50001024,3,0
14.50001024,4,0
14.60001024,0,0
14.60001024,1,0
14.60001024,2,0
14.60001024,3,0
14.60001024,4,0
14.70001024,0,0
14.70001024,1,0
14.70001024,2,0
14.70001024,3,0
14.70001024,4,0
14.80001024,0,0
14.80001024,1,0
14.80001024,2,0
14.80001024,3,0
14.80001024,4,0
14.90001024,0,0
14.90001024,1,0
14.90001024,2,0
14.90001024,3,0
14.90001024,4,0
15.00001024,0,0
15.00001024,1,0
15.00001024,2,0
15.00001024,3,0
15.00001024,4,0
15.10001024,0,0
15.10001024,1,0
15.10001024,2,0
15.10001024,3,0
15.10001024,4,0
15.20001024,0,0
15.20001024,1,0
15.20001024,2,0
15.20001024,3,0
15.20001024,4,0
15.30001024,0,0
15.30001024,1,0
15.30001024,2,0
15.30001024,3,0
15.30001024,4,0
15.40001024,0,0
15.40001024,1,0
15.40001024,2,0
15.40001024,3,0
15.40001024,4,0
15.50001024,0,0
15.50001024,1,0
15.50001024,2,0
15.50001024,3,0
15.50001024,4,0
15.60001024,0,0
15.60001024,1,0
15.60001024,2,0
15.60001024,3,0
15.60001024,4,0
15.70001024,0,0
15.70001024,1,0
15.70001024,2,0
15.70001024,3,0
15.70001024,4,0
15.80001024,0,0
15.80001024,1,0
15.80001024,2,0
15.80001024,3,0
15.80001024,4,0
15.90001024,0,0
15.90001024,1,0
15.90001024,2,0
15.90001024,3,0
15.90001024,4,0
16.00001024,0,0
16.00001024,1,0
16.00001024,2,0
16.00001024,3,0
16.00001024,4,0
16.10001024,0,0
16.10001024,1,0
16.10001024,2,0
16.10001024,3,0
16.10001024,4,0
16.20001024,0,0
16.20001024,1,0
16.20001024,2,0
16.20001024,3,0
16.20001024,4,0
16.30001024,0,0
16.30001024,1,0
16.30001024,2,0
16.30001024,3,0
16.30001024,4,0
16.40001024,0,0
16.40001024,1,0
16.40001024,2,0
16.40001024,3,0
16.40001024,4,0
16.50001024,0,0
16.50001024,1,0
16.50001024,2,0
16.50001024,3,0
16.50001024,4,0
16.60001024,0,0
16.60001024,1,0
16.60001024,2,0
16.60001024,3,0
16.60001024,4,0
16.70001024,0,0
16.70001024,1,0
16.70001024,2,0
16.70001024,3,0
16.70001024,4,0
16.80001024,0,0
16.80001024,1,0
16.80001024,2,0
16.80001024,3,0
16.80001024,4,0
16.90001024,0,0
16.90001024,1,0
16.90001024,2,0
16.90001024,3,0
16.90001024,4,0
17.00001024,0,0
17.00001024,1,0
17.00001024,2,0
17.00001024,3,0
17.00001024,4,0
17.10001024,0,0
17.10001024,1,0
17.10001024,2,0
17.10001024,3,0
17.10001024,4,0
17.20001024,0,0
17.20001024,1,0
17.20001024,2,0
17.20001024,3,0
17.20001024,4,0
17.30001024,0,0
17.30001024,1,0
17.30001024,2,0
17.30001024,3,0
17.30001024,4,0
17.40001024,0,0
17.40001024,1,0
17.40001024,2,0
17.40001024,3,0
17.40001024,4,0
17.50001024,0,0
17.50001024,1,0
17.50001024,2,0
17.50001024,3,0
17.50001024,4,0
17.60001024,0,0
17.60001024,1,0
17.60001024,2,0
17.60001024,3,0
17.60001024,4,0
17.70001024,0,0
17.70001024,1,0
17.70001024,2,0
17.70001024,3,0
17.70001024,4,0
17.80001024,0,0
17.80001024,1,0
17.80001024,2,0
17.80001024,3,0
17.80001024,4,0
17.90001024,0,0
17.90001024,1,0
17.90001024,2,0
17.90001024,3,0
17.90001024,4,0
18.00001024,0,0
18.00001024,1,0
18.00001024,2,0
18.00001024,3,0
18.00001024,4,0
18.10001024,0,0
18.10001024,1,0
18.10001024,2,0
18.10001024,3,0
18.10001024,4,0
18.20001024,0,0
18.20001024,1,0
18.20001024,2,0
18.20001024,3,0
18.20001024,4,0
18.30001024,0,0
18.30001024,1,0
18.30001024,2,0
18.30001024,3,0
18.30001024,4,0
18.40001024,0,0
18.40001024,1,0
18.40001024,2,0
18.40001024,3,0
18.40001024,4,0
18.50001024,0,0
18.50001024,1,0
18.50001024,2,0
18.50001024,3,0
18.50001024,4,0
18.60001024,0,0
18.60001024,1,0
18.60001024,2,0
18.60001024,3,0
18.60001024,4,0
18.70001024,0,0
18.70001024,1,0
18.70001024,2,0
18.70001024,3,0
18.70001024,4,0
18.80001024,0,0
18.80001024,1,0
18.80001024,2,0
18.80001024,3,0
18.80001024,4,0
18.90001024,0,0
18.90001024,1,0
18.90001024,2,0
18.90001024,3,0
18.90001024,4,0
19.00001024,0,0
19.00001024,1,0
19.00001024,2,0
19.00001024,3,0
19.00001024,4,0
19.10001024,0,0
19.10001024,1,0
19.10001024,2,0
19.10001024,3,0
19.10001024,4,0
19.20001024,0,0
19.20001024,1,0
19.20001024,2,0
19.20001024,3,0
19.20001024,4,0
19.30001024,0,0
19.30001024,1,0
19.30001024,2,0
19.30001024,3,0
19.30001024,4,0
19.40001024,0,0
19.40001024,1,0
19.40001024,2,0
19.40001024,3,0
19.40001024,4,0
19.50001024,0,0
19.50001024,1,0
19.50001024,2,0
19.50001024,3,0
19.50001024,4,0
19.60001024,0,0
19.60001024,1,0
19.60001024,2,0
19.60001024,3,0
19.60001024,4,0
19.70001024,0,0
19.70001024,1,0
19.70001024,2,0
19.70001024,3,0
19.70001024,4,0
19.80001024,0,0
19.80001024,1,0
19.80001024,2,0
19.80001024,3,0
19.80001024,4,0
19.90001024,0,0
19.90001024,1,0
19.90001024,2,0
19.90001024,3,0
19.90001024,4,0
20.00001024,0,0
20.00001024,1,0
20.00001024,2,0
20.00001024,3,0
20.00001024,4,0
20.10001024,0,0
20.10001024,1,0
20.10001024,2,0
20.10001024,3,0
20.10001024,4,0
20.20001024,0,0
20.20001024,1,0
20.20001024,2,0
20.20001024,3,0
20.20001024,4,0
20.30001024,0,0
20.30001024,1,0
20.30001024,2,0
20.30001024,3,0
20.30001024,4,0
20.40001024,0,0
20.40001024,1,0
20.40001024,2,0
20.40001024,3,0
20.40001024,4,0
20.50001024,0,0
20.50001024,1,0
20.50001024,2,0
20.50001024,3,0
20.50001024,4,0
20.60001024,0,0
20.60001024,1,0
20.60001024,2,0
20.60001024,3,0
20.60001024,4,0
20.70001024,0,0
20.70001024,1,0
20.70001024,2,0
20.70001024,3,0
20.70001024,4,0
20.80001024,0,0
20.80001024,1,0
20.80001024,2,0
20.80001024,3,0
20.80001024,4,0
20.90001024,0,0
20.90001024,1,0
20.90001024,2,0
20.90001024,3,0
20.90001024,4,0
21.00001024,0,0
21.00001024,1,0
21.00001024,2,0
21.00001024,3,0
21.00001024,4,0
21.10001024,0,0
21.10001024,1,0
21.10001024,2,0
21.10001024,3,0
21.10001024,4,0
21.20001024,0,0
21.20001024,1,0
21.20001024,2,0
21.20001024,3,0
21.20001024,4,0
21.30001024,0,0
21.30001024,1,0
21.30001024,2,0
21.30001024,3,0
21.30001024,4,0
21.40001024,0,0
21.40001024,1,0
21.40001024,2,0
21.40001024,3,0
21.40001024,4,0
21.50001024,0,0
21.50001024,1,0
21.50001024,2,0
21.50001024,3,0
21.50001024,4,0
21.60001024,0,0
21.60001024,1,0
21.60001024,2,0
21.60001024,3,0
21.60001024,4,0
21.70001024,0,0
21.70001024,1,0
21.70001024,2,0
21.70001024,3,0
21.70001024,4,0
21.80001024,0,0
21.80001024,1,0
21.80001024,2,0
21.80001024,3,0
21.80001024,4,0
21.90001024,0,0
21.90001024,1,0
21.90001024,2,0
21.90001024,3,0
21.90001024,4,0
22.00001024,0,0
22.00001024,1,0
22.00001024,2,0
22.00001024,3,0
22.00001024,4,0
22.10001024,0,0
22.10001024,1,0
22.10001024,2,0
22.10001024,3,0
22.10001024,4,0
22.20001024,0,0
22.20001024,1,0
22.20001024,2,0
22.20001024,3,0
22.20001024,4,0
22.30001024,0,0
22.30001024,1,0
22.30001024,2,0
22.30001024,3,0
22.30001024,4,0
22.40001024,0,0
22.40001024,1,0
22.40001024,2,0
22.40001024,3,0
22.40001024,4,0
22.50001024,0,0
22.50001024,1,0
22.50001024,2,0
22.50001024,3,0
22.50001024,4,0
22.60001024,0,0
22.60001024,1,0
22.60001024,2,0
22.60001024,3,0
22.60001024,4,0
22.70001024,0,0
22.70001024,1,0
22.70001024,2,0
22.70001024,3,0
22.70001024,4,0
22.80001024,0,0
22.80001024,1,0
22.80001024,2,0
22.80001024,3,0
22.80001024,4,0
22.90001024,0,0
22.90001024,1,0
22.90001024,2,0
22.90001024,3,0
22.90001024,4,0
23.00001024,0,0
23.00001024,1,0
23.00001024,2,0
23.00001024,3,0
23.00001024,4,0
23.10001024,0,0
23.10001024,1,0
23.10001024,2,0
23.10001024,3,0
23.10001024,4,0
23.20001024,0,0
23.20001024,1,0
23.20001024,2,0
23.20001024,3,0
23.20001024,4,0
23.30001024,0,0
23.30001024,1,0
23.30001024,2,0
23.30001024,3,0
23.30001024,4,0
23.40001024,0,0
23.40001024,1,0
23.40001024,2,0
23.40001024,3,0
23.40001024,4,0
23.50001024,0,0
23.50001024,1,0
23.50001024,2,0
23.50001024,3,0
23.50001024,4,0
23.60001024,0,0
23.60001024,1,0
23.60001024,2,0
23.60001024,3,0
23.60001024,4,0
23.70001024,0,0
23.70001024,1,0
23.70001024,2,0
23.70001024,3,0
23.70001024,4,0
23.80001024,0,0
23.80001024,1,0
23.80001024,2,0
23.80001024,3,0
23.80001024,4,0
23.90001024,0,0
23.90001024,1,0
23.90001024,2,0
23.90001024,3,0
23.90001024,4,0
24.00001024,0,0
24.00001024,1,0
24.00001024,2,0
24.00001024,3,0
24.00001024,4,0
24.10001024,0,0
24.10001024,1,0
24.10001024,2,0
24.10001024,3,0
24.10001024,4,0
24.20001024,0,0
24.20001024,1,0
24.20001024,2,0
24.20001024,3,0
24.20001024,4,0
24.30001024,0,0
24.30001024,1,0
24.30001024,2,0
24.30001024,3,0
24.30001024,4,0
24.40001024,0,0
24.40001024,1,0
24.40001024,2,0
24.40001024,3,0
24.40001024,4,0
24.50001024,0,0
24.50001024,1,0
24.50001024,2,0
24.50001024,3,0
24.50001024,4,0
24.60001024,0,0
24.60001024,1,0
24.60001024,2,0
24.60001024,3,0
24.60001024,4,0
24.70001024,0,0
24.70001024,1,0
24.70001024,2,0
24.70001024,3,0
24.70001024,4,0
24.80001024,0,0
24.80001024,1,0
24.80001024,2,0
24.80001024,3,0
24.80001024,4,0
24.90001024,0,0
24.90001024,1,0
24.90001024,2,0
24.90001024,3,0
24.90001024,4,0
25.00001024,0,0
25.00001024,1,0
25.00001024,2,0
25.00001024,3,0
25.00001024,4,0
25.10001024,0,0
25.10001024,1,0
25.10001024,2,0
25.10001024,3,0
25.10001024,4,0
25.20001024,0,0
25.20001024,1,0
25.20001024,2,0
25.20001024,3,0
25.20001024,4,0
25.30001024,0,0
25.30001024,1,0
25.30001024,2,0
25.30001024,3,0
25.30001024,4,0
25.40001024,0,0
25.40001024,1,0
25.40001024,2,0
25.40001024,3,0
25.40001024,4,0
25.50001024,0,0
25.50001024,1,0
25.50001024,2,0
25.50001024,3,0
25.50001024,4,0
25.60001024,0,0
25.60001024,1,0
25.60001024,2,0
25.60001024,3,0
25.60001024,4,0
25.70001024,0,0
25.70001024,1,0
25.70001024,2,0
25.70001024,3,0
25.70001024,4,0
25.80001024,0,0
25.80001024,1,0
25.80001024,2,0
25.80001024,3,0
25.80001024,4,0
25.90001024,0,0
25.90001024,1,0
25.90001024,2,0
25.90001024,3,0
25.90001024,4,0
26.00001024,0,0
26.00001024,1,0
26.00001024,2,0
26.00001024,3,0
26.00001024,4,0
26.10001024,0,0
26.10001024,1,0
26.10001024,2,0
26.10001024,3,0
26.10001024,4,0
26.20001024,0,0
26.20001024,1,0
26.20001024,2,0
26.20001024,3,0
26.20001024,4,0
26.30001024,0,0
26.30001024,1,0
26.30001024,2,0
26.30001024,3,0
26.30001024,4,0
26.40001024,0,0
26.40001024,1,0
26.40001024,2,0
26.40001024,3,0
26.40001024,4,0
26.50001024,0,0
26.50001024,1,0
26.50001024,2,0
26.50001024,3,0
26.50001024,4,0
26.60001024,0,0
26.60001024,1,0
26.60001024,2,0
26.60001024,3,0
26.60001024,4,0
26.70001024,0,0
26.70001024,1,0
26.70001024,2,0
26.70001024,3,0
26.70001024,4,0
26.80001024,0,0
26.80001024,1,0
26.80001024,2,0
26.80001024,3,0
26.80001024,4,0
26.90001024,0,0
26.90001024,1,0
26.90001024,2,0
26.90001024,3,0
26.90001024,4,0
27.00001024,0,0
27.00001024,1,0
27.00001024,2,0
27.00001024,3,0
27.00001024,4,0
27.10001024,0,0
27.10001024,1,0
27.10001024,2,0
27.10001024,3,0
27.10001024,4,0
27.20001024,0,0
27.20001024,1,0
27.20001024,2,0
27.20001024,3,0
27.20001024,4,0
27.30001024,0,0
27.30001024,1,0
27.30001024,2,0
27.30001024,3,0
27.30001024,4,0
27.40001024,0,0
27.40001024,1,0
27.40001024,2,0
27.40001024,3,0
27.40001024,4,0
27.50001024,0,0
27.50001024,1,0
27.50001024,2,0
27.50001024,3,0
27.50001024,4,0
27.60001024,0,0
27.60001024,1,0
27.60001024,2,0
27.60001024,3,0
27.60001024,4,0
27.70001024,0,0
27.70001024,1,0
27.70001024,2,0
27.70001024,3,0
27.70001024,4,0
27.80001024,0,0
27.80001024,1,0
27.80001024,2,0
27.80001024,3,0
27.80001024,4,0
27.90001024,0,0
27.90001024,1,0
27.90001024,2,0
27.90001024,3,0
27.90001024,4,0
28.00001024,0,0
28.00001024,1,0
28.00001024,2,0
28.00001024,3,0
28.00001024,4,0
28.10001024,0,0
28.10001024,1,0
28.10001024,2,0
28.10001024,3,0
28.10001024,4,0
28.20001024,0,0
28.20001024,1,0
28.20001024,2,0
28.20001024,3,0
28.20001024,4,0
28.30001024,0,0
28.30001024,1,0
28.30001024,2,0
28.30001024,3,0
28.30001024,4,0
28.40001024,0,0
28.40001024,1,0
28.40001024,2,0
28.40001024,3,0
28.40001024,4,0
28.50001024,0,0
28.50001024,1,0
28.50001024,2,0
28.50001024,3,0
28.50001024,4,0
28.60001024,0,0
28.60001024,1,0
28.60001024,2,0
28.60001024,3,0
28.60001024,4,0
28.70001024,0,0
28.70001024,1,0
28.70001024,2,0
28.70001024,3,0
28.70001024,4,0
28.80001024,0,0
28.80001024,1,0
28.80001024,2,0
28.80001024,3,0
28.80001024,4,0
28.90001024,0,0
28.90001024,1,0
28.90001024,2,0
28.90001024,3,0
28.90001024,4,0
29.00001024,0,0
29.00001024,1,0
29.00001024,2,0
29.00001024,3,0
29.00001024,4,0
29.10001024,0,0
29.10001024,1,0
29.10001024,2,0
29.10001024,3,0
29.10001024,4,0
29.20001024,0,0
29.20001024,1,0
29.20001024,2,0
29.20001024,3,0
29.20001024,4,0
29.30001024,0,0
29.30001024,1,0
29.30001024,2,0
29.30001024,3,0
29.30001024,4,0
29.40001024,0,0
29.40001024,1,0
29.40001024,2,0
29.40001024,3,0
29.40001024,4,0
29.50001024,0,0
29.50001024,1,0
29.50001024,2,0
29.50001024,3,0
29.50001024,4,0
29.60001024,0,0
29.60001024,1,0
29.60001024,2,0
29.60001024,3,0
29.60001024,4,0
29.70001024,0,0
29.70001024,1,0
29.70001024,2,0
29.70001024,3,0
29.70001024,4,0
29.80001024,0,0
29.80001024,1,0
29.80001024,2,0
29.80001024,3,0
29.80001024,4,0
29.90001024,0,0
29.90001024,1,0
29.90001024,2,0
29.90001024,3,0
29.90001024,4,0
30.00001024,0,0
30.00001024,1,0
30.00001024,2,0
30.00001024,3,0
30.00001024,4,0
30.10001024,0,0
30.10001024,1,0
30.10001024,2,0
30.10001024,3,0
30.10001024,4,0
30.20001024,0,0
30.20001024,1,0
30.20001024,2,0
30.20001024,3,0
30.20001024,4,0
30.30001024,0,0
30.30001024,1,0
30.30001024,2,0
30.30001024,3,0
30.30001024,4,0
30.40001024,0,0
30.40001024,1,0
30.40001024,2,0
30.40001024,3,0
30.40001024,4,0
30.50001024,0,0
30.50001024,1,0
30.50001024,2,0
30.50001024,3,0
30.50001024,4,0
30.60001024,0,0
30.60001024,1,0
30.60001024,2,0
30.60001024,3,0
30.60001024,4,0
30.70001024,0,0
30.70001024,1,0
30.70001024,2,0
30.70001024,3,0
30.70001024,4,0
30.80001024,0,0
30.80001024,1,0
30.80001024,2,0
30.80001024,3,0
30.80001024,4,0
30.90001024,0,0
30.90001024,1,0
30.90001024,2,0
30.90001024,3,0
30.90001024,4,0
31.00001024,0,0
31.00001024,1,0
31.00001024,2,0
31.00001024,3,0
31.00001024,4,0
31.10001024,0,0
31.10001024,1,0
31.10001024,2,0
31.10001024,3,0
31.10001024,4,0
31.20001024,0,0
31.20001024,1,0
31.20001024,2,0
31.20001024,3,0
31.20001024,4,0
31.30001024,0,0
31.30001024,1,0
31.30001024,2,0
31.30001024,3,0
31.30001024,4,0
31.40001024,0,0
31.40001024,1,0
31.40001024,2,0
31.40001024,3,0
31.40001024,4,0
31.50001024,0,0
31.50001024,1,0
31.50001024,2,0
31.50001024,3,0
31.50001024,4,0
31.60001024,0,0
31.60001024,1,0
31.60001024,2,0
31.60001024,3,0
31.60001024,4,0
31.70001024,0,0
31.70001024,1,0
31.70001024,2,0
31.70001024,3,0
31.70001024,4,0
31.80001024,0,0
31.80001024,1,0
31.80001024,2,0
31.80001024,3,0
31.80001024,4,0
31.90001024,0,0
31.90001024,1,0
31.90001024,2,0
31.90001024,3,0
31.90001024,4,0
32.00001024,0,0
32.00001024,1,0
32.00001024,2,0
32.00001024,3,0
32.00001024,4,0
32.10001024,0,0
32.10001024,1,0
32.10001024,2,0
32.10001024,3,0
32.10001024,4,0
32.20001024,0,0
32.20001024,1,0
32.20001024,2,0
32.20001024,3,0
32.20001024,4,0
32.30001024,0,0
32.30001024,1,0
32.30001024,2,0
32.30001024,3,0
32.30001024,4,0
32.40001024,0,0
32.40001024,1,0
32.40001024,2,0
32.40001024,3,0
32.40001024,4,0
32.50001024,0,0
32.50001024,1,0
32.50001024,2,0
32.50001024,3,0
32.50001024,4,0
32.60001024,0,0
32.60001024,1,0
32.60001024,2,0
32.60001024,3,0
32.60001024,4,0
32.70001024,0,0
32.70001024,1,0
32.70001024,2,0
32.70001024,3,0
32.70001024,4,0
32.80001024,0,0
32.80001024,1,0
32.80001024,2,0
32.80001024,3,0
32.80001024,4,0
32.90001024,0,0
32.90001024,1,0
32.90001024,2,0
32.90001024,3,0
32.90001024,4,0
33.00001024,0,0
33.00001024,1,0
33.00001024,2,0
33.00001024,3,0
33.00001024,4,0
33.10001024,0,0
33.10001024,1,0
33.10001024,2,0
33.10001024,3,0
33.10001024,4,0
33.20001024,0,0
33.20001024,1,0
33.20001024,2,0
33.20001024,3,0
33.20001024,4,0
33.30001024,0,0
33.30001024,1,0
33.30001024,2,0
33.30001024,3,0
33.30001024,4,0
33.40001024,0,0
33.40001024,1,0
33.40001024,2,0
33.40001024,3,0
33.40001024,4,0
33.50001024,0,0
33.50001024,1,0
33.50001024,2,0
33.50001024,3,0
33.50001024,4,0
33.60001024,0,0
33.60001024,1,0
33.60001024,2,0
33.60001024,3,0
33.60001024,4,0
33.70001024,0,0
33.70001024,1,0
33.70001024,2,0
33.70001024,3,0
33.70001024,4,0
33.80001024,0,0
33.80001024,1,0
33.80001024,2,0
33.80001024,3,0
33.80001024,4,0
33.90001024,0,0
33.90001024,1,0
33.90001024,2,0
33.90001024,3,0
33.90001024,4,0
34.00001024,0,0
34.00001024,1,0
34.00001024,2,0
34.00001024,3,0
34.00001024,4,0
34.10001024,0,0
34.10001024,1,0
34.10001024,2,0
34.10001024,3,0
34.10001024,4,0
34.20001024,0,0
34.20001024,1,0
34.20001024,2,0
34.20001024,3,0
34.20001024,4,0
34.30001024,0,0
34.30001024,1,0
34.30001024,2,0
34.30001024,3,0
34.30001024,4,0
34.40001024,0,0
34.40001024,1,0
34.40001024,2,0
34.40001024,3,0
34.40001024,4,0
34.50001024,0,0
34.50001024,1,0
34.50001024,2,0
34.50001024,3,0
34.50001024,4,0
34.60001024,0,0
34.60001024,1,0
34.60001024,2,0
34.60001024,3,0
34.60001024,4,0
34.70001024,0,0
34.70001024,1,0
34.70001024,2,0
34.70001024,3,0
34.70001024,4,0
34.80001024,0,0
34.80001024,1,0
34.80001024,2,0
34.80001024,3,0
34.80001024,4,0
34.90001024,0,0
34.90001024,1,0
34.90001024,2,0
34.90001024,3,0
34.90001024,4,0
35.00001024,0,0
35.00001024,1,0
35.00001024,2,0
35.00001024,3,0
35.00001024,4,0
35.10001024,0,0
35.10001024,1,0
35.10001024,2,0
35.10001024,3,0
35.10001024,4,0
35.20001024,0,0
35.20001024,1,0
35.20001024,2,0
35.20001024,3,0
35.20001024,4,0
35.30001024,0,0
35.30001024,1,0
35.30001024,2,0
35.30001024,3,0
35.30001024,4,0
35.40001024,0,0
35.40001024,1,0
35.40001024,2,0
35.40001024,3,0
35.40001024,4,0
35.50001024,0,0
35.50001024,1,0
35.50001024,2,0
35.50001024,3,0
35.50001024,4,0
35.60001024,0,0
35.60001024,1,0
35.60001024,2,0
35.60001024,3,0
35.60001024,4,0
35.70001024,0,0
35.70001024,1,0
35.70001024,2,0
35.70001024,3,0
35.70001024,4,0
35.80001024,0,0
35.80001024,1,0
35.80001024,2,0
35.80001024,3,0
35.80001024,4,0
35.90001024,0,0
35.90001024,1,0
35.90001024,2,0
35.90001024,3,0
35.90001024,4,0
36.00001024,0,0
36.00001024,1,0
36.00001024,2,0
36.00001024,3,0
36.00001024,4,0
36.10001024,0,0
36.10001024,1,0
36.10001024,2,0
36.10001024,3,0
36.10001024,4,0
36.20001024,0,0
36.20001024,1,0
36.20001024,2,0
36.20001024,3,0
36.20001024,4,0
36.30001024,0,0
36.30001024,1,0
36.30001024,2,0
36.30001024,3,0
36.30001024,4,0
36.40001024,0,0
36.40001024,1,0
36.40001024,2,0
36.40001024,3,0
36.40001024,4,0
36.50001024,0,0
36.50001024,1,0
36.50001024,2,0
36.50001024,3,0
36.50001024,4,0
36.60001024,0,0
36.60001024,1,0
36.60001024,2,0
36.60001024,3,0
36.60001024,4,0
36.70001024,0,0
36.70001024,1,0
36.70001024,2,0
36.70001024,3,0
36.70001024,4,0
36.80001024,0,0
36.80001024,1,0
36.80001024,2,0
36.80001024,3,0
36.80001024,4,0
36.90001024,0,0
36.90001024,1,0
36.90001024,2,0
36.90001024,3,0
36.90001024,4,0
37.00001024,0,0
37.00001024,1,0
37.00001024,2,0
37.00001024,3,0
37.00001024,4,0
37.10001024,0,0
37.10001024,1,0
37.10001024,2,0
37.10001024,3,0
37.10001024,4,0
37.20001024,0,0
37.20001024,1,0
37.20001024,2,0
37.20001024,3,0
37.20001024,4,0
37.30001024,0,0
37.30001024,1,0
37.30001024,2,0
37.30001024,3,0
37.30001024,4,0
37.40001024,0,0
37.40001024,1,0
37.40001024,2,0
37.40001024,3,0
37.40001024,4,0
37.50001024,0,0
37.50001024,1,0
37.50001024,2,0
37.50001024,3,0
37.50001024,4,0
37.60001024,0,0
37.60001024,1,0
37.60001024,2,0
37.60001024,3,0
37.60001024,4,0
37.70001024,0,0
37.70001024,1,0
37.70001024,2,0
37.70001024,3,0
37.70001024,4,0
37.80001024,0,0
37.80001024,1,0
37.80001024,2,0
37.80001024,3,0
37.80001024,4,0
37.90001024,0,0
37.90001024,1,0
37.90001024,2,0
37.90001024,3,0
37.90001024,4,0
38.00001024,0,0
38.00001024,1,0
38.00001024,2,0
38.00001024,3,0
38.00001024,4,0
38.10001024,0,0
38.10001024,1,0
38.10001024,2,0
38.10001024,3,0
38.10001024,4,0
38.20001024,0,0
38.20001024,1,0
38.20001024,2,0
38.20001024,3,0
38.20001024,4,0
38.30001024,0,0
38.30001024,1,0
38.30001024,2,0
38.30001024,3,0
38.30001024,4,0
38.40001024,0,0
38.40001024,1,0
38.40001024,2,0
38.40001024,3,0
38.40001024,4,0
38.50001024,0,0
38.50001024,1,0
38.50001024,2,0
38.50001024,3,0
38.50001024,4,0
38.60001024,0,0
38.60001024,1,0
38.60001024,2,0
38.60001024,3,0
38.60001024,4,0
38.70001024,0,0
38.70001024,1,0
38.70001024,2,0
38.70001024,3,0
38.70001024,4,0
38.80001024,0,0
38.80001024,1,0
38.80001024,2,0
38.80001024,3,0
38.80001024,4,0
38.90001024,0,0
38.90001024,1,0
38.90001024,2,0
38.90001024,3,0
38.90001024,4,0
39.00001024,0,0
39.00001024,1,0
39.00001024,2,0
39.00001024,3,0
39.00001024,4,0
39.10001024,0,0
39.10001024,1,0
39.10001024,2,0
39.10001024,3,0
39.10001024,4,0
39.20001024,0,0
39.20001024,1,0
39.20001024,2,0
39.20001024,3,0
39.20001024,4,0
39.30001024,0,0
39.30001024,1,0
39.30001024,2,0
39.30001024,3,0
39.30001024,4,0
39.40001024,0,0
39.40001024,1,0
39.40001024,2,0
39.40001024,3,0
39.40001024,4,0
39.50001024,0,0
39.50001024,1,0
39.50001024,2,0
39.50001024,3,0
39.50001024,4,0
39.60001024,0,0
39.60001024,1,0
39.60001024,2,0
39.60001024,3,0
39.60001024,4,0
39.70001024,0,0
39.70001024,1,0
39.70001024,2,0
39.70001024,3,0
39.70001024,4,0
39.80001024,0,0
39.80001024,1,0
39.80001024,2,0
39.80001024,3,0
39.80001024,4,0
39.90001024,0,0
39.90001024,1,0
39.90001024,2,0
39.90001024,3,0
39.90001024,4,0
40.00001024,0,0
40.00001024,1,0
40.00001024,2,0
40.00001024,3,0
40.00001024,4,0
40.10001024,0,0
40.10001024,1,0
40.10001024,2,0
40.10001024,3,0
40.10001024,4,0
40.20001024,0,0
40.20001024,1,0
40.20001024,2,0
40.20001024,3,0
40.20001024,4,0
40.30001024,0,0
40.30001024,1,0
40.30001024,2,0
40.30001024,3,0
40.30001024,4,0
40.40001024,0,0
40.40001024,1,0
40.40001024,2,0
40.40001024,3,0
40.40001024,4,0
40.50001024,0,0
40.50001024,1,0
40.50001024,2,0
40.50001024,3,0
40.50001024,4,0
40.60001024,0,0
40.60001024,1,0
40.60001024,2,0
40.60001024,3,0
40.60001024,4,0
40.70001024,0,0
40.70001024,1,0
40.70001024,2,0
40.70001024,3,0
40.70001024,4,0
40.80001024,0,0
40.80001024,1,0
40.80001024,2,0
40.80001024,3,0
40.80001024,4,0
40.90001024,0,0
40.90001024,1,0
40.90001024,2,0
40.90001024,3,0
40.90001024,4,0
41.00001024,0,0
41.00001024,1,0
41.00001024,2,0
41.00001024,3,0
41.00001024,4,0
41.10001024,0,0
41.10001024,1,0
41.10001024,2,0
41.10001024,3,0
41.10001024,4,0
41.20001024,0,0
41.20001024,1,0
41.20001024,2,0
41.20001024,3,0
41.20001024,4,0
41.30001024,0,0
41.30001024,1,0
41.30001024,2,0
41.30001024,3,0
41.30001024,4,0
41.40001024,0,0
41.40001024,1,0
41.40001024,2,0
41.40001024,3,0
41.40001024,4,0
41.50001024,0,0
41.50001024,1,0
41.50001024,2,0
41.50001024,3,0
41.50001024,4,0
41.60001024,0,0
41.60001024,1,0
41.60001024,2,0
41.60001024,3,0
41.60001024,4,0
41.70001024,0,0
41.70001024,1,0
41.70001024,2,0
41.70001024,3,0
41.70001024,4,0
41.80001024,0,0
41.80001024,1,0
41.80001024,2,0
41.80001024,3,0
41.80001024,4,0
41.90001024,0,0
41.90001024,1,0
41.90001024,2,0
41.90001024,3,0
41.90001024,4,0
42.00001024,0,0
42.00001024,1,0
42.00001024,2,0
42.00001024,3,0
42.00001024,4,0
42.10001024,0,0
42.10001024,1,0
42.10001024,2,0
42.10001024,3,0
42.10001024,4,0
42.20001024,0,0
42.20001024,1,0
42.20001024,2,0
42.20001024,3,0
42.20001024,4,0
42.30001024,0,0
42.30001024,1,0
42.30001024,2,0
42.30001024,3,0
42.30001024,4,0
42.40001024,0,0
42.40001024,1,0
42.40001024,2,0
42.40001024,3,0
42.40001024,4,0
42.50001024,0,0
42.50001024,1,0
42.50001024,2,0
42.50001024,3,0
42.50001024,4,0
42.60001024,0,0
42.60001024,1,0
42.60001024,2,0
42.60001024,3,0
42.60001024,4,0
42.70001024,0,0
42.70001024,1,0
42.70001024,2,0
42.70001024,3,0
42.70001024,4,0
42.80001024,0,0
42.80001024,1,0
42.80001024,2,0
42.80001024,3,0
42.80001024,4,0
42.90001024,0,0
42.90001024,1,0
42.90001024,2,0
42.90001024,3,0
42.90001024,4,0
43.00001024,0,0
43.00001024,1,0
43.00001024,2,0
43.00001024,3,0
43.00001024,4,0
43.10001024,0,0
43.10001024,1,0
43.10001024,2,0
43.10001024,3,0
43.10001024,4,0
43.20001024,0,0
43.20001024,1,0
43.20001024,2,0
43.20001024,3,0
43.20001024,4,0
43.30001024,0,0
43.30001024,1,0
43.30001024,2,0
43.30001024,3,0
43.30001024,4,0
43.40001024,0,0
43.40001024,1,0
43.40001024,2,0
43.40001024,3,0
43.40001024,4,0
43.50001024,0,0
43.50001024,1,0
43.50001024,2,0
43.50001024,3,0
43.50001024,4,0
43.60001024,0,0
43.60001024,1,0
43.60001024,2,0
43.60001024,3,0
43.60001024,4,0
43.70001024,0,0
43.70001024,1,0
43.70001024,2,0
43.70001024,3,0
43.70001024,4,0
43.80001024,0,0
43.80001024,1,0
43.80001024,2,0
43.80001024,3,0
43.80001024,4,0
43.90001024,0,0
43.90001024,1,0
43.90001024,2,0
43.90001024,3,0
43.90001024,4,0
44.00001024,0,0
44.00001024,1,0
44.00001024,2,0
44.00001024,3,0
44.00001024,4,0
44.10001024,0,0
44.10001024,1,0
44.10001024,2,0
44.10001024,3,0
44.10001024,4,0
44.20001024,0,0
44.20001024,1,0
44.20001024,2,0
44.20001024,3,0
44.20001024,4,0
44.30001024,0,0
44.30001024,1,0
44.30001024,2,0
44.30001024,3,0
44.30001024,4,0
44.40001024,0,0
44.40001024,1,0
44.40001024,2,0
44.40001024,3,0
44.40001024,4,0
44.50001024,0,0
44.50001024,1,0
44.50001024,2,0
44.50001024,3,0
44.50001024,4,0
44.60001024,0,0
44.60001024,1,0
44.60001024,2,0
44.60001024,3,0
44.60001024,4,0
44.70001024,0,0
44.70001024,1,0
44.70001024,2,0
44.70001024,3,0
44.70001024,4,0
44.80001024,0,0
44.80001024,1,0
44.80001024,2,0
44.80001024,3,0
44.80001024,4,0
44.90001024,0,0
44.90001024,1,0
44.90001024,2,0
44.90001024,3,0
44.90001024,4,0
45.00001024,0,0
45.00001024,1,0
45.00001024,2,0
45.00001024,3,0
45.00001024,4,0
45.10001024,0,0
45.10001024,1,0
45.10001024,2,0
45.10001024,3,0
45.10001024,4,0
45.20001024,0,0
45.20001024,1,0
45.20001024,2,0
45.20001024,3,0
45.20001024,4,0
45.30001024,0,0
45.30001024,1,0
45.30001024,2,0
45.30001024,3,0
45.30001024,4,0
45.40001024,0,0
45.40001024,1,0
45.40001024,2,0
45.40001024,3,0
45.40001024,4,0
45.50001024,0,0
45.50001024,1,0
45.50001024,2,0
45.50001024,3,0
45.50001024,4,0
45.60001024,0,0
45.60001024,1,0
45.60001024,2,0
45.60001024,3,0
45.60001024,4,0
45.70001024,0,0
45.70001024,1,0
45.70001024,2,0
45.70001024,3,0
45.70001024,4,0
45.80001024,0,0
45.80001024,1,0
45.80001024,2,0
45.80001024,3,0
45.80001024,4,0
45.90001024,0,0
45.90001024,1,0
45.90001024,2,0
45.90001024,3,0
45.90001024,4,0
46.00001024,0,0
46.00001024,1,0
46.00001024,2,0
46.00001024,3,0
46.00001024,4,0
46.10001024,0,0
46.10001024,1,0
46.10001024,2,0
46.10001024,3,0
46.10001024,4,0
46.20001024,0,0
46.20001024,1,0
46.20001024,2,0
46.20001024,3,0
46.20001024,4,0
46.30001024,0,0
46.30001024,1,0
46.30001024,2,0
46.30001024,3,0
46.30001024,4,0
46.40001024,0,0
46.40001024,1,0
46.40001024,2,0
46.40001024,3,0
46.40001024,4,0
46.50001024,0,0
46.50001024,1,0
46.50001024,2,0
46.50001024,3,0
46.50001024,4,0
46.60001024,0,0
46.60001024,1,0
46.60001024,2,0
46.60001024,3,0
46.60001024,4,0
46.70001024,0,0
46.70001024,1,0
46.70001024,2,0
46.70001024,3,0
46.70001024,4,0
46.80001024,0,0
46.80001024,1,0
46.80001024,2,0
46.80001024,3,0
46.80001024,4,0
46.90001024,0,0
46.90001024,1,0
46.90001024,2,0
46.90001024,3,0
46.90001024,4,0
47.00001024,0,0
47.00001024,1,0
47.00001024,2,0
47.00001024,3,0
47.00001024,4,0
47.10001024,0,0
47.10001024,1,0
47.10001024,2,0
47.10001024,3,0
47.10001024,4,0
47.20001024,0,0
47.20001024,1,0
47.20001024,2,0
47.20001024,3,0
47.20001024,4,0
47.30001024,0,0
47.30001024,1,0
47.30001024,2,0
47.30001024,3,0
47.30001024,4,0
47.40001024,0,0
47.40001024,1,0
47.40001024,2,0
47.40001024,3,0
47.40001024,4,0
47.50001024,0,0
47.50001024,1,0
47.50001024,2,0
47.50001024,3,0
47.50001024,4,0
47.60001024,0,0
47.60001024,1,0
47.60001024,2,0
47.60001024,3,0
47.60001024,4,0
47.70001024,0,0
47.70001024,1,0
47.70001024,2,0
47.70001024,3,0
47.70001024,4,0
47.80001024,0,0
47.80001024,1,0
47.80001024,2,0
47.80001024,3,0
47.80001024,4,0
47.90001024,0,0
47.90001024,1,0
47.90001024,2,0
47.90001024,3,0
47.90001024,4,0
48.00001024,0,0
48.00001024,1,0
48.00001024,2,0
48.00001024,3,0
48.00001024,4,0
48.10001024,0,0
48.10001024,1,0
48.10001024,2,0
48.10001024,3,0
48.10001024,4,0
48.20001024,0,0
48.20001024,1,0
48.20001024,2,0
48.20001024,3,0
48.20001024,4,0
48.30001024,0,0
48.30001024,1,0
48.30001024,2,0
48.30001024,3,0
48.30001024,4,0
48.40001024,0,0
48.40001024,1,0
48.40001024,2,0
48.40001024,3,0
48.40001024,4,0
48.50001024,0,0
48.50001024,1,0
48.50001024,2,0
48.50001024,3,0
48.50001024,4,0
48.60001024,0,0
48.60001024,1,0
48.60001024,2,0
48.60001024,3,0
48.60001024,4,0
48.70001024,0,0
48.70001024,1,0
48.70001024,2,0
48.70001024,3,0
48.70001024,4,0
48.80001024,0,0
48.80001024,1,0
48.80001024,2,0
48.80001024,3,0
48.80001024,4,0
48.90001024,0,0
48.90001024,1,0
48.90001024,2,0
48.90001024,3,0
48.90001024,4,0
49.00001024,0,0
49.00001024,1,0
49.00001024,2,0
49.00001024,3,0
49.00001024,4,0
49.10001024,0,0
49.10001024,1,0
49.10001024,2,0
49.10001024,3,0
49.10001024,4,0
49.20001024,0,0
49.20001024,1,0
49.20001024,2,0
49.20001024,3,0
49.20001024,4,0
49.30001024,0,0
49.30001024,1,0
49.30001024,2,0
49.30001024,3,0
49.30001024,4,0
49.40001024,0,0
49.40001024,1,0
49.40001024,2,0
49.40001024,3,0
49.40001024,4,0
49.50001024,0,0
49.50001024,1,0
49.50001024,2,0
49.50001024,3,0
49.50001024,4,0
49.60001024,0,0
49.60001024,1,0
49.60001024,2,0
49.60001024,3,0
49.60001024,4,0
49.70001024,0,0
49.70001024,1,0
49.70001024,2,0
49.70001024,3,0
49.70001024,4,0
49.80001024,0,0
49.80001024,1,0
49.80001024,2,0
49.80001024,3,0
49.80001024,4,0
49.90001024,0,0
49.90001024,1,0
49.90001024,2,0
49.90001024,3,0
49.90001024,4,0
50.00001024,0,0
50.00001024,1,0
50.00001024,2,0
50.00001024,3,0
50.00001024,4,0
50.10001024,0,0
50.10001024,1,0
50.10001024,2,0
50.10001024,3,0
50.10001024,4,0
50.20001024,0,0
50.20001024,1,0
50.20001024,2,0
50.20001024,3,0
50.20001024,4,0
50.30001024,0,0
50.30001024,1,0
50.30001024,2,0
50.30001024,3,0
50.30001024,4,0
50.40001024,0,0
50.40001024,1,0
50.40001024,2,0
50.40001024,3,0
50.40001024,4,0
50.50001024,0,0
50.50001024,1,0
50.50001024,2,0
50.50001024,3,0
50.50001024,4,0
50.60001024,0,0
50.60001024,1,0
50.60001024,2,0
50.60001024,3,0
50.60001024,4,0
50.70001024,0,0
50.70001024,1,0
50.70001024,2,0
50.70001024,3,0
50.70001024,4,0
50.80001024,0,0
50.80001024,1,0
50.80001024,2,0
50.80001024,3,0
50.80001024,4,0
50.90001024,0,0
50.90001024,1,0
50.90001024,2,0
50.90001024,3,0
50.90001024,4,0
51.00001024,0,0
51.00001024,1,0
51.00001024,2,0
51.00001024,3,0
51.00001024,4,0
51.10001024,0,0
51.10001024,1,0
51.10001024,2,0
51.10001024,3,0
51.10001024,4,0
51.20001024,0,0
51.20001024,1,0
51.20001024,2,0
51.20001024,3,0
51.20001024,4,0
51.30001024,0,0
51.30001024,1,0
51.30001024,2,0
51.30001024,3,0
51.30001024,4,0
51.40001024,0,0
51.40001024,1,0
51.40001024,2,0
51.40001024,3,0
51.40001024,4,0
51.50001024,0,0
51.50001024,1,0
51.50001024,2,0
51.50001024,3,0
51.50001024,4,0
51.60001024,0,0
51.60001024,1,0
51.60001024,2,0
51.60001024,3,0
51.60001024,4,0
51.70001024,0,0
51.70001024,1,0
51.70001024,2,0
51.70001024,3,0
51.70001024,4,0
51.80001024,0,0
51.80001024,1,0
51.80001024,2,0
51.80001024,3,0
51.80001024,4,0
51.90001024,0,0
51.90001024,1,0
51.90001024,2,0
51.90001024,3,0
51.90001024,4,0
52.00001024,0,0
52.00001024,1,0
52.00001024,2,0
52.00001024,3,0
52.00001024,4,0
52.10001024,0,0
52.10001024,1,0
52.10001024,2,0
52.10001024,3,0
52.10001024,4,0
52.20001024,0,0
52.20001024,1,0
52.20001024,2,0
52.20001024,3,0
52.20001024,4,0
52.30001024,0,0
52.30001024,1,0
52.30001024,2,0
52.30001024,3,0
52.30001024,4,0
52.40001024,0,0
52.40001024,1,0
52.40001024,2,0
52.40001024,3,0
52.40001024,4,0
52.50001024,0,0
52.50001024,1,0
52.50001024,2,0
52.50001024,3,0
52.50001024,4,0
52.60001024,0,0
52.60001024,1,0
52.60001024,2,0
52.60001024,3,0
52.60001024,4,0
52.70001024,0,0
52.70001024,1,0
52.70001024,2,0
52.70001024,3,0
52.70001024,4,0
52.80001024,0,0
52.80001024,1,0
52.80001024,2,0
52.80001024,3,0
52.80001024,4,0
52.90001024,0,0
52.90001024,1,0
52.90001024,2,0
52.90001024,3,0
52.90001024,4,0
53.00001024,0,0
53.00001024,1,0
53.00001024,2,0
53.00001024,3,0
53.00001024,4,0
53.10001024,0,0
53.10001024,1,0
53.10001024,2,0
53.10001024,3,0
53.10001024,4,0
53.20001024,0,0
53.20001024,1,0
53.20001024,2,0
53.20001024,3,0
53.20001024,4,0
53.30001024,0,0
53.30001024,1,0
53.30001024,2,0
53.30001024,3,0
53.30001024,4,0
53.40001024,0,0
53.40001024,1,0
53.40001024,2,0
53.40001024,3,0
53.40001024,4,0
53.50001024,0,0
53.50001024,1,0
53.50001024,2,0
53.50001024,3,0
53.50001024,4,0
53.60001024,0,0
53.60001024,1,0
53.60001024,2,0
53.60001024,3,0
53.60001024,4,0
53.70001024,0,0
53.70001024,1,0
53.70001024,2,0
53.70001024,3,0
53.70001024,4,0
53.80001024,0,0
53.80001024,1,0
53.80001024,2,0
53.80001024,3,0
53.80001024,4,0
53.90001024,0,0
53.90001024,1,0
53.90001024,2,0
53.90001024,3,0
53.90001024,4,0
54.00001024,0,0
54.00001024,1,0
54.00001024,2,0
54.00001024,3,0
54.00001024,4,0
54.10001024,0,0
54.10001024,1,0
54.10001024,2,0
54.10001024,3,0
54.10001024,4,0
54.20001024,0,0
54.20001024,1,0
54.20001024,2,0
54.20001024,3,0
54.20001024,4,0
54.30001024,0,0
54.30001024,1,0
54.30001024,2,0
54.30001024,3,0
54.30001024,4,0
54.40001024,0,0
54.40001024,1,0
54.40001024,2,0
54.40001024,3,0
54.40001024,4,0
54.50001024,0,0
54.50001024,1,0
54.50001024,2,0
54.50001024,3,0
54.50001024,4,0
54.60001024,0,0
54.60001024,1,0
54.60001024,2,0
54.60001024,3,0
54.60001024,4,0
54.70001024,0,0
54.70001024,1,0
54.70001024,2,0
54.70001024,3,0
54.70001024,4,0
54.80001024,0,0
54.80001024,1,0
54.80001024,2,0
54.80001024,3,0
54.80001024,4,0
54.90001024,0,0
54.90001024,1,0
54.90001024,2,0
54.90001024,3,0
54.90001024,4,0
55.00001024,0,0
55.00001024,1,0
55.00001024,2,0
55.00001024,3,0
55.00001024,4,0
55.10001024,0,0
55.10001024,1,0
55.10001024,2,0
55.10001024,3,0
55.10001024,4,0
55.20001024,0,0
55.20001024,1,0
55.20001024,2,0
55.20001024,3,0
55.20001024,4,0
55.30001024,0,0
55.30001024,1,0
55.30001024,2,0
55.30001024,3,0
55.30001024,4,0
55.40001024,0,0
55.40001024,1,0
55.40001024,2,0
55.40001024,3,0
55.40001024,4,0
55.50001024,0,0
55.50001024,1,0
55.50001024,2,0
55.50001024,3,0
55.50001024,4,0
55.60001024,0,0
55.60001024,1,0
55.60001024,2,0
55.60001024,3,0
55.60001024,4,0
55.70001024,0,0
55.70001024,1,0
55.70001024,2,0
55.70001024,3,0
55.70001024,4,0
55.80001024,0,0
55.80001024,1,0
55.80001024,2,0
55.80001024,3,0
55.80001024,4,0
55.90001024,0,0
55.90001024,1,0
55.90001024,2,0
55.90001024,3,0
55.90001024,4,0
56.00001024,0,0
56.00001024,1,0
56.00001024,2,0
56.00001024,3,0
56.00001024,4,0
56.10001024,0,0
56.10001024,1,0
56.10001024,2,0
56.10001024,3,0
56.10001024,4,0
56.20001024,0,0
56.20001024,1,0
56.20001024,2,0
56.20001024,3,0
56.20001024,4,0
56.30001024,0,0
56.30001024,1,0
56.30001024,2,0
56.30001024,3,0
56.30001024,4,0
56.40001024,0,0
56.40001024,1,0
56.40001024,2,0
56.40001024,3,0
56.40001024,4,0
56.50001024,0,0
56.50001024,1,0
56.50001024,2,0
56.50001024,3,0
56.50001024,4,0
56.60001024,0,0
56.60001024,1,0
56.60001024,2,0
56.60001024,3,0
56.60001024,4,0
56.70001024,0,0
56.70001024,1,0
56.70001024,2,0
56.70001024,3,0
56.70001024,4,0
56.80001024,0,0
56.80001024,1,0
56.80001024,2,0
56.80001024,3,0
56.80001024,4,0
56.90001024,0,0
56.90001024,1,0
56.90001024,2,0
56.90001024,3,0
56.90001024,4,0
57.00001024,0,0
57.00001024,1,0
57.00001024,2,0
57.00001024,3,0
57.00001024,4,0
57.10001024,0,0
57.10001024,1,0
57.10001024,2,0
57.10001024,3,0
57.10001024,4,0
57.20001024,0,0
57.20001024,1,0
57.20001024,2,0
57.20001024,3,0
57.20001024,4,0
57.30001024,0,0
57.30001024,1,0
57.30001024,2,0
57.30001024,3,0
57.30001024,4,0
57.40001024,0,0
57.40001024,1,0
57.40001024,2,0
57.40001024,3,0
57.40001024,4,0
57.50001024,0,0
57.50001024,1,0
57.50001024,2,0
57.50001024,3,0
57.50001024,4,0
57.60001024,0,0
57.60001024,1,0
57.60001024,2,0
57.60001024,3,0
57.60001024,4,0
57.70001024,0,0
57.70001024,1,0
57.70001024,2,0
57.70001024,3,0
57.70001024,4,0
57.80001024,0,0
57.80001024,1,0
57.80001024,2,0
57.80001024,3,0
57.80001024,4,0
57.90001024,0,0
57.90001024,1,0
57.90001024,2,0
57.90001024,3,0
57.90001024,4,0
58.00001024,0,0
58.00001024,1,0
58.00001024,2,0
58.00001024,3,0
58.00001024,4,0
58.10001024,0,0
58.10001024,1,0
58.10001024,2,0
58.10001024,3,0
58.10001024,4,0
58.20001024,0,0
58.20001024,1,0
58.20001024,2,0
58.20001024,3,0
58.20001024,4,0
58.30001024,0,0
58.30001024,1,0
58.30001024,2,0
58.30001024,3,0
58.30001024,4,0
58.40001024,0,0
58.40001024,1,0
58.40001024,2,0
58.40001024,3,0
58.40001024,4,0
58.50001024,0,0
58.50001024,1,0
58.50001024,2,0
58.50001024,3,0
58.50001024,4,0
58.60001024,0,0
58.60001024,1,0
58.60001024,2,0
58.60001024,3,0
58.60001024,4,0
58.70001024,0,0
58.70001024,1,0
58.70001024,2,0
58.70001024,3,0
58.70001024,4,0
58.80001024,0,0
58.80001024,1,0
58.80001024,2,0
58.80001024,3,0
58.80001024,4,0
58.90001024,0,0
58.90001024,1,0
58.90001024,2,0
58.90001024,3,0
58.90001024,4,0
59.00001024,0,0
59.00001024,1,0
59.00001024,2,0
59.00001024,3,0
59.00001024,4,0
59.10001024,0,0
59.10001024,1,0
59.10001024,2,0
59.10001024,3,0
59.10001024,4,0
59.20001024,0,0
59.20001024,1,0
59.20001024,2,0
59.20001024,3,0
59.20001024,4,0
59.30001024,0,0
59.30001024,1,0
59.30001024,2,0
59.30001024,3,0
59.30001024,4,0
59.40001024,0,0
59.40001024,1,0
59.40001024,2,0
59.40001024,3,0
59.40001024,4,0
59.50001024,0,0
59.50001024,1,0
59.50001024,2,0
59.50001024,3,0
59.50001024,4,0
59.60001024,0,0
59.60001024,1,0
59.60001024,2,0
59.60001024,3,0
59.60001024,4,0
59.70001024,0,0
59.70001024,1,0
59.70001024,2,0
59.70001024,3,0
59.70001024,4,0
59.80001024,0,0
59.80001024,1,0
59.80001024,2,0
59.80001024,3,0
59.80001024,4,0
59.90001024,0,0
59.90001024,1,0
59.90001024,2,0
59.90001024,3,0
59.90001024,4,0
60.00001024,0,0
60.00001024,1,0
60.00001024,2,0
60.00001024,3,0
60.00001024,4,0
60.10001024,0,0
60.10001024,1,0
60.10001024,2,0
60.10001024,3,0
60.10001024,4,0
60.20001024,0,0
60.20001024,1,0
60.20001024,2,0
60.20001024,3,0
60.20001024,4,0
60.30001024,0,0
60.30001024,1,0
60.30001024,2,0
60.30001024,3,0
60.30001024,4,0
60.40001024,0,0
60.40001024,1,0
60.40001024,2,0
60.40001024,3,0
60.40001024,4,0
60.50001024,0,0
60.50001024,1,0
60.50001024,2,0
60.50001024,3,0
60.50001024,4,0
60.60001024,0,0
60.60001024,1,0
60.60001024,2,0
60.60001024,3,0
60.60001024,4,0
60.70001024,0,0
60.70001024,1,0
60.70001024,2,0
60.70001024,3,0
60.70001024,4,0
60.80001024,0,0
60.80001024,1,0
60.80001024,2,0
60.80001024,3,0
60.80001024,4,0
60.90001024,0,0
60.90001024,1,0
60.90001024,2,0
60.90001024,3,0
60.90001024,4,0
61.00001024,0,0
61.00001024,1,0
61.00001024,2,0
61.00001024,3,0
61.00001024,4,0
61.10001024,0,0
61.10001024,1,0
61.10001024,2,0
61.10001024,3,0
61.10001024,4,0
61.20001024,0,0
61.20001024,1,0
61.20001024,2,0
61.20001024,3,0
61.20001024,4,0
61.30001024,0,0
61.30001024,1,0
61.30001024,2,0
61.30001024,3,0
61.30001024,4,0
61.40001024,0,0
61.40001024,1,0
61.40001024,2,0
61.40001024,3,0
61.40001024,4,0
61.50001024,0,0
61.50001024,1,0
61.50001024,2,0
61.50001024,3,0
61.50001024,4,0
61.60001024,0,0
61.60001024,1,0
61.60001024,2,0
61.60001024,3,0
61.60001024,4,0
61.70001024,0,0
61.70001024,1,0
61.70001024,2,0
61.70001024,3,0
61.70001024,4,0
61.80001024,0,0
61.80001024,1,0
61.80001024,2,0
61.80001024,3,0
61.80001024,4,0
61.90001024,0,0
61.90001024,1,0
61.90001024,2,0
61.90001024,3,0
61.90001024,4,0
62.00001024,0,0
62.00001024,1,0
62.00001024,2,0
62.00001024,3,0
62.00001024,4,0
62.10001024,0,0
62.10001024,1,0
62.10001024,2,0
62.10001024,3,0
62.10001024,4,0
62.20001024,0,0
62.20001024,1,0
62.20001024,2,0
62.20001024,3,0
62.20001024,4,0
62.30001024,0,0
62.30001024,1,0
62.30001024,2,0
62.30001024,3,0
62.30001024,4,0
62.40001024,0,0
62.40001024,1,0
62.40001024,2,0
62.40001024,3,0
62.40001024,4,0
62.50001024,0,0
62.50001024,1,0
62.50001024,2,0
62.50001024,3,0
62.50001024,4,0
62.60001024,0,0
62.60001024,1,0
62.60001024,2,0
62.60001024,3,0
62.60001024,4,0
62.70001024,0,0
62.70001024,1,0
62.70001024,2,0
62.70001024,3,0
62.70001024,4,0
62.80001024,0,0
62.80001024,1,0
62.80001024,2,0
62.80001024,3,0
62.80001024,4,0
62.90001024,0,0
62.90001024,1,0
62.90001024,2,0
62.90001024,3,0
62.90001024,4,0
63.00001024,0,0
63.00001024,1,0
63.00001024,2,0
63.00001024,3,0
63.00001024,4,0
63.10001024,0,0
63.10001024,1,0
63.10001024,2,0
63.10001024,3,0
63.10001024,4,0
63.20001024,0,0
63.20001024,1,0
63.20001024,2,0
63.20001024,3,0
63.20001024,4,0
63.30001024,0,0
63.30001024,1,0
63.30001024,2,0
63.30001024,3,0
63.30001024,4,0
63.40001024,0,0
63.40001024,1,0
63.40001024,2,0
63.40001024,3,0
63.40001024,4,0
63.50001024,0,0
63.50001024,1,0
63.50001024,2,0
63.50001024,3,0
63.50001024,4,0
63.60001024,0,0
63.60001024,1,0
63.60001024,2,0
63.60001024,3,0
63.60001024,4,0
63.70001024,0,0
63.70001024,1,0
63.70001024,2,0
63.70001024,3,0
63.70001024,4,0
63.80001024,0,0
63.80001024,1,0
63.80001024,2,0
63.80001024,3,0
63.80001024,4,0
63.90001024,0,0
63.90001024,1,0
63.90001024,2,0
63.90001024,3,0
63.90001024,4,0
64.00001024,0,0
64.00001024,1,0
64.00001024,2,0
64.00001024,3,0
64.00001024,4,0
64.10001024,0,0
64.10001024,1,0
64.10001024,2,0
64.10001024,3,0
64.10001024,4,0
64.20001024,0,0
64.20001024,1,0
64.20001024,2,0
64.20001024,3,0
64.20001024,4,0
64.30001024,0,0
64.30001024,1,0
64.30001024,2,0
64.30001024,3,0
64.30001024,4,0
64.40001024,0,0
64.40001024,1,0
64.40001024,2,0
64.40001024,3,0
64.40001024,4,0
64.50001024,0,0
64.50001024,1,0
64.50001024,2,0
64.50001024,3,0
64.50001024,4,0
64.60001024,0,0
64.60001024,1,0
64.60001024,2,0
64.60001024,3,0
64.60001024,4,0
64.70001024,0,0
64.70001024,1,0
64.70001024,2,0
64.70001024,3,0
64.70001024,4,0
64.80001024,0,0
64.80001024,1,0
64.80001024,2,0
64.80001024,3,0
64.80001024,4,0
64.90001024,0,0
64.90001024,1,0
64.90001024,2,0
64.90001024,3,0
64.90001024,4,0
65.00001024,0,0
65.00001024,1,0
65.00001024,2,0
65.00001024,3,0
65.00001024,4,0
65.10001024,0,0
65.10001024,1,0
65.10001024,2,0
65.10001024,3,0
65.10001024,4,0
65.20001024,0,0
65.20001024,1,0
65.20001024,2,0
65.20001024,3,0
65.20001024,4,0
65.30001024,0,0
65.30001024,1,0
65.30001024,2,0
65.30001024,3,0
65.30001024,4,0
65.40001024,0,0
65.40001024,1,0
65.40001024,2,0
65.40001024,3,0
65.40001024,4,0
65.50001024,0,0
65.50001024,1,0
65.50001024,2,0
65.50001024,3,0
65.50001024,4,0
65.60001024,0,0
65.60001024,1,0
65.60001024,2,0
65.60001024,3,0
65.60001024,4,0
65.70001024,0,0
65.70001024,1,0
65.70001024,2,0
65.70001024,3,0
65.70001024,4,0
65.80001024,0,0
65.80001024,1,0
65.80001024,2,0
65.80001024,3,0
65.80001024,4,0
65.90001024,0,0
65.90001024,1,0
65.90001024,2,0
65.90001024,3,0
65.90001024,4,0
66.00001024,0,0
66.00001024,1,0
66.00001024,2,0
66.00001024,3,0
66.00001024,4,0
66.10001024,0,0
66.10001024,1,0
66.10001024,2,0
66.10001024,3,0
66.10001024,4,0
66.20001024,0,0
66.20001024,1,0
66.20001024,2,0
66.20001024,3,0
66.20001024,4,0
66.30001024,0,0
66.30001024,1,0
66.30001024,2,0
66.30001024,3,0
66.30001024,4,0
66.40001024,0,0
66.40001024,1,0
66.40001024,2,0
66.40001024,3,0
66.40001024,4,0
66.50001024,0,0
66.50001024,1,0
66.50001024,2,0
66.50001024,3,0
66.50001024,4,0
66.60001024,0,0
66.60001024,1,0
66.60001024,2,0
66.60001024,3,0
66.60001024,4,0
66.70001024,0,0
66.70001024,1,0
66.70001024,2,0
66.70001024,3,0
66.70001024,4,0
66.80001024,0,0
66.80001024,1,0
66.80001024,2,0
66.80001024,3,0
66.80001024,4,0
66.90001024,0,0
66.90001024,1,0
66.90001024,2,0
66.90001024,3,0
66.90001024,4,0
67.00001024,0,0
67.00001024,1,0
67.00001024,2,0
67.00001024,3,0
67.00001024,4,0
67.10001024,0,0
67.10001024,1,0
67.10001024,2,0
67.10001024,3,0
67.10001024,4,0
67.20001024,0,0
67.20001024,1,0
67.20001024,2,0
67.20001024,3,0
67.20001024,4,0
67.30001024,0,0
67.30001024,1,0
67.30001024,2,0
67.30001024,3,0
67.30001024,4,0
67.40001024,0,0
67.40001024,1,0
67.40001024,2,0
67.40001024,3,0
67.40001024,4,0
67.50001024,0,0
67.50001024,1,0
67.50001024,2,0
67.50001024,3,0
67.50001024,4,0
67.60001024,0,0
67.60001024,1,0
67.60001024,2,0
67.60001024,3,0
67.60001024,4,0
67.70001024,0,0
67.70001024,1,0
67.70001024,2,0
67.70001024,3,0
67.70001024,4,0
67.80001024,0,0
67.80001024,1,0
67.80001024,2,0
67.80001024,3,0
67.80001024,4,0
67.90001024,0,0
67.90001024,1,0
67.90001024,2,0
67.90001024,3,0
67.90001024,4,0
68.00001024,0,0
68.00001024,1,0
68.00001024,2,0
68.00001024,3,0
68.00001024,4,0
68.10001024,0,0
68.10001024,1,0
68.10001024,2,0
68.10001024,3,0
68.10001024,4,0
68.20001024,0,0
68.20001024,1,0
68.20001024,2,0
68.20001024,3,0
68.20001024,4,0
68.30001024,0,0
68.30001024,1,0
68.30001024,2,0
68.30001024,3,0
68.30001024,4,0
68.40001024,0,0
68.40001024,1,0
68.40001024,2,0
68.40001024,3,0
68.40001024,4,0
68.50001024,0,0
68.50001024,1,0
68.50001024,2,0
68.50001024,3,0
68.50001024,4,0
68.60001024,0,0
68.60001024,1,0
68.60001024,2,0
68.60001024,3,0
68.60001024,4,0
68.70001024,0,0
68.70001024,1,0
68.70001024,2,0
68.70001024,3,0
68.70001024,4,0
68.80001024,0,0
68.80001024,1,0
68.80001024,2,0
68.80001024,3,0
68.80001024,4,0
68.90001024,0,0
68.90001024,1,0
68.90001024,2,0
68.90001024,3,0
68.90001024,4,0
69.00001024,0,0
69.00001024,1,0
69.00001024,2,0
69.00001024,3,0
69.00001024,4,0
69.10001024,0,0
69.10001024,1,0
69.10001024,2,0
69.10001024,3,0
69.10001024,4,0
69.20001024,0,0
69.20001024,1,0
69.20001024,2,0
69.20001024,3,0
69.20001024,4,0
69.30001024,0,0
69.30001024,1,0
69.30001024,2,0
69.30001024,3,0
69.30001024,4,0
69.40001024,0,0
69.40001024,1,0
69.40001024,2,0
69.40001024,3,0
69.40001024,4,0
69.50001024,0,0
69.50001024,1,0
69.50001024,2,0
69.50001024,3,0
69.50001024,4,0
69.60001024,0,0
69.60001024,1,0
69.60001024,2,0
69.60001024,3,0
69.60001024,4,0
69.70001024,0,0
69.70001024,1,0
69.70001024,2,0
69.70001024,3,0
69.70001024,4,0
69.80001024,0,0
69.80001024,1,0
69.80001024,2,0
69.80001024,3,0
69.80001024,4,0
69.90001024,0,0
69.90001024,1,0
69.90001024,2,0
69.90001024,3,0
69.90001024,4,0
70.00001024,0,0
70.00001024,1,0
70.00001024,2,0
70.00001024,3,0
70.00001024,4,0
70.10001024,0,0
70.10001024,1,0
70.10001024,2,0
70.10001024,3,0
70.10001024,4,0
70.20001024,0,0
70.20001024,1,0
70.20001024,2,0
70.20001024,3,0
70.20001024,4,0
70.30001024,0,0
70.30001024,1,0
70.30001024,2,0
70.30001024,3,0
70.30001024,4,0
70.40001024,0,0
70.40001024,1,0
70.40001024,2,0
70.40001024,3,0
70.40001024,4,0
70.50001024,0,0
70.50001024,1,0
70.50001024,2,0
70.50001024,3,0
70.50001024,4,0
70.60001024,0,0
70.60001024,1,0
70.60001024,2,0
70.60001024,3,0
70.60001024,4,0
70.70001024,0,0
70.70001024,1,0
70.70001024,2,0
70.70001024,3,0
70.70001024,4,0
70.80001024,0,0
70.80001024,1,0
70.80001024,2,0
70.80001024,3,0
70.80001024,4,0
70.90001024,0,0
70.90001024,1,0
70.90001024,2,0
70.90001024,3,0
70.90001024,4,0
71.00001024,0,0
71.00001024,1,0
71.00001024,2,0
71.00001024,3,0
71.00001024,4,0
71.10001024,0,0
71.10001024,1,0
71.10001024,2,0
71.10001024,3,0
71.10001024,4,0
71.20001024,0,0
71.20001024,1,0
71.20001024,2,0
71.20001024,3,0
71.20001024,4,0
71.30001024,0,0
71.30001024,1,0
71.30001024,2,0
71.30001024,3,0
71.30001024,4,0
71.40001024,0,0
71.40001024,1,0
71.40001024,2,0
71.40001024,3,0
71.40001024,4,0
71.50001024,0,0
71.50001024,1,0
71.50001024,2,0
71.50001024,3,0
71.50001024,4,0
71.60001024,0,0
71.60001024,1,0
71.60001024,2,0
71.60001024,3,0
71.60001024,4,0
71.70001024,0,0
71.70001024,1,0
71.70001024,2,0
71.70001024,3,0
71.70001024,4,0
71.80001024,0,0
71.80001024,1,0
71.80001024,2,0
71.80001024,3,0
71.80001024,4,0
71.90001024,0,0
71.90001024,1,0
71.90001024,2,0
71.90001024,3,0
71.90001024,4,0
72.00001024,0,0
72.00001024,1,0
72.00001024,2,0
72.00001024,3,0
72.00001024,4,0
72.10001024,0,0
72.10001024,1,0
72.10001024,2,0
72.10001024,3,0
72.10001024,4,0
72.20001024,0,0
72.20001024,1,0
72.20001024,2,0
72.20001024,3,0
72.20001024,4,0
72.30001024,0,0
72.30001024,1,0
72.30001024,2,0
72.30001024,3,0
72.30001024,4,0
72.40001024,0,0
72.40001024,1,0
72.40001024,2,0
72.40001024,3,0
72.40001024,4,0
72.50001024,0,0
72.50001024,1,0
72.50001024,2,0
72.50001024,3,0
72.50001024,4,0
72.60001024,0,0
72.60001024,1,0
72.60001024,2,0
72.60001024,3,0
72.60001024,4,0
72.70001024,0,0
72.70001024,1,0
72.70001024,2,0
72.70001024,3,0
72.70001024,4,0
72.80001024,0,0
72.80001024,1,0
72.80001024,2,0
72.80001024,3,0
72.80001024,4,0
72.90001024,0,0
72.90001024,1,0
72.90001024,2,0
72.90001024,3,0
72.90001024,4,0
73.00001024,0,0
73.00001024,1,0
73.00001024,2,0
73.00001024,3,0
73.00001024,4,0
73.10001024,0,0
73.10001024,1,0
73.10001024,2,0
73.10001024,3,0
73.10001024,4,0
73.20001024,0,0
73.20001024,1,0
73.20001024,2,0
73.20001024,3,0
73.20001024,4,0
73.30001024,0,0
73.30001024,1,0
73.30001024,2,0
73.30001024,3,0
73.30001024,4,0
73.40001024,0,0
73.40001024,1,0
73.40001024,2,0
73.40001024,3,0
73.40001024,4,0
73.50001024,0,0
73.50001024,1,0
73.50001024,2,0
73.50001024,3,0
73.50001024,4,0
73.60001024,0,0
73.60001024,1,0
73.60001024,2,0
73.60001024,3,0
73.60001024,4,0
73.70001024,0,0
73.70001024,1,0
73.70001024,2,0
73.70001024,3,0
73.70001024,4,0
73.80001024,0,0
73.80001024,1,0
73.80001024,2,0
73.80001024,3,0
73.80001024,4,0
73.90001024,0,0
73.90001024,1,0
73.90001024,2,0
73.90001024,3,0
73.90001024,4,0
74.00001024,0,0
74.00001024,1,0
74.00001024,2,0
74.00001024,3,0
74.00001024,4,0
74.10001024,0,0
74.10001024,1,0
74.10001024,2,0
74.10001024,3,0
74.10001024,4,0
74.20001024,0,0
74.20001024,1,0
74.20001024,2,0
74.20001024,3,0
74.20001024,4,0
74.30001024,0,0
74.30001024,1,0
74.30001024,2,0
74.30001024,3,0
74.30001024,4,0
74.40001024,0,0
74.40001024,1,0
74.40001024,2,0
74.40001024,3,0
74.40001024,4,0
74.50001024,0,0
74.50001024,1,0
74.50001024,2,0
74.50001024,3,0
74.50001024,4,0
74.60001024,0,0
74.60001024,1,0
74.60001024,2,0
74.60001024,3,0
74.60001024,4,0
74.70001024,0,0
74.70001024,1,0
74.70001024,2,0
74.70001024,3,0
74.70001024,4,0
74.80001024,0,0
74.80001024,1,0
74.80001024,2,0
74.80001024,3,0
74.80001024,4,0
74.90001024,0,0
74.90001024,1,0
74.90001024,2,0
74.90001024,3,0
74.90001024,4,0
75.00001024,0,0
75.00001024,1,0
75.00001024,2,0
75.00001024,3,0
75.00001024,4,0
75.10001024,0,0
75.10001024,1,0
75.10001024,2,0
75.10001024,3,0
75.10001024,4,0
75.20001024,0,0
75.20001024,1,0
75.20001024,2,0
75.20001024,3,0
75.20001024,4,0
75.30001024,0,0
75.30001024,1,0
75.30001024,2,0
75.30001024,3,0
75.30001024,4,0
75.40001024,0,0
75.40001024,1,0
75.40001024,2,0
75.40001024,3,0
75.40001024,4,0
75.50001024,0,0
75.50001024,1,0
75.50001024,2,0
75.50001024,3,0
75.50001024,4,0
75.60001024,0,0
75.60001024,1,0
75.60001024,2,0
75.60001024,3,0
75.60001024,4,0
75.70001024,0,0
75.70001024,1,0
75.70001024,2,0
75.70001024,3,0
75.70001024,4,0
75.80001024,0,0
75.80001024,1,0
75.80001024,2,0
75.80001024,3,0
75.80001024,4,0
75.90001024,0,0
75.90001024,1,0
75.90001024,2,0
75.90001024,3,0
75.90001024,4,0
76.00001024,0,0
76.00001024,1,0
76.00001024,2,0
76.00001024,3,0
76.00001024,4,0
76.10001024,0,0
76.10001024,1,0
76.10001024,2,0
76.10001024,3,0
76.10001024,4,0
76.20001024,0,0
76.20001024,1,0
76.20001024,2,0
76.20001024,3,0
76.20001024,4,0
76.30001024,0,0
76.30001024,1,0
76.30001024,2,0
76.30001024,3,0
76.30001024,4,0
76.40001024,0,0
76.40001024,1,0
76.40001024,2,0
76.40001024,3,0
76.40001024,4,0
76.50001024,0,0
76.50001024,1,0
76.50001024,2,0
76.50001024,3,0
76.50001024,4,0
76.60001024,0,0
76.60001024,1,0
76.60001024,2,0
76.60001024,3,0
76.60001024,4,0
76.70001024,0,0
76.70001024,1,0
76.70001024,2,0
76.70001024,3,0
76.70001024,4,0
76.80001024,0,0
76.80001024,1,0
76.80001024,2,0
76.80001024,3,0
76.80001024,4,0
76.90001024,0,0
76.90001024,1,0
76.90001024,2,0
76.90001024,3,0
76.90001024,4,0
77.00001024,0,0
77.00001024,1,0
77.00001024,2,0
77.00001024,3,0
77.00001024,4,0
77.10001024,0,0
77.10001024,1,0
77.10001024,2,0
77.10001024,3,0
77.10001024,4,0
77.20001024,0,0
77.20001024,1,0
77.20001024,2,0
77.20001024,3,0
77.20001024,4,0
77.30001024,0,0
77.30001024,1,0
77.30001024,2,0
77.30001024,3,0
77.30001024,4,0
77.40001024,0,0
77.40001024,1,0
77.40001024,2,0
77.40001024,3,0
77.40001024,4,0
77.50001024,0,0
77.50001024,1,0
77.50001024,2,0
77.50001024,3,0
77.50001024,4,0
77.60001024,0,0
77.60001024,1,0
77.60001024,2,0
77.60001024,3,0
77.60001024,4,0
77.70001024,0,0
77.70001024,1,0
77.70001024,2,0
77.70001024,3,0
77.70001024,4,0
77.80001024,0,0
77.80001024,1,0
77.80001024,2,0
77.80001024,3,0
77.80001024,4,0
77.90001024,0,0
77.90001024,1,0
77.90001024,2,0
77.90001024,3,0
77.90001024,4,0
78.00001024,0,0
78.00001024,1,0
78.00001024,2,0
78.00001024,3,0
78.00001024,4,0
78.10001024,0,0
78.10001024,1,0
78.10001024,2,0
78.10001024,3,0
78.10001024,4,0
78.20001024,0,0
78.20001024,1,0
78.20001024,2,0
78.20001024,3,0
78.20001024,4,0
78.30001024,0,0
78.30001024,1,0
78.30001024,2,0
78.30001024,3,0
78.30001024,4,0
78.40001024,0,0
78.40001024,1,0
78.40001024,2,0
78.40001024,3,0
78.40001024,4,0
78.50001024,0,0
78.50001024,1,0
78.50001024,2,0
78.50001024,3,0
78.50001024,4,0
78.60001024,0,0
78.60001024,1,0
78.60001024,2,0
78.60001024,3,0
78.60001024,4,0
78.70001024,0,0
78.70001024,1,0
78.70001024,2,0
78.70001024,3,0
78.70001024,4,0
78.80001024,0,0
78.80001024,1,0
78.80001024,2,0
78.80001024,3,0
78.80001024,4,0
78.90001024,0,0
78.90001024,1,0
78.90001024,2,0
78.90001024,3,0
78.90001024,4,0
79.00001024,0,0
79.00001024,1,0
79.00001024,2,0
79.00001024,3,0
79.00001024,4,0
79.10001024,0,0
79.10001024,1,0
79.10001024,2,0
79.10001024,3,0
79.10001024,4,0
79.20001024,0,0
79.20001024,1,0
79.20001024,2,0
79.20001024,3,0
79.20001024,4,0
79.30001024,0,0
79.30001024,1,0
79.30001024,2,0
79.30001024,3,0
79.30001024,4,0
79.40001024,0,0
79.40001024,1,0
79.40001024,2,0
79.40001024,3,0
79.40001024,4,0
79.50001024,0,0
79.50001024,1,0
79.50001024,2,0
79.50001024,3,0
79.50001024,4,0
79.60001024,0,0
79.60001024,1,0
79.60001024,2,0
79.60001024,3,0
79.60001024,4,0
79.70001024,0,0
79.70001024,1,0
79.70001024,2,0
79.70001024,3,0
79.70001024,4,0
79.80001024,0,0
79.80001024,1,0
79.80001024,2,0
79.80001024,3,0
79.80001024,4,0
79.90001024,0,0
79.90001024,1,0
79.90001024,2,0
79.90001024,3,0
79.90001024,4,0
80.00001024,0,0
80.00001024,1,0
80.00001024,2,0
80.00001024,3,0
80.00001024,4,0
80.10001024,0,0
80.10001024,1,0
80.10001024,2,0
80.10001024,3,0
80.10001024,4,0
80.20001024,0,0
80.20001024,1,0
80.20001024,2,0
80.20001024,3,0
80.20001024,4,0
80.30001024,0,0
80.30001024,1,0
80.30001024,2,0
80.30001024,3,0
80.30001024,4,0
80.40001024,0,0
80.40001024,1,0
80.40001024,2,0
80.40001024,3,0
80.40001024,4,0
80.50001024,0,0
80.50001024,1,0
80.50001024,2,0
80.50001024,3,0
80.50001024,4,0
80.60001024,0,0
80.60001024,1,0
80.60001024,2,0
80.60001024,3,0
80.60001024,4,0
80.70001024,0,0
80.70001024,1,0
80.70001024,2,0
80.70001024,3,0
80.70001024,4,0
80.80001024,0,0
80.80001024,1,0
80.80001024,2,0
80.80001024,3,0
80.80001024,4,0
80.90001024,0,0
80.90001024,1,0
80.90001024,2,0
80.90001024,3,0
80.90001024,4,0
81.00001024,0,0
81.00001024,1,0
81.00001024,2,0
81.00001024,3,0
81.00001024,4,0
81.10001024,0,0
81.10001024,1,0
81.10001024,2,0
81.10001024,3,0
81.10001024,4,0
81.20001024,0,0
81.20001024,1,0
81.20001024,2,0
81.20001024,3,0
81.20001024,4,0
81.30001024,0,0
81.30001024,1,0
81.30001024,2,0
81.30001024,3,0
81.30001024,4,0
81.40001024,0,0
81.40001024,1,0
81.40001024,2,0
81.40001024,3,0
81.40001024,4,0
81.50001024,0,0
81.50001024,1,0
81.50001024,2,0
81.50001024,3,0
81.50001024,4,0
81.60001024,0,0
81.60001024,1,0
81.60001024,2,0
81.60001024,3,0
81.60001024,4,0
81.70001024,0,0
81.70001024,1,0
81.70001024,2,0
81.70001024,3,0
81.70001024,4,0
81.80001024,0,0
81.80001024,1,0
81.80001024,2,0
81.80001024,3,0
81.80001024,4,0
81.90001024,0,0
81.90001024,1,0
81.90001024,2,0
81.90001024,3,0
81.90001024,4,0
82.00001024,0,0
82.00001024,1,0
82.00001024,2,0
82.00001024,3,0
82.00001024,4,0
82.10001024,0,0
82.10001024,1,0
82.10001024,2,0
82.10001024,3,0
82.10001024,4,0
82.20001024,0,0
82.20001024,1,0
82.20001024,2,0
82.20001024,3,0
82.20001024,4,0
82.30001024,0,0
82.30001024,1,0
82.30001024,2,0
82.30001024,3,0
82.30001024,4,0
82.40001024,0,0
82.40001024,1,0
82.40001024,2,0
82.40001024,3,0
82.40001024,4,0
82.50001024,0,0
82.50001024,1,0
82.50001024,2,0
82.50001024,3,0
82.50001024,4,0
82.60001024,0,0
82.60001024,1,0
82.60001024,2,0
82.60001024,3,0
82.60001024,4,0
82.70001024,0,0
82.70001024,1,0
82.70001024,2,0
82.70001024,3,0
82.70001024,4,0
82.80001024,0,0
82.80001024,1,0
82.80001024,2,0
82.80001024,3,0
82.80001024,4,0
82.90001024,0,0
82.90001024,1,0
82.90001024,2,0
82.90001024,3,0
82.90001024,4,0
83.00001024,0,0
83.00001024,1,0
83.00001024,2,0
83.00001024,3,0
83.00001024,4,0
83.10001024,0,0
83.10001024,1,0
83.10001024,2,0
83.10001024,3,0
83.10001024,4,0
83.20001024,0,0
83.20001024,1,0
83.20001024,2,0
83.20001024,3,0
83.20001024,4,0
83.30001024,0,0
83.30001024,1,0
83.30001024,2,0
83.30001024,3,0
83.30001024,4,0
83.40001024,0,0
83.40001024,1,0
83.40001024,2,0
83.40001024,3,0
83.40001024,4,0
83.50001024,0,0
83.50001024,1,0
83.50001024,2,0
83.50001024,3,0
83.50001024,4,0
83.60001024,0,0
83.60001024,1,0
83.60001024,2,0
83.60001024,3,0
83.60001024,4,0
83.70001024,0,0
83.70001024,1,0
83.70001024,2,0
83.70001024,3,0
83.70001024,4,0
83.80001024,0,0
83.80001024,1,0
83.80001024,2,0
83.80001024,3,0
83.80001024,4,0
83.90001024,0,0
83.90001024,1,0
83.90001024,2,0
83.90001024,3,0
83.90001024,4,0
84.00001024,0,0
84.00001024,1,0
84.00001024,2,0
84.00001024,3,0
84.00001024,4,0
84.10001024,0,0
84.10001024,1,0
84.10001024,2,0
84.10001024,3,0
84.10001024,4,0
84.20001024,0,0
84.20001024,1,0
84.20001024,2,0
84.20001024,3,0
84.20001024,4,0
84.30001024,0,0
84.30001024,1,0
84.30001024,2,0
84.30001024,3,0
84.30001024,4,0
84.40001024,0,0
84.40001024,1,0
84.40001024,2,0
84.40001024,3,0
84.40001024,4,0
84.50001024,0,0
84.50001024,1,0
84.50001024,2,0
84.50001024,3,0
84.50001024,4,0
84.60001024,0,0
84.60001024,1,0
84.60001024,2,0
84.60001024,3,0
84.60001024,4,0
84.70001024,0,0
84.70001024,1,0
84.70001024,2,0
84.70001024,3,0
84.70001024,4,0
84.80001024,0,0
84.80001024,1,0
84.80001024,2,0
84.80001024,3,0
84.80001024,4,0
84.90001024,0,0
84.90001024,1,0
84.90001024,2,0
84.90001024,3,0
84.90001024,4,0
85.00001024,0,0
85.00001024,1,0
85.00001024,2,0
85.00001024,3,0
85.00001024,4,0
85.10001024,0,0
85.10001024,1,0
85.10001024,2,0
85.10001024,3,0
85.10001024,4,0
85.20001024,0,0
85.20001024,1,0
85.20001024,2,0
85.20001024,3,0
85.20001024,4,0
85.30001024,0,0
85.30001024,1,0
85.30001024,2,0
85.30001024,3,0
85.30001024,4,0
85.40001024,0,0
85.40001024,1,0
85.40001024,2,0
85.40001024,3,0
85.40001024,4,0
85.50001024,0,0
85.50001024,1,0
85.50001024,2,0
85.50001024,3,0
85.50001024,4,0
85.60001024,0,0
85.60001024,1,0
85.60001024,2,0
85.60001024,3,0
85.60001024,4,0
85.70001024,0,0
85.70001024,1,0
85.70001024,2,0
85.70001024,3,0
85.70001024,4,0
85.80001024,0,0
85.80001024,1,0
85.80001024,2,0
85.80001024,3,0
85.80001024,4,0
85.90001024,0,0
85.90001024,1,0
85.90001024,2,0
85.90001024,3,0
85.90001024,4,0
86.00001024,0,0
86.00001024,1,0
86.00001024,2,0
86.00001024,3,0
86.00001024,4,0
86.10001024,0,0
86.10001024,1,0
86.10001024,2,0
86.10001024,3,0
86.10001024,4,0
86.20001024,0,0
86.20001024,1,0
86.20001024,2,0
86.20001024,3,0
86.20001024,4,0
86.30001024,0,0
86.30001024,1,0
86.30001024,2,0
86.30001024,3,0
86.30001024,4,0
86.40001024,0,0
86.40001024,1,0
86.40001024,2,0
86.40001024,3,0
86.40001024,4,0
86.50001024,0,0
86.50001024,1,0
86.50001024,2,0
86.50001024,3,0
86.50001024,4,0
86.60001024,0,0
86.60001024,1,0
86.60001024,2,0
86.60001024,3,0
86.60001024,4,0
86.70001024,0,0
86.70001024,1,0
86.70001024,2,0
86.70001024,3,0
86.70001024,4,0
86.80001024,0,0
86.80001024,1,0
86.80001024,2,0
86.80001024,3,0
86.80001024,4,0
86.90001024,0,0
86.90001024,1,0
86.90001024,2,0
86.90001024,3,0
86.90001024,4,0
87.00001024,0,0
87.00001024,1,0
87.00001024,2,0
87.00001024,3,0
87.00001024,4,0
87.10001024,0,0
87.10001024,1,0
87.10001024,2,0
87.10001024,3,0
87.10001024,4,0
87.20001024,0,0
87.20001024,1,0
87.20001024,2,0
87.20001024,3,0
87.20001024,4,0
87.30001024,0,0
87.30001024,1,0
87.30001024,2,0
87.30001024,3,0
87.30001024,4,0
87.40001024,0,0
87.40001024,1,0
87.40001024,2,0
87.40001024,3,0
87.40001024,4,0
87.50001024,0,0
87.50001024,1,0
87.50001024,2,0
87.50001024,3,0
87.50001024,4,0
87.60001024,0,0
87.60001024,1,0
87.60001024,2,0
87.60001024,3,0
87.60001024,4,0
87.70001024,0,0
87.70001024,1,0
87.70001024,2,0
87.70001024,3,0
87.70001024,4,0
87.80001024,0,0
87.80001024,1,0
87.80001024,2,0
87.80001024,3,0
87.80001024,4,0
87.90001024,0,0
87.90001024,1,0
87.90001024,2,0
87.90001024,3,0
87.90001024,4,0
88.00001024,0,0
88.00001024,1,0
88.00001024,2,0
88.00001024,3,0
88.00001024,4,0
88.10001024,0,0
88.10001024,1,0
88.10001024,2,0
88.10001024,3,0
88.10001024,4,0
88.20001024,0,0
88.20001024,1,0
88.20001024,2,0
88.20001024,3,0
88.20001024,4,0
88.30001024,0,0
88.30001024,1,0
88.30001024,2,0
88.30001024,3,0
88.30001024,4,0
88.40001024,0,0
88.40001024,1,0
88.40001024,2,0
88.40001024,3,0
88.40001024,4,0
88.50001024,0,0
88.50001024,1,0
88.50001024,2,0
88.50001024,3,0
88.50001024,4,0
88.60001024,0,0
88.60001024,1,0
88.60001024,2,0
88.60001024,3,0
88.60001024,4,0
88.70001024,0,0
88.70001024,1,0
88.70001024,2,0
88.70001024,3,0
88.70001024,4,0
88.80001024,0,0
88.80001024,1,0
88.80001024,2,0
88.80001024,3,0
88.80001024,4,0
88.90001024,0,0
88.90001024,1,0
88.90001024,2,0
88.90001024,3,0
88.90001024,4,0
89.00001024,0,0
89.00001024,1,0
89.00001024,2,0
89.00001024,3,0
89.00001024,4,0
89.10001024,0,0
89.10001024,1,0
89.10001024,2,0
89.10001024,3,0
89.10001024,4,0
89.20001024,0,0
89.20001024,1,0
89.20001024,2,0
89.20001024,3,0
89.20001024,4,0
89.30001024,0,0
89.30001024,1,0
89.30001024,2,0
89.30001024,3,0
89.30001024,4,0
89.40001024,0,0
89.40001024,1,0
89.40001024,2,0
89.40001024,3,0
89.40001024,4,0
89.50001024,0,0
89.50001024,1,0
89.50001024,2,0
89.50001024,3,0
89.50001024,4,0
89.60001024,0,0
89.60001024,1,0
89.60001024,2,0
89.60001024,3,0
89.60001024,4,0
89.70001024,0,0
89.70001024,1,0
89.70001024,2,0
89.70001024,3,0
89.70001024,4,0
89.80001024,0,0
89.80001024,1,0
89.80001024,2,0
89.80001024,3,0
89.80001024,4,0
89.90001024,0,0
89.90001024,1,0
89.90001024,2,0
89.90001024,3,0
89.90001024,4,0
90.00001024,0,0
90.00001024,1,0
90.00001024,2,0
90.00001024,3,0
90.00001024,4,0
90.10001024,0,0
90.10001024,1,0
90.10001024,2,0
90.10001024,3,0
90.10001024,4,0
90.20001024,0,0
90.20001024,1,0
90.20001024,2,0
90.20001024,3,0
90.20001024,4,0
90.30001024,0,0
90.30001024,1,0
90.30001024,2,0
90.30001024,3,0
90.30001024,4,0
90.40001024,0,0
90.40001024,1,0
90.40001024,2,0
90.40001024,3,0
90.40001024,4,0
90.50001024,0,0
90.50001024,1,0
90.50001024,2,0
90.50001024,3,0
90.50001024,4,0
90.60001024,0,0
90.60001024,1,0
90.60001024,2,0
90.60001024,3,0
90.60001024,4,0
90.70001024,0,0
90.70001024,1,0
90.70001024,2,0
90.70001024,3,0
90.70001024,4,0
90.80001024,0,0
90.80001024,1,0
90.80001024,2,0
90.80001024,3,0
90.80001024,4,0
90.90001024,0,0
90.90001024,1,0
90.90001024,2,0
90.90001024,3,0
90.90001024,4,0
91.00001024,0,0
91.00001024,1,0
91.00001024,2,0
91.00001024,3,0
91.00001024,4,0
91.10001024,0,0
91.10001024,1,0
91.10001024,2,0
91.10001024,3,0
91.10001024,4,0
91.20001024,0,0
91.20001024,1,0
91.20001024,2,0
91.20001024,3,0
91.20001024,4,0
91.30001024,0,0
91.30001024,1,0
91.30001024,2,0
91.30001024,3,0
91.30001024,4,0
91.40001024,0,0
91.40001024,1,0
91.40001024,2,0
91.40001024,3,0
91.40001024,4,0
91.50001024,0,0
91.50001024,1,0
91.50001024,2,0
91.50001024,3,0
91.50001024,4,0
91.60001024,0,0
91.60001024,1,0
91.60001024,2,0
91.60001024,3,0
91.60001024,4,0
91.70001024,0,0
91.70001024,1,0
91.70001024,2,0
91.70001024,3,0
91.70001024,4,0
91.80001024,0,0
91.80001024,1,0
91.80001024,2,0
91.80001024,3,0
91.80001024,4,0
91.90001024,0,0
91.90001024,1,0
91.90001024,2,0
91.90001024,3,0
91.90001024,4,0
92.00001024,0,0
92.00001024,1,0
92.00001024,2,0
92.00001024,3,0
92.00001024,4,0
92.10001024,0,0
92.10001024,1,0
92.10001024,2,0
92.10001024,3,0
92.10001024,4,0
92.20001024,0,0
92.20001024,1,0
92.20001024,2,0
92.20001024,3,0
92.20001024,4,0
92.30001024,0,0
92.30001024,1,0
92.30001024,2,0
92.30001024,3,0
92.30001024,4,0
92.40001024,0,0
92.40001024,1,0
92.40001024,2,0
92.40001024,3,0
92.40001024,4,0
92.50001024,0,0
92.50001024,1,0
92.50001024,2,0
92.50001024,3,0
92.50001024,4,0
92.60001024,0,0
92.60001024,1,0
92.60001024,2,0
92.60001024,3,0
92.60001024,4,0
92.70001024,0,0
92.70001024,1,0
92.70001024,2,0
92.70001024,3,0
92.70001024,4,0
92.80001024,0,0
92.80001024,1,0
92.80001024,2,0
92.80001024,3,0
92.80001024,4,0
92.90001024,0,0
92.90001024,1,0
92.90001024,2,0
92.90001024,3,0
92.90001024,4,0
93.00001024,0,0
93.00001024,1,0
93.00001024,2,0
93.00001024,3,0
93.00001024,4,0
93.10001024,0,0
93.10001024,1,0
93.10001024,2,0
93.10001024,3,0
93.10001024,4,0
93.20001024,0,0
93.20001024,1,0
93.20001024,2,0
93.20001024,3,0
93.20001024,4,0
93.30001024,0,0
93.30001024,1,0
93.30001024,2,0
93.30001024,3,0
93.30001024,4,0
93.40001024,0,0
93.40001024,1,0
93.40001024,2,0
93.40001024,3,0
93.40001024,4,0
93.50001024,0,0
93.50001024,1,0
93.50001024,2,0
93.50001024,3,0
93.50001024,4,0
93.60001024,0,0
93.60001024,1,0
93.60001024,2,0
93.60001024,3,0
93.60001024,4,0
93.70001024,0,0
93.70001024,1,0
93.70001024,2,0
93.70001024,3,0
93.70001024,4,0
93.80001024,0,0
93.80001024,1,0
93.80001024,2,0
93.80001024,3,0
93.80001024,4,0
93.90001024,0,0
93.90001024,1,0
93.90001024,2,0
93.90001024,3,0
93.90001024,4,0
94.00001024,0,0
94.00001024,1,0
94.00001024,2,0
94.00001024,3,0
94.00001024,4,0
94.10001024,0,0
94.10001024,1,0
94.10001024,2,0
94.10001024,3,0
94.10001024,4,0
94.20001024,0,0
94.20001024,1,0
94.20001024,2,0
94.20001024,3,0
94.20001024,4,0
94.30001024,0,0
94.30001024,1,0
94.30001024,2,0
94.30001024,3,0
94.30001024,4,0
94.40001024,0,0
94.40001024,1,0
94.40001024,2,0
94.40001024,3,0
94.40001024,4,0
94.50001024,0,0
94.50001024,1,0
94.50001024,2,0
94.50001024,3,0
94.50001024,4,0
94.60001024,0,0
94.60001024,1,0
94.60001024,2,0
94.60001024,3,0
94.60001024,4,0
94.70001024,0,0
94.70001024,1,0
94.70001024,2,0
94.70001024,3,0
94.70001024,4,0
94.80001024,0,0
94.80001024,1,0
94.80001024,2,0
94.80001024,3,0
94.80001024,4,0
94.90001024,0,0
94.90001024,1,0
94.90001024,2,0
94.90001024,3,0
94.90001024,4,0
95.00001024,0,0
95.00001024,1,0
95.00001024,2,0
95.00001024,3,0
95.00001024,4,0
95.10001024,0,0
95.10001024,1,0
95.10001024,2,0
95.10001024,3,0
95.10001024,4,0
95.20001024,0,0
95.20001024,1,0
95.20001024,2,0
95.20001024,3,0
95.20001024,4,0
95.30001024,0,0
95.30001024,1,0
95.30001024,2,0
95.30001024,3,0
95.30001024,4,0
95.40001024,0,0
95.40001024,1,0
95.40001024,2,0
95.40001024,3,0
95.40001024,4,0
95.50001024,0,0
95.50001024,1,0
95.50001024,2,0
95.50001024,3,0
95.50001024,4,0
95.60001024,0,0
95.60001024,1,0
95.60001024,2,0
95.60001024,3,0
95.60001024,4,0
95.70001024,0,0
95.70001024,1,0
95.70001024,2,0
95.70001024,3,0
95.70001024,4,0
95.80001024,0,0
95.80001024,1,0
95.80001024,2,0
95.80001024,3,0
95.80001024,4,0
95.90001024,0,0
95.90001024,1,0
95.90001024,2,0
95.90001024,3,0
95.90001024,4,0
96.00001024,0,0
96.00001024,1,0
96.00001024,2,0
96.00001024,3,0
96.00001024,4,0
96.10001024,0,0
96.10001024,1,0
96.10001024,2,0
96.10001024,3,0
96.10001024,4,0
96.20001024,0,0
96.20001024,1,0
96.20001024,2,0
96.20001024,3,0
96.20001024,4,0
96.30001024,0,0
96.30001024,1,0
96.30001024,2,0
96.30001024,3,0
96.30001024,4,0
96.40001024,0,0
96.40001024,1,0
96.40001024,2,0
96.40001024,3,0
96.40001024,4,0
96.50001024,0,0
96.50001024,1,0
96.50001024,2,0
96.50001024,3,0
96.50001024,4,0
96.60001024,0,0
96.60001024,1,0
96.60001024,2,0
96.60001024,3,0
96.60001024,4,0
96.70001024,0,0
96.70001024,1,0
96.70001024,2,0
96.70001024,3,0
96.70001024,4,0
96.80001024,0,0
96.80001024,1,0
96.80001024,2,0
96.80001024,3,0
96.80001024,4,0
96.90001024,0,0
96.90001024,1,0
96.90001024,2,0
96.90001024,3,0
96.90001024,4,0
97.00001024,0,0
97.00001024,1,0
97.00001024,2,0
97.00001024,3,0
97.00001024,4,0
97.10001024,0,0
97.10001024,1,0
97.10001024,2,0
97.10001024,3,0
97.10001024,4,0
97.20001024,0,0
97.20001024,1,0
97.20001024,2,0
97.20001024,3,0
97.20001024,4,0
97.30001024,0,0
97.30001024,1,0
97.30001024,2,0
97.30001024,3,0
97.30001024,4,0
97.40001024,0,0
97.40001024,1,0
97.40001024,2,0
97.40001024,3,0
97.40001024,4,0
97.50001024,0,0
97.50001024,1,0
97.50001024,2,0
97.50001024,3,0
97.50001024,4,0
97.60001024,0,0
97.60001024,1,0
97.60001024,2,0
97.60001024,3,0
97.60001024,4,0
97.70001024,0,0
97.70001024,1,0
97.70001024,2,0
97.70001024,3,0
97.70001024,4,0
97.80001024,0,0
97.80001024,1,0
97.80001024,2,0
97.80001024,3,0
97.80001024,4,0
97.90001024,0,0
97.90001024,1,0
97.90001024,2,0
97.90001024,3,0
97.90001024,4,0
98.00001024,0,0
98.00001024,1,0
98.00001024,2,0
98.00001024,3,0
98.00001024,4,0
98.10001024,0,0
98.10001024,1,0
98.10001024,2,0
98.10001024,3,0
98.10001024,4,0
98.20001024,0,0
98.20001024,1,0
98.20001024,2,0
98.20001024,3,0
98.20001024,4,0
98.30001024,0,0
98.30001024,1,0
98.30001024,2,0
98.30001024,3,0
98.30001024,4,0
98.40001024,0,0
98.40001024,1,0
98.40001024,2,0
98.40001024,3,0
98.40001024,4,0
98.50001024,0,0
98.50001024,1,0
98.50001024,2,0
98.50001024,3,0
98.50001024,4,0
98.60001024,0,0
98.60001024,1,0
98.60001024,2,0
98.60001024,3,0
98.60001024,4,0
98.70001024,0,0
98.70001024,1,0
98.70001024,2,0
98.70001024,3,0
98.70001024,4,0
98.80001024,0,0
98.80001024,1,0
98.80001024,2,0
98.80001024,3,0
98.80001024,4,0
98.90001024,0,0
98.90001024,1,0
98.90001024,2,0
98.90001024,3,0
98.90001024,4,0
99.00001024,0,0
99.00001024,1,0
99.00001024,2,0
99.00001024,3,0
99.00001024,4,0
99.10001024,0,0
99.10001024,1,0
99.10001024,2,0
99.10001024,3,0
99.10001024,4,0
99.20001024,0,0
99.20001024,1,0
99.20001024,2,0
99.20001024,3,0
99.20001024,4,0
99.30001024,0,0
99.30001024,1,0
99.30001024,2,0
99.30001024,3,0
99.30001024,4,0
99.40001024,0,0
99.40001024,1,0
99.40001024,2,0
99.40001024,3,0
99.40001024,4,0
99.50001024,0,0
99.50001024,1,0
99.50001024,2,0
99.50001024,3,0
99.50001024,4,0
99.60001024,0,0
99.60001024,1,0
99.60001024,2,0
99.60001024,3,0
99.60001024,4,0
99.70001024,0,0
99.70001024,1,0
99.70001024,2,0
99.70001024,3,0
99.70001024,4,0
99.80001024,0,0
99.80001024,1,0
99.80001024,2,0
99.80001024,3,0
99.80001024,4,0
99.90001024,0,0
99.90001024,1,0
99.90001024,2,0
99.90001024,3,0
99.90001024,4,0
100.00001024,0,0
100.00001024,1,0
100.00001024,2,0
100.00001024,3,0
100.00001024,4,0
100.10001024,0,0
100.10001024,1,0
100.10001024,2,0
100.10001024,3,0
100.10001024,4,0
100.20001024,0,0
100.20001024,1,0
100.20001024,2,0
100.20001024,3,0
100.20001024,4,0
100.30001024,0,0
100.30001024,1,0
100.30001024,2,0
100.30001024,3,0
100.30001024,4,0
100.40001024,0,0
100.40001024,1,0
100.40001024,2,0
100.40001024,3,0
100.40001024,4,0
100.50001024,0,0
100.50001024,1,0
100.50001024,2,0
100.50001024,3,0
100.50001024,4,0
100.60001024,0,0
100.60001024,1,0
100.60001024,2,0
100.60001024,3,0
100.60001024,4,0
100.70001024,0,0
100.70001024,1,0
100.70001024,2,0
100.70001024,3,0
100.70001024,4,0
100.80001024,0,0
100.80001024,1,0
100.80001024,2,0
100.80001024,3,0
100.80001024,4,0
100.90001024,0,0
100.90001024,1,0
100.90001024,2,0
100.90001024,3,0
100.90001024,4,0
101.00001024,0,0
101.00001024,1,0
101.00001024,2,0
101.00001024,3,0
101.00001024,4,0
101.10001024,0,0
101.10001024,1,0
101.10001024,2,0
101.10001024,3,0
101.10001024,4,0
101.20001024,0,0
101.20001024,1,0
101.20001024,2,0
101.20001024,3,0
101.20001024,4,0
101.30001024,0,0
101.30001024,1,0
101.30001024,2,0
101.30001024,3,0
101.30001024,4,0
101.40001024,0,0
101.40001024,1,0
101.40001024,2,0
101.40001024,3,0
101.40001024,4,0
101.50001024,0,0
101.50001024,1,0
101.50001024,2,0
101.50001024,3,0
101.50001024,4,0
101.60001024,0,0
101.60001024,1,0
101.60001024,2,0
101.60001024,3,0
101.60001024,4,0
101.70001024,0,0
101.70001024,1,0
101.70001024,2,0
101.70001024,3,0
101.70001024,4,0
101.80001024,0,0
101.80001024,1,0
101.80001024,2,0
101.80001024,3,0
101.80001024,4,0
101.90001024,0,0
101.90001024,1,0
101.90001024,2,0
101.90001024,3,0
101.90001024,4,0
102.00001024,0,0
102.00001024,1,0
102.00001024,2,0
102.00001024,3,0
102.00001024,4,0
102.10001024,0,0
102.10001024,1,0
102.10001024,2,0
102.10001024,3,0
102.10001024,4,0
102.20001024,0,0
102.20001024,1,0
102.20001024,2,0
102.20001024,3,0
102.20001024,4,0
102.30001024,0,0
102.30001024,1,0
102.30001024,2,0
102.30001024,3,0
102.30001024,4,0
102.40001024,0,0
102.40001024,1,0
102.40001024,2,0
102.40001024,3,0
102.40001024,4,0
102.50001024,0,0
102.50001024,1,0
102.50001024,2,0
102.50001024,3,0
102.50001024,4,0
102.60001024,0,0
102.60001024,1,0
102.60001024,2,0
102.60001024,3,0
102.60001024,4,0
102.70001024,0,0
102.70001024,1,0
102.70001024,2,0
102.70001024,3,0
102.70001024,4,0
102.80001024,0,0
102.80001024,1,0
102.80001024,2,0
102.80001024,3,0
102.80001024,4,0
102.90001024,0,0
102.90001024,1,0
102.90001024,2,0
102.90001024,3,0
102.90001024,4,0
103.00001024,0,0
103.00001024,1,0
103.00001024,2,0
103.00001024,3,0
103.00001024,4,0
103.10001024,0,0
103.10001024,1,0
103.10001024,2,0
103.10001024,3,0
103.10001024,4,0
103.20001024,0,0
103.20001024,1,0
103.20001024,2,0
103.20001024,3,0
103.20001024,4,0
103.30001024,0,0
103.30001024,1,0
103.30001024,2,0
103.30001024,3,0
103.30001024,4,0
103.40001024,0,0
103.40001024,1,0
103.40001024,2,0
103.40001024,3,0
103.40001024,4,0
103.50001024,0,0
103.50001024,1,0
103.50001024,2,0
103.50001024,3,0
103.50001024,4,0
103.60001024,0,0
103.60001024,1,0
103.60001024,2,0
103.60001024,3,0
103.60001024,4,0
103.70001024,0,0
103.70001024,1,0
103.70001024,2,0
103.70001024,3,0
103.70001024,4,0
103.80001024,0,0
103.80001024,1,0
103.80001024,2,0
103.80001024,3,0
103.80001024,4,0
103.90001024,0,0
103.90001024,1,0
103.90001024,2,0
103.90001024,3,0
103.90001024,4,0
104.00001024,0,0
104.00001024,1,0
104.00001024,2,0
104.00001024,3,0
104.00001024,4,0
104.10001024,0,0
104.10001024,1,0
104.10001024,2,0
104.10001024,3,0
104.10001024,4,0
104.20001024,0,0
104.20001024,1,0
104.20001024,2,0
104.20001024,3,0
104.20001024,4,0
104.30001024,0,0
104.30001024,1,0
104.30001024,2,0
104.30001024,3,0
104.30001024,4,0
104.40001024,0,0
104.40001024,1,0
104.40001024,2,0
104.40001024,3,0
104.40001024,4,0
104.50001024,0,0
104.50001024,1,0
104.50001024,2,0
104.50001024,3,0
104.50001024,4,0
104.60001024,0,0
104.60001024,1,0
104.60001024,2,0
104.60001024,3,0
104.60001024,4,0
104.70001024,0,0
104.70001024,1,0
104.70001024,2,0
104.70001024,3,0
104.70001024,4,0
104.80001024,0,0
104.80001024,1,0
104.80001024,2,0
104.80001024,3,0
104.80001024,4,0
104.90001024,0,0
104.90001024,1,0
104.90001024,2,0
104.90001024,3,0
104.90001024,4,0
105.00001024,0,0
105.00001024,1,0
105.00001024,2,0
105.00001024,3,0
105.00001024,4,0
105.10001024,0,0
105.10001024,1,0
105.10001024,2,0
105.10001024,3,0
105.10001024,4,0
105.20001024,0,0
105.20001024,1,0
105.20001024,2,0
105.20001024,3,0
105.20001024,4,0
105.30001024,0,0
105.30001024,1,0
105.30001024,2,0
105.30001024,3,0
105.30001024,4,0
105.40001024,0,0
105.40001024,1,0
105.40001024,2,0
105.40001024,3,0
105.40001024,4,0
105.50001024,0,0
105.50001024,1,0
105.50001024,2,0
105.50001024,3,0
105.50001024,4,0
105.60001024,0,0
105.60001024,1,0
105.60001024,2,0
105.60001024,3,0
105.60001024,4,0
105.70001024,0,0
105.70001024,1,0
105.70001024,2,0
105.70001024,3,0
105.70001024,4,0
105.80001024,0,0
105.80001024,1,0
105.80001024,2,0
105.80001024,3,0
105.80001024,4,0
105.90001024,0,0
105.90001024,1,0
105.90001024,2,0
105.90001024,3,0
105.90001024,4,0
106.00001024,0,0
106.00001024,1,0
106.00001024,2,0
106.00001024,3,0
106.00001024,4,0
106.10001024,0,0
106.10001024,1,0
106.10001024,2,0
106.10001024,3,0
106.10001024,4,0
106.20001024,0,0
106.20001024,1,0
106.20001024,2,0
106.20001024,3,0
106.20001024,4,0
106.30001024,0,0
106.30001024,1,0
106.30001024,2,0
106.30001024,3,0
106.30001024,4,0
106.40001024,0,0
106.40001024,1,0
106.40001024,2,0
106.40001024,3,0
106.40001024,4,0
106.50001024,0,0
106.50001024,1,0
106.50001024,2,0
106.50001024,3,0
106.50001024,4,0
106.60001024,0,0
106.60001024,1,0
106.60001024,2,0
106.60001024,3,0
106.60001024,4,0
106.70001024,0,0
106.70001024,1,0
106.70001024,2,0
106.70001024,3,0
106.70001024,4,0
106.80001024,0,0
106.80001024,1,0
106.80001024,2,0
106.80001024,3,0
106.80001024,4,0
106.90001024,0,0
106.90001024,1,0
106.90001024,2,0
106.90001024,3,0
106.90001024,4,0
107.00001024,0,0
107.00001024,1,0
107.00001024,2,0
107.00001024,3,0
107.00001024,4,0
107.10001024,0,0
107.10001024,1,0
107.10001024,2,0
107.10001024,3,0
107.10001024,4,0
107.20001024,0,0
107.20001024,1,0
107.20001024,2,0
107.20001024,3,0
107.20001024,4,0
107.30001024,0,0
107.30001024,1,0
107.30001024,2,0
107.30001024,3,0
107.30001024,4,0
107.40001024,0,0
107.40001024,1,0
107.40001024,2,0
107.40001024,3,0
107.40001024,4,0
107.50001024,0,0
107.50001024,1,0
107.50001024,2,0
107.50001024,3,0
107.50001024,4,0
107.60001024,0,0
107.60001024,1,0
107.60001024,2,0
107.60001024,3,0
107.60001024,4,0
107.70001024,0,0
107.70001024,1,0
107.70001024,2,0
107.70001024,3,0
107.70001024,4,0
107.80001024,0,0
107.80001024,1,0
107.80001024,2,0
107.80001024,3,0
107.80001024,4,0
107.90001024,0,0
107.90001024,1,0
107.90001024,2,0
107.90001024,3,0
107.90001024,4,0
108.00001024,0,0
108.00001024,1,0
108.00001024,2,0
108.00001024,3,0
108.00001024,4,0
108.10001024,0,0
108.10001024,1,0
108.10001024,2,0
108.10001024,3,0
108.10001024,4,0
108.20001024,0,0
108.20001024,1,0
108.20001024,2,0
108.20001024,3,0
108.20001024,4,0
