simTime,MCCIndex,specWeatherModel
0.1,0,2.26163
0.10001,0,2.26163
0.1,1,3.61055
0.10001,1,3.61055
0.1,2,0
0.10001,2,0
0.1,3,0.245398
0.10001,3,0.245398
0.1,4,2.69225
0.10001,4,0
0.2,0,2.26163
0.20001,0,2.26163
0.2,1,3.61055
0.20001,1,3.61055
0.2,2,0
0.20001,2,0
0.2,3,0.245398
0.20001,3,0
0.2,4,0
0.20001,4,0
0.3,0,2.26163
0.30001,0,2.26163
0.3,1,3.61055
0.30001,1,3.61055
0.3,2,0
0.30001,2,0
0.3,3,0
0.30001,3,0
0.3,4,0
0.30001,4,0
0.4,0,2.26163
0.40001,0,2.26163
0.4,1,3.61055
0.40001,1,3.61055
0.4,2,0
0.40001,2,0
0.4,3,0
0.40001,3,0
0.4,4,0
0.40001,4,0
0.5,0,2.26163
0.50001,0,8.45119
0.5,1,3.61055
0.50001,1,3.61055
0.5,2,0
0.50001,2,0
0.5,3,0
0.50001,3,0
0.5,4,0
0.50001,4,0
0.6,0,8.45119
0.60001,0,8.45119
0.6,1,3.61055
0.60001,1,3.61055
0.6,2,0
0.60001,2,0
0.6,3,0
0.60001,3,0
0.6,4,0
0.60001,4,0
0.7,0,8.45119
0.70001,0,8.45119
0.7,1,3.61055
0.70001,1,3.61055
0.7,2,0
0.70001,2,0
0.7,3,0
0.70001,3,9.92817
0.7,4,0
0.70001,4,0
0.8,0,8.45119
0.80001,0,8.45119
0.8,1,3.61055
0.80001,1,3.61055
0.8,2,0
0.80001,2,0
0.8,3,9.92817
0.80001,3,9.92817
0.8,4,0
0.80001,4,0
0.9,0,8.45119
0.90001,0,8.45119
0.9,1,3.61055
0.90001,1,3.61055
0.9,2,0
0.90001,2,0
0.9,3,9.92817
0.90001,3,9.92817
0.9,4,0
0.90001,4,0
1,0,8.45119
1.00001,0,0
1,1,3.61055
1.00001,1,3.61055
1,2,0
1.00001,2,0
1,3,9.92817
1.00001,3,9.92817
1,4,0
1.00001,4,0
1.1,0,0
1.10001,0,0
1.1,1,3.61055
1.10001,1,3.61055
1.1,2,0
1.10001,2,0
1.1,3,9.92817
1.10001,3,9.92817
1.1,4,0
1.10001,4,10.1097
1.2,0,0
1.20001,0,0
1.2,1,3.61055
1.20001,1,3.61055
1.2,2,0
1.20001,2,0
1.2,3,9.92817
1.20001,3,9.92817
1.2,4,10.1097
1.20001,4,10.1097
1.3,0,0
1.30001,0,0
1.3,1,3.61055
1.30001,1,3.61055
1.3,2,0
1.30001,2,12.4525
1.3,3,9.92817
1.30001,3,9.92817
1.3,4,10.1097
1.30001,4,10.1097
1.4,0,0
1.40001,0,23.9385
1.4,1,3.61055
1.40001,1,10.0205
1.4,2,12.4525
1.40001,2,7.81113
1.4,3,9.92817
1.40001,3,9.92817
1.4,4,10.1097
1.40001,4,30.6882
1.5,0,23.9385
1.50001,0,23.9385
1.5,1,10.0205
1.50001,1,10.0205
1.5,2,7.81113
1.50001,2,7.81113
1.5,3,9.92817
1.50001,3,9.92817
1.5,4,30.6882
1.50001,4,30.6882
1.6,0,23.9385
1.60001,0,46.5874
1.6,1,10.0205
1.60001,1,10.0205
1.6,2,7.81113
1.60001,2,29.0107
1.6,3,9.92817
1.60001,3,9.92817
1.6,4,30.6882
1.60001,4,50.9107
1.7,0,46.5874
1.70001,0,46.5874
1.7,1,10.0205
1.70001,1,10.0205
1.7,2,29.0107
1.70001,2,29.0107
1.7,3,9.92817
1.70001,3,9.92817
1.7,4,50.9107
1.70001,4,50.9107
1.8,0,46.5874
1.80001,0,46.5874
1.8,1,10.0205
1.80001,1,10.0205
1.8,2,29.0107
1.80001,2,29.0107
1.8,3,9.92817
1.80001,3,17.2036
1.8,4,50.9107
1.80001,4,50.9107
1.9,0,46.5874
1.90001,0,62.6247
1.9,1,10.0205
1.90001,1,10.0205
1.9,2,29.0107
1.90001,2,30.1389
1.9,3,17.2036
1.90001,3,17.2036
1.9,4,50.9107
1.90001,4,40.1353
2,0,62.6247
2.00001,0,61.8211
2,1,10.0205
2.00001,1,10.9357
2,2,30.1389
2.00001,2,20.7553
2,3,17.2036
2.00001,3,17.2036
2,4,40.1353
2.00001,4,16.1189
2.1,0,61.8211
2.10001,0,61.8211
2.1,1,10.9357
2.10001,1,0
2.1,2,20.7553
2.10001,2,20.7553
2.1,3,17.2036
2.10001,3,17.2036
2.1,4,16.1189
2.10001,4,16.1189
2.2,0,61.8211
2.20001,0,38.2236
2.2,1,0
2.20001,1,0
2.2,2,20.7553
2.20001,2,20.7553
2.2,3,17.2036
2.20001,3,30.6579
2.2,4,16.1189
2.20001,4,16.1189
2.3,0,38.2236
2.30001,0,38.2236
2.3,1,0
2.30001,1,0
2.3,2,20.7553
2.30001,2,20.7553
2.3,3,30.6579
2.30001,3,30.6579
2.3,4,16.1189
2.30001,4,16.1189
2.4,0,38.2236
2.40001,0,52.4161
2.4,1,0
2.40001,1,0
2.4,2,20.7553
2.40001,2,4.31137
2.4,3,30.6579
2.40001,3,30.6579
2.4,4,16.1189
2.40001,4,0
2.5,0,52.4161
2.50001,0,52.4161
2.5,1,0
2.50001,1,0
2.5,2,4.31137
2.50001,2,4.31137
2.5,3,30.6579
2.50001,3,30.6579
2.5,4,0
2.50001,4,0
2.6,0,52.4161
2.60001,0,52.4161
2.6,1,0
2.60001,1,5.9078
2.6,2,4.31137
2.60001,2,9.90793
2.6,3,30.6579
2.60001,3,30.6579
2.6,4,0
2.60001,4,0.499919
2.7,0,52.4161
2.70001,0,72.4176
2.7,1,5.9078
2.70001,1,5.9078
2.7,2,9.90793
2.70001,2,9.90793
2.7,3,30.6579
2.70001,3,37.261
2.7,4,0.499919
2.70001,4,0.499919
2.8,0,72.4176
2.80001,0,72.4176
2.8,1,5.9078
2.80001,1,5.9078
2.8,2,9.90793
2.80001,2,9.90793
2.8,3,37.261
2.80001,3,37.261
2.8,4,0.499919
2.80001,4,0
2.9,0,72.4176
2.90001,0,72.4176
2.9,1,5.9078
2.90001,1,5.9078
2.9,2,9.90793
2.90001,2,9.90793
2.9,3,37.261
2.90001,3,37.261
2.9,4,0
2.90001,4,0
3,0,72.4176
3.00001,0,48.9256
3,1,5.9078
3.00001,1,5.9078
3,2,9.90793
3.00001,2,0
3,3,37.261
3.00001,3,37.261
3,4,0
3.00001,4,0
3.1,0,48.9256
3.10001,0,48.9256
3.1,1,5.9078
3.10001,1,29.3604
3.1,2,0
3.10001,2,0
3.1,3,37.261
3.10001,3,44.3979
3.1,4,0
3.10001,4,0
3.2,0,48.9256
3.20001,0,48.9256
3.2,1,29.3604
3.20001,1,29.3604
3.2,2,0
3.20001,2,0
3.2,3,44.3979
3.20001,3,44.3979
3.2,4,0
3.20001,4,0
3.3,0,48.9256
3.30001,0,48.9256
3.3,1,29.3604
3.30001,1,8.50351
3.3,2,0
3.30001,2,0
3.3,3,44.3979
3.30001,3,44.3979
3.3,4,0
3.30001,4,0
3.4,0,48.9256
3.40001,0,61.4435
3.4,1,8.50351
3.40001,1,20.2015
3.4,2,0
3.40001,2,15.891
3.4,3,44.3979
3.40001,3,44.3979
3.4,4,0
3.40001,4,0
3.5,0,61.4435
3.50001,0,67.8187
3.5,1,20.2015
3.50001,1,20.2015
3.5,2,15.891
3.50001,2,15.891
3.5,3,44.3979
3.50001,3,44.3979
3.5,4,0
3.50001,4,0
3.6,0,67.8187
3.60001,0,67.8187
3.6,1,20.2015
3.60001,1,20.2015
3.6,2,15.891
3.60001,2,15.891
3.6,3,44.3979
3.60001,3,44.3979
3.6,4,0
3.60001,4,0
3.7,0,67.8187
3.70001,0,67.8187
3.7,1,20.2015
3.70001,1,20.2015
3.7,2,15.891
3.70001,2,15.891
3.7,3,44.3979
3.70001,3,44.3979
3.7,4,0
3.70001,4,0
3.8,0,67.8187
3.80001,0,61.8582
3.8,1,20.2015
3.80001,1,20.2015
3.8,2,15.891
3.80001,2,15.891
3.8,3,44.3979
3.80001,3,28.7819
3.8,4,0
3.80001,4,0
3.9,0,61.8582
3.90001,0,61.8582
3.9,1,20.2015
3.90001,1,20.2015
3.9,2,15.891
3.90001,2,31.1451
3.9,3,28.7819
3.90001,3,51.4046
3.9,4,0
3.90001,4,0
4,0,61.8582
4.00001,0,61.8582
4,1,20.2015
4.00001,1,20.2015
4,2,31.1451
4.00001,2,31.1451
4,3,51.4046
4.00001,3,34.114
4,4,0
4.00001,4,0
4.1,0,61.8582
4.10001,0,38.6815
4.1,1,20.2015
4.10001,1,20.2015
4.1,2,31.1451
4.10001,2,31.1451
4.1,3,34.114
4.10001,3,13.2071
4.1,4,0
4.10001,4,0
4.2,0,38.6815
4.20001,0,38.6815
4.2,1,20.2015
4.20001,1,20.2015
4.2,2,31.1451
4.20001,2,19.9673
4.2,3,13.2071
4.20001,3,15.2676
4.2,4,0
4.20001,4,0
4.3,0,38.6815
4.30001,0,45.6297
4.3,1,20.2015
4.30001,1,33.0283
4.3,2,19.9673
4.30001,2,19.9673
4.3,3,15.2676
4.30001,3,15.2676
4.3,4,0
4.30001,4,0
4.4,0,45.6297
4.40001,0,45.6297
4.4,1,33.0283
4.40001,1,33.0283
4.4,2,19.9673
4.40001,2,2.09769
4.4,3,15.2676
4.40001,3,15.2676
4.4,4,0
4.40001,4,0
4.5,0,45.6297
4.50001,0,45.6297
4.5,1,33.0283
4.50001,1,42.162
4.5,2,2.09769
4.50001,2,2.09769
4.5,3,15.2676
4.50001,3,15.2676
4.5,4,0
4.50001,4,0
4.6,0,45.6297
4.60001,0,39.1046
4.6,1,42.162
4.60001,1,59.097
4.6,2,2.09769
4.60001,2,7.08831
4.6,3,15.2676
4.60001,3,15.2676
4.6,4,0
4.60001,4,22.9981
4.7,0,39.1046
4.70001,0,39.1046
4.7,1,59.097
4.70001,1,59.097
4.7,2,7.08831
4.70001,2,9.9768
4.7,3,15.2676
4.70001,3,38.5213
4.7,4,22.9981
4.70001,4,22.9981
4.8,0,39.1046
4.80001,0,39.1046
4.8,1,59.097
4.80001,1,59.097
4.8,2,9.9768
4.80001,2,9.9768
4.8,3,38.5213
4.80001,3,38.5213
4.8,4,22.9981
4.80001,4,22.9981
4.9,0,39.1046
4.90001,0,39.1046
4.9,1,59.097
4.90001,1,59.097
4.9,2,9.9768
4.90001,2,9.9768
4.9,3,38.5213
4.90001,3,38.5213
4.9,4,22.9981
4.90001,4,22.9981
5,0,39.1046
5.00001,0,15.8261
5,1,59.097
5.00001,1,59.097
5,2,9.9768
5.00001,2,9.9768
5,3,38.5213
5.00001,3,38.5213
5,4,22.9981
5.00001,4,22.9981
5.1,0,15.8261
5.10001,0,15.8261
5.1,1,59.097
5.10001,1,59.097
5.1,2,9.9768
5.10001,2,9.9768
5.1,3,38.5213
5.10001,3,38.5213
5.1,4,22.9981
5.10001,4,6.75087
5.2,0,15.8261
5.20001,0,15.8261
5.2,1,59.097
5.20001,1,57.0705
5.2,2,9.9768
5.20001,2,9.9768
5.2,3,38.5213
5.20001,3,33.8435
5.2,4,6.75087
5.20001,4,6.75087
5.3,0,15.8261
5.30001,0,13.0512
5.3,1,57.0705
5.30001,1,57.0705
5.3,2,9.9768
5.30001,2,9.9768
5.3,3,33.8435
5.30001,3,33.8435
5.3,4,6.75087
5.30001,4,0
5.4,0,13.0512
5.40001,0,9.45301
5.4,1,57.0705
5.40001,1,80.8696
5.4,2,9.9768
5.40001,2,7.48818
5.4,3,33.8435
5.40001,3,33.8435
5.4,4,0
5.40001,4,0
5.5,0,9.45301
5.50001,0,9.45301
5.5,1,80.8696
5.50001,1,66.4168
5.5,2,7.48818
5.50001,2,0
5.5,3,33.8435
5.50001,3,33.8435
5.5,4,0
5.50001,4,0
5.6,0,9.45301
5.60001,0,0
5.6,1,66.4168
5.60001,1,66.4168
5.6,2,0
5.60001,2,0
5.6,3,33.8435
5.60001,3,33.8435
5.6,4,0
5.60001,4,0
5.7,0,0
5.70001,0,9.33763
5.7,1,66.4168
5.70001,1,57.6037
5.7,2,0
5.70001,2,12.1486
5.7,3,33.8435
5.70001,3,33.8435
5.7,4,0
5.70001,4,0
5.8,0,9.33763
5.80001,0,9.33763
5.8,1,57.6037
5.80001,1,57.6037
5.8,2,12.1486
5.80001,2,12.1486
5.8,3,33.8435
5.80001,3,33.8435
5.8,4,0
5.80001,4,0
5.9,0,9.33763
5.90001,0,9.33763
5.9,1,57.6037
5.90001,1,62.8377
5.9,2,12.1486
5.90001,2,12.1486
5.9,3,33.8435
5.90001,3,33.8435
5.9,4,0
5.90001,4,0
6,0,9.33763
6.00001,0,10.099
6,1,62.8377
6.00001,1,62.8377
6,2,12.1486
6.00001,2,15.7089
6,3,33.8435
6.00001,3,17.4353
6,4,0
6.00001,4,2.82372
6.1,0,10.099
6.10001,0,0
6.1,1,62.8377
6.10001,1,62.8377
6.1,2,15.7089
6.10001,2,8.71803
6.1,3,17.4353
6.10001,3,0
6.1,4,2.82372
6.10001,4,2.82372
6.2,0,0
6.20001,0,0
6.2,1,62.8377
6.20001,1,52.2454
6.2,2,8.71803
6.20001,2,10.1251
6.2,3,0
6.20001,3,14.0049
6.2,4,2.82372
6.20001,4,2.82372
6.3,0,0
6.30001,0,0
6.3,1,52.2454
6.30001,1,52.2454
6.3,2,10.1251
6.30001,2,10.6359
6.3,3,14.0049
6.30001,3,14.0049
6.3,4,2.82372
6.30001,4,0
6.4,0,0
6.40001,0,0
6.4,1,52.2454
6.40001,1,52.2454
6.4,2,10.6359
6.40001,2,10.6359
6.4,3,14.0049
6.40001,3,14.0049
6.4,4,0
6.40001,4,0
6.5,0,0
6.50001,0,7.0986
6.5,1,52.2454
6.50001,1,52.2454
6.5,2,10.6359
6.50001,2,3.36595
6.5,3,14.0049
6.50001,3,14.0049
6.5,4,0
6.50001,4,0
6.6,0,7.0986
6.60001,0,8.91022
6.6,1,52.2454
6.60001,1,52.2454
6.6,2,3.36595
6.60001,2,3.36595
6.6,3,14.0049
6.60001,3,14.0049
6.6,4,0
6.60001,4,0
6.7,0,8.91022
6.70001,0,8.91022
6.7,1,52.2454
6.70001,1,52.2454
6.7,2,3.36595
6.70001,2,3.36595
6.7,3,14.0049
6.70001,3,14.0049
6.7,4,0
6.70001,4,0
6.8,0,8.91022
6.80001,0,8.91022
6.8,1,52.2454
6.80001,1,52.2454
6.8,2,3.36595
6.80001,2,3.36595
6.8,3,14.0049
6.80001,3,14.0049
6.8,4,0
6.80001,4,0
6.9,0,8.91022
6.90001,0,20.4037
6.9,1,52.2454
6.90001,1,52.2454
6.9,2,3.36595
6.90001,2,3.36595
6.9,3,14.0049
6.90001,3,14.0049
6.9,4,0
6.90001,4,0
7,0,20.4037
7.00001,0,36.2989
7,1,52.2454
7.00001,1,52.2454
7,2,3.36595
7.00001,2,3.36595
7,3,14.0049
7.00001,3,14.0049
7,4,0
7.00001,4,0
7.1,0,36.2989
7.10001,0,36.2989
7.1,1,52.2454
7.10001,1,45.1869
7.1,2,3.36595
7.10001,2,2.44878
7.1,3,14.0049
7.10001,3,14.0049
7.1,4,0
7.10001,4,0
7.2,0,36.2989
7.20001,0,50.8987
7.2,1,45.1869
7.20001,1,45.1869
7.2,2,2.44878
7.20001,2,2.44878
7.2,3,14.0049
7.20001,3,14.0049
7.2,4,0
7.20001,4,0.533994
7.3,0,50.8987
7.30001,0,50.8987
7.3,1,45.1869
7.30001,1,45.1869
7.3,2,2.44878
7.30001,2,0
7.3,3,14.0049
7.30001,3,14.0049
7.3,4,0.533994
7.30001,4,0.533994
7.4,0,50.8987
7.40001,0,31.1765
7.4,1,45.1869
7.40001,1,45.1869
7.4,2,0
7.40001,2,0
7.4,3,14.0049
7.40001,3,0
7.4,4,0.533994
7.40001,4,0.533994
7.5,0,31.1765
7.50001,0,31.1765
7.5,1,45.1869
7.50001,1,45.1869
7.5,2,0
7.50001,2,0
7.5,3,0
7.50001,3,0
7.5,4,0.533994
7.50001,4,0.533994
7.6,0,31.1765
7.60001,0,31.1765
7.6,1,45.1869
7.60001,1,45.1869
7.6,2,0
7.60001,2,22.8328
7.6,3,0
7.60001,3,19.8439
7.6,4,0.533994
7.60001,4,0.533994
7.7,0,31.1765
7.70001,0,31.1765
7.7,1,45.1869
7.70001,1,45.1869
7.7,2,22.8328
7.70001,2,22.8328
7.7,3,19.8439
7.70001,3,19.8439
7.7,4,0.533994
7.70001,4,0.533994
7.8,0,31.1765
7.80001,0,31.1765
7.8,1,45.1869
7.80001,1,45.1869
7.8,2,22.8328
7.80001,2,22.8328
7.8,3,19.8439
7.80001,3,19.8439
7.8,4,0.533994
7.80001,4,0
7.9,0,31.1765
7.90001,0,21.3446
7.9,1,45.1869
7.90001,1,45.1869
7.9,2,22.8328
7.90001,2,22.8328
7.9,3,19.8439
7.90001,3,28.3061
7.9,4,0
7.90001,4,0
8,0,21.3446
8.00001,0,21.3446
8,1,45.1869
8.00001,1,45.1869
8,2,22.8328
8.00001,2,22.8328
8,3,28.3061
8.00001,3,52.382
8,4,0
8.00001,4,0
8.1,0,21.3446
8.10001,0,21.3446
8.1,1,45.1869
8.10001,1,45.1869
8.1,2,22.8328
8.10001,2,22.8328
8.1,3,52.382
8.10001,3,62.7637
8.1,4,0
8.10001,4,0
8.2,0,21.3446
8.20001,0,21.3446
8.2,1,45.1869
8.20001,1,45.1869
8.2,2,22.8328
8.20001,2,38.4571
8.2,3,62.7637
8.20001,3,62.7637
8.2,4,0
8.20001,4,0
8.3,0,21.3446
8.30001,0,21.3446
8.3,1,45.1869
8.30001,1,55.9999
8.3,2,38.4571
8.30001,2,38.4571
8.3,3,62.7637
8.30001,3,62.7637
8.3,4,0
8.30001,4,0
8.4,0,21.3446
8.40001,0,2.13916
8.4,1,55.9999
8.40001,1,55.9999
8.4,2,38.4571
8.40001,2,38.4571
8.4,3,62.7637
8.40001,3,67.6547
8.4,4,0
8.40001,4,0
8.5,0,2.13916
8.50001,0,2.13916
8.5,1,55.9999
8.50001,1,55.9999
8.5,2,38.4571
8.50001,2,24.4561
8.5,3,67.6547
8.50001,3,67.6547
8.5,4,0
8.50001,4,0
8.6,0,2.13916
8.60001,0,0
8.6,1,55.9999
8.60001,1,55.9999
8.6,2,24.4561
8.60001,2,24.4561
8.6,3,67.6547
8.60001,3,67.6547
8.6,4,0
8.60001,4,0
8.7,0,0
8.70001,0,0
8.7,1,55.9999
8.70001,1,55.9999
8.7,2,24.4561
8.70001,2,10.3684
8.7,3,67.6547
8.70001,3,78.5131
8.7,4,0
8.70001,4,0
8.8,0,0
8.80001,0,0
8.8,1,55.9999
8.80001,1,55.9999
8.8,2,10.3684
8.80001,2,10.3684
8.8,3,78.5131
8.80001,3,85.6312
8.8,4,0
8.80001,4,4.7187
8.9,0,0
8.90001,0,0
8.9,1,55.9999
8.90001,1,55.9999
8.9,2,10.3684
8.90001,2,10.3684
8.9,3,85.6312
8.90001,3,85.6312
8.9,4,4.7187
8.90001,4,4.7187
9,0,0
9.00001,0,5.6837
9,1,55.9999
9.00001,1,55.9999
9,2,10.3684
9.00001,2,1.75678
9,3,85.6312
9.00001,3,85.6312
9,4,4.7187
9.00001,4,4.7187
9.1,0,5.6837
9.10001,0,5.6837
9.1,1,55.9999
9.10001,1,71.4516
9.1,2,1.75678
9.10001,2,0
9.1,3,85.6312
9.10001,3,85.6312
9.1,4,4.7187
9.10001,4,4.7187
9.2,0,5.6837
9.20001,0,3.88583
9.2,1,71.4516
9.20001,1,71.4516
9.2,2,0
9.20001,2,0
9.2,3,85.6312
9.20001,3,76.784
9.2,4,4.7187
9.20001,4,4.7187
9.3,0,3.88583
9.30001,0,3.88583
9.3,1,71.4516
9.30001,1,49.2679
9.3,2,0
9.30001,2,6.79929
9.3,3,76.784
9.30001,3,76.784
9.3,4,4.7187
9.30001,4,4.7187
9.4,0,3.88583
9.40001,0,11.5849
9.4,1,49.2679
9.40001,1,69.3519
9.4,2,6.79929
9.40001,2,6.79929
9.4,3,76.784
9.40001,3,91.5531
9.4,4,4.7187
9.40001,4,4.7187
9.5,0,11.5849
9.50001,0,11.5849
9.5,1,69.3519
9.50001,1,69.3519
9.5,2,6.79929
9.50001,2,6.79929
9.5,3,91.5531
9.50001,3,79.8497
9.5,4,4.7187
9.50001,4,4.7187
9.6,0,11.5849
9.60001,0,16.6862
9.6,1,69.3519
9.60001,1,45.6612
9.6,2,6.79929
9.60001,2,6.79929
9.6,3,79.8497
9.60001,3,79.8497
9.6,4,4.7187
9.60001,4,18.5118
9.7,0,16.6862
9.70001,0,16.6862
9.7,1,45.6612
9.70001,1,45.6612
9.7,2,6.79929
9.70001,2,0
9.7,3,79.8497
9.70001,3,79.8497
9.7,4,18.5118
9.70001,4,0
9.8,0,16.6862
9.80001,0,35.3438
9.8,1,45.6612
9.80001,1,45.6612
9.8,2,0
9.80001,2,20.979
9.8,3,79.8497
9.80001,3,79.8497
9.8,4,0
9.80001,4,22.2958
9.9,0,35.3438
9.90001,0,35.3438
9.9,1,45.6612
9.90001,1,45.6612
9.9,2,20.979
9.90001,2,34.4829
9.9,3,79.8497
9.90001,3,79.8497
9.9,4,22.2958
9.90001,4,12.5714
10,0,35.3438
10.00001,0,47.9803
10,1,45.6612
10.00001,1,45.6612
10,2,34.4829
10.00001,2,34.4829
10,3,79.8497
10.00001,3,79.8497
10,4,12.5714
10.00001,4,3.31015
10.1,0,47.9803
10.10001,0,47.9803
10.1,1,45.6612
10.10001,1,45.8354
10.1,2,34.4829
10.10001,2,34.4829
10.1,3,79.8497
10.10001,3,74.7329
10.1,4,3.31015
10.10001,4,3.31015
10.2,0,47.9803
10.20001,0,34.2043
10.2,1,45.8354
10.20001,1,45.8354
10.2,2,34.4829
10.20001,2,34.4829
10.2,3,74.7329
10.20001,3,74.7329
10.2,4,3.31015
10.20001,4,0
10.3,0,34.2043
10.30001,0,34.2043
10.3,1,45.8354
10.30001,1,45.8354
10.3,2,34.4829
10.30001,2,34.4829
10.3,3,74.7329
10.30001,3,59.2038
10.3,4,0
10.30001,4,0
10.4,0,34.2043
10.40001,0,34.2043
10.4,1,45.8354
10.40001,1,52.7058
10.4,2,34.4829
10.40001,2,34.3151
10.4,3,59.2038
10.40001,3,61.4018
10.4,4,0
10.40001,4,0
10.5,0,34.2043
10.50001,0,52.407
10.5,1,52.7058
10.50001,1,52.7058
10.5,2,34.3151
10.50001,2,34.3151
10.5,3,61.4018
10.50001,3,61.4018
10.5,4,0
10.50001,4,0
10.6,0,52.407
10.60001,0,52.407
10.6,1,52.7058
10.60001,1,52.7058
10.6,2,34.3151
10.60001,2,34.3151
10.6,3,61.4018
10.60001,3,61.4018
10.6,4,0
10.60001,4,0
10.7,0,52.407
10.70001,0,52.407
10.7,1,52.7058
10.70001,1,42.7415
10.7,2,34.3151
10.70001,2,34.3151
10.7,3,61.4018
10.70001,3,61.4018
10.7,4,0
10.70001,4,0
10.8,0,52.407
10.80001,0,48.5684
10.8,1,42.7415
10.80001,1,42.7415
10.8,2,34.3151
10.80001,2,34.3151
10.8,3,61.4018
10.80001,3,62.1437
10.8,4,0
10.80001,4,2.58586
10.9,0,48.5684
10.90001,0,46.715
10.9,1,42.7415
10.90001,1,42.7415
10.9,2,34.3151
10.90001,2,34.3151
10.9,3,62.1437
10.90001,3,75.0301
10.9,4,2.58586
10.90001,4,2.58586
11,0,46.715
11.00001,0,46.715
11,1,42.7415
11.00001,1,61.6197
11,2,34.3151
11.00001,2,20.2457
11,3,75.0301
11.00001,3,75.0301
11,4,2.58586
11.00001,4,2.00292
11.1,0,46.715
11.10001,0,46.715
11.1,1,61.6197
11.10001,1,61.6197
11.1,2,20.2457
11.10001,2,20.2457
11.1,3,75.0301
11.10001,3,75.0301
11.1,4,2.00292
11.10001,4,0
11.2,0,46.715
11.20001,0,60.2377
11.2,1,61.6197
11.20001,1,61.6197
11.2,2,20.2457
11.20001,2,16.2147
11.2,3,75.0301
11.20001,3,75.0301
11.2,4,0
11.20001,4,0
11.3,0,60.2377
11.30001,0,60.2377
11.3,1,61.6197
11.30001,1,61.6197
11.3,2,16.2147
11.30001,2,16.2147
11.3,3,75.0301
11.30001,3,75.0301
11.3,4,0
11.30001,4,0
11.4,0,60.2377
11.40001,0,60.2377
11.4,1,61.6197
11.40001,1,47.973
11.4,2,16.2147
11.40001,2,6.31176
11.4,3,75.0301
11.40001,3,52.6056
11.4,4,0
11.40001,4,0
11.5,0,60.2377
11.50001,0,60.2377
11.5,1,47.973
11.50001,1,64.1875
11.5,2,6.31176
11.50001,2,6.31176
11.5,3,52.6056
11.50001,3,52.6056
11.5,4,0
11.50001,4,0
11.6,0,60.2377
11.60001,0,54.3581
11.6,1,64.1875
11.60001,1,64.1875
11.6,2,6.31176
11.60001,2,6.31176
11.6,3,52.6056
11.60001,3,52.6056
11.6,4,0
11.60001,4,0
11.7,0,54.3581
11.70001,0,54.3581
11.7,1,64.1875
11.70001,1,64.1875
11.7,2,6.31176
11.70001,2,6.31176
11.7,3,52.6056
11.70001,3,52.6056
11.7,4,0
11.70001,4,0
11.8,0,54.3581
11.80001,0,54.3581
11.8,1,64.1875
11.80001,1,77.5024
11.8,2,6.31176
11.80001,2,4.43218
11.8,3,52.6056
11.80001,3,52.6056
11.8,4,0
11.80001,4,0
11.9,0,54.3581
11.90001,0,54.3581
11.9,1,77.5024
11.90001,1,98.0357
11.9,2,4.43218
11.90001,2,26.6305
11.9,3,52.6056
11.90001,3,66.2295
11.9,4,0
11.90001,4,0
12,0,54.3581
12.00001,0,54.3581
12,1,98.0357
12.00001,1,100.613
12,2,26.6305
12.00001,2,26.6305
12,3,66.2295
12.00001,3,66.2295
12,4,0
12.00001,4,0
12.1,0,54.3581
12.10001,0,54.3581
12.1,1,100.613
12.10001,1,100.613
12.1,2,26.6305
12.10001,2,26.6305
12.1,3,66.2295
12.10001,3,66.2295
12.1,4,0
12.10001,4,0
12.2,0,54.3581
12.20001,0,54.3581
12.2,1,100.613
12.20001,1,100.613
12.2,2,26.6305
12.20001,2,17.065
12.2,3,66.2295
12.20001,3,66.2295
12.2,4,0
12.20001,4,0
12.3,0,54.3581
12.30001,0,54.3581
12.3,1,100.613
12.30001,1,100.613
12.3,2,17.065
12.30001,2,0.720821
12.3,3,66.2295
12.30001,3,66.2295
12.3,4,0
12.30001,4,0
12.4,0,54.3581
12.40001,0,54.3581
12.4,1,100.613
12.40001,1,124.422
12.4,2,0.720821
12.40001,2,0.720821
12.4,3,66.2295
12.40001,3,50.8036
12.4,4,0
12.40001,4,0
12.5,0,54.3581
12.50001,0,54.3581
12.5,1,124.422
12.50001,1,124.422
12.5,2,0.720821
12.50001,2,0.720821
12.5,3,50.8036
12.50001,3,50.1378
12.5,4,0
12.50001,4,0
12.6,0,54.3581
12.60001,0,54.3581
12.6,1,124.422
12.60001,1,139.386
12.6,2,0.720821
12.60001,2,0.720821
12.6,3,50.1378
12.60001,3,50.1378
12.6,4,0
12.60001,4,0
12.7,0,54.3581
12.70001,0,54.3581
12.7,1,139.386
12.70001,1,139.386
12.7,2,0.720821
12.70001,2,0.720821
12.7,3,50.1378
12.70001,3,57.5614
12.7,4,0
12.70001,4,20.4993
12.8,0,54.3581
12.80001,0,54.3581
12.8,1,139.386
12.80001,1,127.745
12.8,2,0.720821
12.80001,2,0.720821
12.8,3,57.5614
12.80001,3,57.5614
12.8,4,20.4993
12.80001,4,11.4364
12.9,0,54.3581
12.90001,0,67.4046
12.9,1,127.745
12.90001,1,127.745
12.9,2,0.720821
12.90001,2,0.720821
12.9,3,57.5614
12.90001,3,57.5614
12.9,4,11.4364
12.90001,4,11.4364
13,0,67.4046
13.00001,0,47.8633
13,1,127.745
13.00001,1,127.745
13,2,0.720821
13.00001,2,0.720821
13,3,57.5614
13.00001,3,58.5536
13,4,11.4364
13.00001,4,31.73
13.1,0,47.8633
13.10001,0,47.8633
13.1,1,127.745
13.10001,1,110.116
13.1,2,0.720821
13.10001,2,0.720821
13.1,3,58.5536
13.10001,3,78.7013
13.1,4,31.73
13.10001,4,31.73
13.2,0,47.8633
13.20001,0,47.8633
13.2,1,110.116
13.20001,1,121.851
13.2,2,0.720821
13.20001,2,0.720821
13.2,3,78.7013
13.20001,3,78.8291
13.2,4,31.73
13.20001,4,31.73
13.3,0,47.8633
13.30001,0,60.4518
13.3,1,121.851
13.30001,1,101.517
13.3,2,0.720821
13.30001,2,0.720821
13.3,3,78.8291
13.30001,3,78.8291
13.3,4,31.73
13.30001,4,10.7303
13.4,0,60.4518
13.40001,0,52.2712
13.4,1,101.517
13.40001,1,101.517
13.4,2,0.720821
13.40001,2,0
13.4,3,78.8291
13.40001,3,70.2399
13.4,4,10.7303
13.40001,4,10.7303
13.5,0,52.2712
13.50001,0,52.2712
13.5,1,101.517
13.50001,1,101.517
13.5,2,0
13.50001,2,17.8268
13.5,3,70.2399
13.50001,3,70.2399
13.5,4,10.7303
13.50001,4,10.7303
13.6,0,52.2712
13.60001,0,52.2712
13.6,1,101.517
13.60001,1,101.517
13.6,2,17.8268
13.60001,2,17.8268
13.6,3,70.2399
13.60001,3,85.9253
13.6,4,10.7303
13.60001,4,10.7303
13.7,0,52.2712
13.70001,0,52.2712
13.7,1,101.517
13.70001,1,94.8857
13.7,2,17.8268
13.70001,2,17.8268
13.7,3,85.9253
13.70001,3,107.302
13.7,4,10.7303
13.70001,4,10.7303
13.8,0,52.2712
13.80001,0,59.8381
13.8,1,94.8857
13.80001,1,94.8857
13.8,2,17.8268
13.80001,2,17.8268
13.8,3,107.302
13.80001,3,107.302
13.8,4,10.7303
13.80001,4,10.7303
13.9,0,59.8381
13.90001,0,59.8381
13.9,1,94.8857
13.90001,1,97.3457
13.9,2,17.8268
13.90001,2,0
13.9,3,107.302
13.90001,3,120.267
13.9,4,10.7303
13.90001,4,10.7303
14,0,59.8381
14.00001,0,40.0458
14,1,97.3457
14.00001,1,97.3457
14,2,0
14.00001,2,14.0964
14,3,120.267
14.00001,3,120.267
14,4,10.7303
14.00001,4,8.58567
14.1,0,40.0458
14.10001,0,40.0458
14.1,1,97.3457
14.10001,1,97.3457
14.1,2,14.0964
14.10001,2,14.0964
14.1,3,120.267
14.10001,3,120.267
14.1,4,8.58567
14.10001,4,19.4769
14.2,0,40.0458
14.20001,0,40.0458
14.2,1,97.3457
14.20001,1,97.3457
14.2,2,14.0964
14.20001,2,14.0964
14.2,3,120.267
14.20001,3,120.267
14.2,4,19.4769
14.20001,4,19.4769
14.3,0,40.0458
14.30001,0,49.565
14.3,1,97.3457
14.30001,1,97.3457
14.3,2,14.0964
14.30001,2,28.2421
14.3,3,120.267
14.30001,3,142.158
14.3,4,19.4769
14.30001,4,0
14.4,0,49.565
14.40001,0,49.565
14.4,1,97.3457
14.40001,1,97.3457
14.4,2,28.2421
14.40001,2,28.2421
14.4,3,142.158
14.40001,3,142.158
14.4,4,0
14.40001,4,7.31661
14.5,0,49.565
14.50001,0,49.565
14.5,1,97.3457
14.50001,1,97.3457
14.5,2,28.2421
14.50001,2,43.9111
14.5,3,142.158
14.50001,3,142.158
14.5,4,7.31661
14.50001,4,7.31661
14.6,0,49.565
14.60001,0,49.565
14.6,1,97.3457
14.60001,1,86.8414
14.6,2,43.9111
14.60001,2,43.9111
14.6,3,142.158
14.60001,3,142.158
14.6,4,7.31661
14.60001,4,7.31661
14.7,0,49.565
14.70001,0,50.4179
14.7,1,86.8414
14.70001,1,86.8414
14.7,2,43.9111
14.70001,2,43.9111
14.7,3,142.158
14.70001,3,142.158
14.7,4,7.31661
14.70001,4,5.7124
14.8,0,50.4179
14.80001,0,50.4179
14.8,1,86.8414
14.80001,1,86.8414
14.8,2,43.9111
14.80001,2,43.9111
14.8,3,142.158
14.80001,3,120.919
14.8,4,5.7124
14.80001,4,0
14.9,0,50.4179
14.90001,0,50.4179
14.9,1,86.8414
14.90001,1,86.8414
14.9,2,43.9111
14.90001,2,43.9111
14.9,3,120.919
14.90001,3,124.644
14.9,4,0
14.90001,4,0
15,0,50.4179
15.00001,0,50.4179
15,1,86.8414
15.00001,1,86.8414
15,2,43.9111
15.00001,2,43.9111
15,3,124.644
15.00001,3,107.403
15,4,0
15.00001,4,17.2108
15.1,0,50.4179
15.10001,0,47.7388
15.1,1,86.8414
15.10001,1,86.8414
15.1,2,43.9111
15.10001,2,43.9111
15.1,3,107.403
15.10001,3,114.587
15.1,4,17.2108
15.10001,4,17.2108
15.2,0,47.7388
15.20001,0,46.9257
15.2,1,86.8414
15.20001,1,86.8414
15.2,2,43.9111
15.20001,2,66.0254
15.2,3,114.587
15.20001,3,114.587
15.2,4,17.2108
15.20001,4,17.2108
15.3,0,46.9257
15.30001,0,46.9257
15.3,1,86.8414
15.30001,1,86.7483
15.3,2,66.0254
15.30001,2,66.0254
15.3,3,114.587
15.30001,3,110.834
15.3,4,17.2108
15.30001,4,37.9453
15.4,0,46.9257
15.40001,0,46.9257
15.4,1,86.7483
15.40001,1,90.7417
15.4,2,66.0254
15.40001,2,66.0254
15.4,3,110.834
15.40001,3,110.834
15.4,4,37.9453
15.40001,4,37.9453
15.5,0,46.9257
15.50001,0,60.7621
15.5,1,90.7417
15.50001,1,90.7417
15.5,2,66.0254
15.50001,2,66.0254
15.5,3,110.834
15.50001,3,110.834
15.5,4,37.9453
15.50001,4,38.724
15.6,0,60.7621
15.60001,0,63.788
15.6,1,90.7417
15.60001,1,90.7417
15.6,2,66.0254
15.60001,2,66.0254
15.6,3,110.834
15.60001,3,110.834
15.6,4,38.724
15.60001,4,38.724
15.7,0,63.788
15.70001,0,63.788
15.7,1,90.7417
15.70001,1,99.7428
15.7,2,66.0254
15.70001,2,66.0254
15.7,3,110.834
15.70001,3,93.8889
15.7,4,38.724
15.70001,4,38.724
15.8,0,63.788
15.80001,0,63.1737
15.8,1,99.7428
15.80001,1,106.614
15.8,2,66.0254
15.80001,2,66.0254
15.8,3,93.8889
15.80001,3,93.8889
15.8,4,38.724
15.80001,4,38.724
15.9,0,63.1737
15.90001,0,63.1737
15.9,1,106.614
15.90001,1,106.614
15.9,2,66.0254
15.90001,2,66.0254
15.9,3,93.8889
15.90001,3,93.8889
15.9,4,38.724
15.90001,4,29.2441
16,0,63.1737
16.00001,0,88.1633
16,1,106.614
16.00001,1,105.092
16,2,66.0254
16.00001,2,66.0254
16,3,93.8889
16.00001,3,93.8889
16,4,29.2441
16.00001,4,29.2441
16.1,0,88.1633
16.10001,0,99.3433
16.1,1,105.092
16.10001,1,105.092
16.1,2,66.0254
16.10001,2,66.0254
16.1,3,93.8889
16.10001,3,93.8889
16.1,4,29.2441
16.10001,4,29.2441
16.2,0,99.3433
16.20001,0,99.3433
16.2,1,105.092
16.20001,1,93.8673
16.2,2,66.0254
16.20001,2,66.0254
16.2,3,93.8889
16.20001,3,93.8889
16.2,4,29.2441
16.20001,4,40.9267
16.3,0,99.3433
16.30001,0,103.007
16.3,1,93.8673
16.30001,1,108.238
16.3,2,66.0254
16.30001,2,66.0254
16.3,3,93.8889
16.30001,3,76.0682
16.3,4,40.9267
16.30001,4,41.2744
16.4,0,103.007
16.40001,0,103.007
16.4,1,108.238
16.40001,1,108.238
16.4,2,66.0254
16.40001,2,66.0254
16.4,3,76.0682
16.40001,3,76.0682
16.4,4,41.2744
16.40001,4,41.2744
16.5,0,103.007
16.50001,0,103.007
16.5,1,108.238
16.50001,1,108.238
16.5,2,66.0254
16.50001,2,66.0254
16.5,3,76.0682
16.50001,3,76.0682
16.5,4,41.2744
16.50001,4,41.2744
16.6,0,103.007
16.60001,0,103.007
16.6,1,108.238
16.60001,1,131.101
16.6,2,66.0254
16.60001,2,66.0254
16.6,3,76.0682
16.60001,3,76.0682
16.6,4,41.2744
16.60001,4,35.5583
16.7,0,103.007
16.70001,0,118.334
16.7,1,131.101
16.70001,1,131.101
16.7,2,66.0254
16.70001,2,47.9071
16.7,3,76.0682
16.70001,3,56.5796
16.7,4,35.5583
16.70001,4,37.1973
16.8,0,118.334
16.80001,0,103.1
16.8,1,131.101
16.80001,1,129.97
16.8,2,47.9071
16.80001,2,47.9071
16.8,3,56.5796
16.80001,3,56.5796
16.8,4,37.1973
16.80001,4,37.1973
16.9,0,103.1
16.90001,0,116.32
16.9,1,129.97
16.90001,1,129.97
16.9,2,47.9071
16.90001,2,49.7764
16.9,3,56.5796
16.90001,3,56.5796
16.9,4,37.1973
16.90001,4,37.1973
17,0,116.32
17.00001,0,140.797
17,1,129.97
17.00001,1,129.97
17,2,49.7764
17.00001,2,49.7764
17,3,56.5796
17.00001,3,56.5796
17,4,37.1973
17.00001,4,18.4672
17.1,0,140.797
17.10001,0,128.217
17.1,1,129.97
17.10001,1,129.97
17.1,2,49.7764
17.10001,2,49.7764
17.1,3,56.5796
17.10001,3,53.2995
17.1,4,18.4672
17.10001,4,18.4672
17.2,0,128.217
17.20001,0,128.217
17.2,1,129.97
17.20001,1,127.286
17.2,2,49.7764
17.20001,2,49.7764
17.2,3,53.2995
17.20001,3,71.7153
17.2,4,18.4672
17.20001,4,18.4672
17.3,0,128.217
17.30001,0,143.63
17.3,1,127.286
17.30001,1,127.286
17.3,2,49.7764
17.30001,2,42.9026
17.3,3,71.7153
17.30001,3,48.996
17.3,4,18.4672
17.30001,4,39.1843
17.4,0,143.63
17.40001,0,143.63
17.4,1,127.286
17.40001,1,127.286
17.4,2,42.9026
17.40001,2,42.9026
17.4,3,48.996
17.40001,3,48.996
17.4,4,39.1843
17.40001,4,19.554
17.5,0,143.63
17.50001,0,143.63
17.5,1,127.286
17.50001,1,127.286
17.5,2,42.9026
17.50001,2,18.3598
17.5,3,48.996
17.50001,3,48.996
17.5,4,19.554
17.50001,4,19.554
17.6,0,143.63
17.60001,0,143.63
17.6,1,127.286
17.60001,1,127.286
17.6,2,18.3598
17.60001,2,21.8798
17.6,3,48.996
17.60001,3,48.996
17.6,4,19.554
17.60001,4,19.554
17.7,0,143.63
17.70001,0,125.842
17.7,1,127.286
17.70001,1,112.708
17.7,2,21.8798
17.70001,2,21.8798
17.7,3,48.996
17.70001,3,48.996
17.7,4,19.554
17.70001,4,5.53628
17.8,0,125.842
17.80001,0,125.842
17.8,1,112.708
17.80001,1,112.708
17.8,2,21.8798
17.80001,2,38.6229
17.8,3,48.996
17.80001,3,30.3297
17.8,4,5.53628
17.80001,4,0
17.9,0,125.842
17.90001,0,125.842
17.9,1,112.708
17.90001,1,112.708
17.9,2,38.6229
17.90001,2,53.8601
17.9,3,30.3297
17.90001,3,30.3297
17.9,4,0
17.90001,4,0
18,0,125.842
18.00001,0,125.842
18,1,112.708
18.00001,1,112.708
18,2,53.8601
18.00001,2,53.8601
18,3,30.3297
18.00001,3,30.3297
18,4,0
18.00001,4,0
18.1,0,125.842
18.10001,0,125.842
18.1,1,112.708
18.10001,1,112.708
18.1,2,53.8601
18.10001,2,53.8601
18.1,3,30.3297
18.10001,3,10.2099
18.1,4,0
18.10001,4,0
18.2,0,125.842
18.20001,0,125.842
18.2,1,112.708
18.20001,1,112.708
18.2,2,53.8601
18.20001,2,53.8601
18.2,3,10.2099
18.20001,3,10.2099
18.2,4,0
18.20001,4,0
18.3,0,125.842
18.30001,0,125.842
18.3,1,112.708
18.30001,1,112.708
18.3,2,53.8601
18.30001,2,62.3561
18.3,3,10.2099
18.30001,3,10.2099
18.3,4,0
18.30001,4,0
18.4,0,125.842
18.40001,0,148.377
18.4,1,112.708
18.40001,1,112.708
18.4,2,62.3561
18.40001,2,62.3561
18.4,3,10.2099
18.40001,3,21.8073
18.4,4,0
18.40001,4,0
18.5,0,148.377
18.50001,0,148.377
18.5,1,112.708
18.50001,1,119.844
18.5,2,62.3561
18.50001,2,62.3561
18.5,3,21.8073
18.50001,3,21.8073
18.5,4,0
18.50001,4,0
18.6,0,148.377
18.60001,0,148.377
18.6,1,119.844
18.60001,1,119.844
18.6,2,62.3561
18.60001,2,62.3561
18.6,3,21.8073
18.60001,3,21.8073
18.6,4,0
18.60001,4,0
18.7,0,148.377
18.70001,0,148.377
18.7,1,119.844
18.70001,1,107.165
18.7,2,62.3561
18.70001,2,62.3561
18.7,3,21.8073
18.70001,3,21.8073
18.7,4,0
18.70001,4,5.28573
18.8,0,148.377
18.80001,0,148.377
18.8,1,107.165
18.80001,1,107.165
18.8,2,62.3561
18.80001,2,54.5719
18.8,3,21.8073
18.80001,3,21.8073
18.8,4,5.28573
18.80001,4,5.28573
18.9,0,148.377
18.90001,0,148.377
18.9,1,107.165
18.90001,1,130.224
18.9,2,54.5719
18.90001,2,54.5719
18.9,3,21.8073
18.90001,3,21.8073
18.9,4,5.28573
18.90001,4,5.28573
19,0,148.377
19.00001,0,148.377
19,1,130.224
19.00001,1,130.224
19,2,54.5719
19.00001,2,54.5719
19,3,21.8073
19.00001,3,21.8073
19,4,5.28573
19.00001,4,5.28573
19.1,0,148.377
19.10001,0,148.377
19.1,1,130.224
19.10001,1,106.93
19.1,2,54.5719
19.10001,2,54.5719
19.1,3,21.8073
19.10001,3,15.7572
19.1,4,5.28573
19.10001,4,5.28573
19.2,0,148.377
19.20001,0,148.377
19.2,1,106.93
19.20001,1,101.764
19.2,2,54.5719
19.20001,2,31.1451
19.2,3,15.7572
19.20001,3,15.7572
19.2,4,5.28573
19.20001,4,5.28573
19.3,0,148.377
19.30001,0,148.377
19.3,1,101.764
19.30001,1,101.764
19.3,2,31.1451
19.30001,2,48.1827
19.3,3,15.7572
19.30001,3,26.7418
19.3,4,5.28573
19.30001,4,5.28573
19.4,0,148.377
19.40001,0,148.377
19.4,1,101.764
19.40001,1,101.764
19.4,2,48.1827
19.40001,2,33.4094
19.4,3,26.7418
19.40001,3,49.6431
19.4,4,5.28573
19.40001,4,0
19.5,0,148.377
19.50001,0,148.377
19.5,1,101.764
19.50001,1,101.764
19.5,2,33.4094
19.50001,2,33.4094
19.5,3,49.6431
19.50001,3,73.3066
19.5,4,0
19.50001,4,0
19.6,0,148.377
19.60001,0,148.377
19.6,1,101.764
19.60001,1,101.764
19.6,2,33.4094
19.60001,2,41.4624
19.6,3,73.3066
19.60001,3,75.9497
19.6,4,0
19.60001,4,3.22191
19.7,0,148.377
19.70001,0,148.377
19.7,1,101.764
19.70001,1,101.051
19.7,2,41.4624
19.70001,2,46.3249
19.7,3,75.9497
19.70001,3,75.9497
19.7,4,3.22191
19.70001,4,3.22191
19.8,0,148.377
19.80001,0,133.363
19.8,1,101.051
19.80001,1,101.051
19.8,2,46.3249
19.80001,2,46.3249
19.8,3,75.9497
19.80001,3,70.9224
19.8,4,3.22191
19.80001,4,3.22191
19.9,0,133.363
19.90001,0,154.849
19.9,1,101.051
19.90001,1,84.5358
19.9,2,46.3249
19.90001,2,46.3249
19.9,3,70.9224
19.90001,3,70.9224
19.9,4,3.22191
19.90001,4,17.7448
20,0,154.849
20.00001,0,154.849
20,1,84.5358
20.00001,1,84.5358
20,2,46.3249
20.00001,2,46.3249
20,3,70.9224
20.00001,3,70.9224
20,4,17.7448
20.00001,4,17.7448
20.1,0,154.849
20.10001,0,154.849
20.1,1,84.5358
20.10001,1,84.5358
20.1,2,46.3249
20.10001,2,46.3249
20.1,3,70.9224
20.10001,3,70.9224
20.1,4,17.7448
20.10001,4,17.7448
20.2,0,154.849
20.20001,0,154.849
20.2,1,84.5358
20.20001,1,84.5358
20.2,2,46.3249
20.20001,2,46.3249
20.2,3,70.9224
20.20001,3,70.9224
20.2,4,17.7448
20.20001,4,17.7448
20.3,0,154.849
20.30001,0,154.849
20.3,1,84.5358
20.30001,1,84.5358
20.3,2,46.3249
20.30001,2,46.3249
20.3,3,70.9224
20.30001,3,86.2146
20.3,4,17.7448
20.30001,4,24.5094
20.4,0,154.849
20.40001,0,179.152
20.4,1,84.5358
20.40001,1,64.8755
20.4,2,46.3249
20.40001,2,46.3249
20.4,3,86.2146
20.40001,3,86.2146
20.4,4,24.5094
20.40001,4,24.5094
20.5,0,179.152
20.50001,0,198.366
20.5,1,64.8755
20.50001,1,64.8755
20.5,2,46.3249
20.50001,2,46.3249
20.5,3,86.2146
20.50001,3,86.2146
20.5,4,24.5094
20.50001,4,24.5094
20.6,0,198.366
20.60001,0,198.366
20.6,1,64.8755
20.60001,1,64.8755
20.6,2,46.3249
20.60001,2,46.3249
20.6,3,86.2146
20.60001,3,86.2146
20.6,4,24.5094
20.60001,4,24.5094
20.7,0,198.366
20.70001,0,198.366
20.7,1,64.8755
20.70001,1,64.8755
20.7,2,46.3249
20.70001,2,46.3249
20.7,3,86.2146
20.70001,3,84.2739
20.7,4,24.5094
20.70001,4,24.5094
20.8,0,198.366
20.80001,0,195.696
20.8,1,64.8755
20.80001,1,64.8755
20.8,2,46.3249
20.80001,2,45.7933
20.8,3,84.2739
20.80001,3,84.2739
20.8,4,24.5094
20.80001,4,27.9845
20.9,0,195.696
20.90001,0,195.696
20.9,1,64.8755
20.90001,1,64.8755
20.9,2,45.7933
20.90001,2,22.4009
20.9,3,84.2739
20.90001,3,84.2739
20.9,4,27.9845
20.90001,4,27.9845
21,0,195.696
21.00001,0,195.696
21,1,64.8755
21.00001,1,64.8755
21,2,22.4009
21.00001,2,22.4009
21,3,84.2739
21.00001,3,71.338
21,4,27.9845
21.00001,4,27.9845
21.1,0,195.696
21.10001,0,190.09
21.1,1,64.8755
21.10001,1,74.5461
21.1,2,22.4009
21.10001,2,22.4009
21.1,3,71.338
21.10001,3,71.338
21.1,4,27.9845
21.10001,4,27.9845
21.2,0,190.09
21.20001,0,186.954
21.2,1,74.5461
21.20001,1,74.5461
21.2,2,22.4009
21.20001,2,22.4009
21.2,3,71.338
21.20001,3,71.338
21.2,4,27.9845
21.20001,4,27.9845
21.3,0,186.954
21.30001,0,186.954
21.3,1,74.5461
21.30001,1,74.5461
21.3,2,22.4009
21.30001,2,43.9862
21.3,3,71.338
21.30001,3,63.5559
21.3,4,27.9845
21.30001,4,49.096
21.4,0,186.954
21.40001,0,186.954
21.4,1,74.5461
21.40001,1,74.5461
21.4,2,43.9862
21.40001,2,43.9862
21.4,3,63.5559
21.40001,3,63.5559
21.4,4,49.096
21.40001,4,49.096
21.5,0,186.954
21.50001,0,186.954
21.5,1,74.5461
21.50001,1,74.5461
21.5,2,43.9862
21.50001,2,55.4722
21.5,3,63.5559
21.50001,3,63.5559
21.5,4,49.096
21.50001,4,49.096
21.6,0,186.954
21.60001,0,186.954
21.6,1,74.5461
21.60001,1,74.5461
21.6,2,55.4722
21.60001,2,55.4722
21.6,3,63.5559
21.60001,3,63.5559
21.6,4,49.096
21.60001,4,49.096
21.7,0,186.954
21.70001,0,209.976
21.7,1,74.5461
21.70001,1,74.5461
21.7,2,55.4722
21.70001,2,55.4722
21.7,3,63.5559
21.70001,3,84.7128
21.7,4,49.096
21.70001,4,53.8546
21.8,0,209.976
21.80001,0,211.226
21.8,1,74.5461
21.80001,1,74.5461
21.8,2,55.4722
21.80001,2,55.4722
21.8,3,84.7128
21.80001,3,84.7128
21.8,4,53.8546
21.80001,4,53.8546
21.9,0,211.226
21.90001,0,211.226
21.9,1,74.5461
21.90001,1,74.5461
21.9,2,55.4722
21.90001,2,55.4722
21.9,3,84.7128
21.90001,3,93.544
21.9,4,53.8546
21.90001,4,68.8461
22,0,211.226
22.00001,0,211.226
22,1,74.5461
22.00001,1,74.5461
22,2,55.4722
22.00001,2,70.7391
22,3,93.544
22.00001,3,93.544
22,4,68.8461
22.00001,4,77.5938
22.1,0,211.226
22.10001,0,220.001
22.1,1,74.5461
22.10001,1,69.7708
22.1,2,70.7391
22.10001,2,70.7391
22.1,3,93.544
22.10001,3,93.544
22.1,4,77.5938
22.10001,4,94.9686
22.2,0,220.001
22.20001,0,242.744
22.2,1,69.7708
22.20001,1,78.3361
22.2,2,70.7391
22.20001,2,90.7079
22.2,3,93.544
22.20001,3,115.975
22.2,4,94.9686
22.20001,4,94.9686
22.3,0,242.744
22.30001,0,242.744
22.3,1,78.3361
22.30001,1,97.9926
22.3,2,90.7079
22.30001,2,90.7079
22.3,3,115.975
22.30001,3,115.975
22.3,4,94.9686
22.30001,4,107.58
22.4,0,242.744
22.40001,0,242.744
22.4,1,97.9926
22.40001,1,97.9926
22.4,2,90.7079
22.40001,2,104.844
22.4,3,115.975
22.40001,3,115.975
22.4,4,107.58
22.40001,4,84.0941
22.5,0,242.744
22.50001,0,242.744
22.5,1,97.9926
22.50001,1,97.9926
22.5,2,104.844
22.50001,2,104.844
22.5,3,115.975
22.50001,3,115.975
22.5,4,84.0941
22.50001,4,69.813
22.6,0,242.744
22.60001,0,242.744
22.6,1,97.9926
22.60001,1,75.2083
22.6,2,104.844
22.60001,2,117.884
22.6,3,115.975
22.60001,3,115.975
22.6,4,69.813
22.60001,4,69.813
22.7,0,242.744
22.70001,0,242.744
22.7,1,75.2083
22.70001,1,75.2083
22.7,2,117.884
22.70001,2,117.884
22.7,3,115.975
22.70001,3,139.978
22.7,4,69.813
22.70001,4,69.813
22.8,0,242.744
22.80001,0,266.235
22.8,1,75.2083
22.80001,1,95.3378
22.8,2,117.884
22.80001,2,117.884
22.8,3,139.978
22.80001,3,139.978
22.8,4,69.813
22.80001,4,63.7297
22.9,0,266.235
22.90001,0,285.351
22.9,1,95.3378
22.90001,1,95.3378
22.9,2,117.884
22.90001,2,117.884
22.9,3,139.978
22.90001,3,139.978
22.9,4,63.7297
22.90001,4,63.7297
23,0,285.351
23.00001,0,285.351
23,1,95.3378
23.00001,1,95.3378
23,2,117.884
23.00001,2,117.884
23,3,139.978
23.00001,3,139.978
23,4,63.7297
23.00001,4,63.7297
23.1,0,285.351
23.10001,0,285.351
23.1,1,95.3378
23.10001,1,95.3378
23.1,2,117.884
23.10001,2,117.884
23.1,3,139.978
23.10001,3,139.978
23.1,4,63.7297
23.10001,4,63.7297
23.2,0,285.351
23.20001,0,285.351
23.2,1,95.3378
23.20001,1,95.3378
23.2,2,117.884
23.20001,2,126.867
23.2,3,139.978
23.20001,3,139.978
23.2,4,63.7297
23.20001,4,87.5341
23.3,0,285.351
23.30001,0,267.173
23.3,1,95.3378
23.30001,1,91.0456
23.3,2,126.867
23.30001,2,126.867
23.3,3,139.978
23.30001,3,139.978
23.3,4,87.5341
23.30001,4,67.3166
23.4,0,267.173
23.40001,0,287.464
23.4,1,91.0456
23.40001,1,91.0456
23.4,2,126.867
23.40001,2,116.722
23.4,3,139.978
23.40001,3,139.978
23.4,4,67.3166
23.40001,4,67.3166
23.5,0,287.464
23.50001,0,101.514
23.5,1,91.0456
23.50001,1,91.0456
23.5,2,116.722
23.50001,2,116.722
23.5,3,139.978
23.50001,3,139.978
23.5,4,67.3166
23.50001,4,81.7425
23.6,0,101.514
23.60001,0,108.639
23.6,1,91.0456
23.60001,1,88.625
23.6,2,116.722
23.60001,2,107.379
23.6,3,139.978
23.60001,3,139.978
23.6,4,81.7425
23.60001,4,81.7425
23.7,0,108.639
23.70001,0,108.639
23.7,1,88.625
23.70001,1,88.625
23.7,2,107.379
23.70001,2,95.5748
23.7,3,139.978
23.70001,3,157.816
23.7,4,81.7425
23.70001,4,81.7425
23.8,0,108.639
23.80001,0,108.639
23.8,1,88.625
23.80001,1,104.449
23.8,2,95.5748
23.80001,2,95.5748
23.8,3,157.816
23.80001,3,175.059
23.8,4,81.7425
23.80001,4,81.7425
23.9,0,108.639
23.90001,0,100.009
23.9,1,104.449
23.90001,1,104.449
23.9,2,95.5748
23.90001,2,95.5748
23.9,3,175.059
23.90001,3,181.646
23.9,4,81.7425
23.90001,4,81.7425
24,0,100.009
24.00001,0,100.009
24,1,104.449
24.00001,1,104.449
24,2,95.5748
24.00001,2,98.4029
24,3,181.646
24.00001,3,181.646
24,4,81.7425
24.00001,4,69.8811
24.1,0,100.009
24.10001,0,100.009
24.1,1,104.449
24.10001,1,112.724
24.1,2,98.4029
24.10001,2,98.4029
24.1,3,181.646
24.10001,3,181.646
24.1,4,69.8811
24.10001,4,59.4747
24.2,0,100.009
24.20001,0,99.7164
24.2,1,112.724
24.20001,1,135.939
24.2,2,98.4029
24.20001,2,98.4029
24.2,3,181.646
24.20001,3,181.646
24.2,4,59.4747
24.20001,4,59.4747
24.3,0,99.7164
24.30001,0,123.887
24.3,1,135.939
24.30001,1,135.939
24.3,2,98.4029
24.30001,2,98.4029
24.3,3,181.646
24.30001,3,181.646
24.3,4,59.4747
24.30001,4,59.4747
24.4,0,123.887
24.40001,0,123.887
24.4,1,135.939
24.40001,1,135.939
24.4,2,98.4029
24.40001,2,98.4029
24.4,3,181.646
24.40001,3,181.646
24.4,4,59.4747
24.40001,4,35.0058
24.5,0,123.887
24.50001,0,123.887
24.5,1,135.939
24.50001,1,135.939
24.5,2,98.4029
24.50001,2,98.4029
24.5,3,181.646
24.50001,3,181.646
24.5,4,35.0058
24.50001,4,35.0058
24.6,0,123.887
24.60001,0,123.887
24.6,1,135.939
24.60001,1,135.939
24.6,2,98.4029
24.60001,2,95.3319
24.6,3,181.646
24.60001,3,202.498
24.6,4,35.0058
24.60001,4,35.0058
24.7,0,123.887
24.70001,0,123.887
24.7,1,135.939
24.70001,1,135.939
24.7,2,95.3319
24.70001,2,95.3319
24.7,3,202.498
24.70001,3,202.498
24.7,4,35.0058
24.70001,4,36.7865
24.8,0,123.887
24.80001,0,123.887
24.8,1,135.939
24.80001,1,135.939
24.8,2,95.3319
24.80001,2,84.6509
24.8,3,202.498
24.80001,3,202.498
24.8,4,36.7865
24.80001,4,36.7865
24.9,0,123.887
24.90001,0,123.887
24.9,1,135.939
24.90001,1,135.939
24.9,2,84.6509
24.90001,2,82.0133
24.9,3,202.498
24.90001,3,202.498
24.9,4,36.7865
24.90001,4,36.7865
25,0,123.887
25.00001,0,123.887
25,1,135.939
25.00001,1,135.939
25,2,82.0133
25.00001,2,82.0133
25,3,202.498
25.00001,3,221.75
25,4,36.7865
25.00001,4,28.5861
25.1,0,123.887
25.10001,0,123.887
25.1,1,135.939
25.10001,1,146.717
25.1,2,82.0133
25.10001,2,82.0133
25.1,3,221.75
25.10001,3,221.75
25.1,4,28.5861
25.10001,4,28.5861
25.2,0,123.887
25.20001,0,123.887
25.2,1,146.717
25.20001,1,157.819
25.2,2,82.0133
25.20001,2,72.1718
25.2,3,221.75
25.20001,3,221.75
25.2,4,28.5861
25.20001,4,36.3249
25.3,0,123.887
25.30001,0,123.887
25.3,1,157.819
25.30001,1,157.819
25.3,2,72.1718
25.30001,2,72.1718
25.3,3,221.75
25.30001,3,221.75
25.3,4,36.3249
25.30001,4,36.3249
25.4,0,123.887
25.40001,0,123.887
25.4,1,157.819
25.40001,1,157.819
25.4,2,72.1718
25.40001,2,72.1718
25.4,3,221.75
25.40001,3,228.87
25.4,4,36.3249
25.40001,4,36.3249
25.5,0,123.887
25.50001,0,123.887
25.5,1,157.819
25.50001,1,157.819
25.5,2,72.1718
25.50001,2,55.2053
25.5,3,228.87
25.50001,3,235.277
25.5,4,36.3249
25.50001,4,36.3249
25.6,0,123.887
25.60001,0,123.887
25.6,1,157.819
25.60001,1,157.819
25.6,2,55.2053
25.60001,2,55.2053
25.6,3,235.277
25.60001,3,235.277
25.6,4,36.3249
25.60001,4,36.3249
25.7,0,123.887
25.70001,0,123.887
25.7,1,157.819
25.70001,1,150.936
25.7,2,55.2053
25.70001,2,60.6819
25.7,3,235.277
25.70001,3,255.144
25.7,4,36.3249
25.70001,4,36.3249
25.8,0,123.887
25.80001,0,123.887
25.8,1,150.936
25.80001,1,150.936
25.8,2,60.6819
25.80001,2,60.6819
25.8,3,255.144
25.80001,3,255.144
25.8,4,36.3249
25.80001,4,36.3249
25.9,0,123.887
25.90001,0,123.887
25.9,1,150.936
25.90001,1,150.936
25.9,2,60.6819
25.90001,2,60.6819
25.9,3,255.144
25.90001,3,255.144
25.9,4,36.3249
25.90001,4,36.3249
26,0,123.887
26.00001,0,123.887
26,1,150.936
26.00001,1,150.936
26,2,60.6819
26.00001,2,60.6819
26,3,255.144
26.00001,3,273.801
26,4,36.3249
26.00001,4,27.6849
26.1,0,123.887
26.10001,0,123.887
26.1,1,150.936
26.10001,1,150.936
26.1,2,60.6819
26.10001,2,67.5955
26.1,3,273.801
26.10001,3,273.801
26.1,4,27.6849
26.10001,4,27.6849
26.2,0,123.887
26.20001,0,123.887
26.2,1,150.936
26.20001,1,139.279
26.2,2,67.5955
26.20001,2,49.0308
26.2,3,273.801
26.20001,3,273.801
26.2,4,27.6849
26.20001,4,27.6849
26.3,0,123.887
26.30001,0,123.887
26.3,1,139.279
26.30001,1,139.279
26.3,2,49.0308
26.30001,2,67.8713
26.3,3,273.801
26.30001,3,273.801
26.3,4,27.6849
26.30001,4,27.6849
26.4,0,123.887
26.40001,0,123.887
26.4,1,139.279
26.40001,1,139.279
26.4,2,67.8713
26.40001,2,74.8338
26.4,3,273.801
26.40001,3,273.801
26.4,4,27.6849
26.40001,4,27.6849
26.5,0,123.887
26.50001,0,122.136
26.5,1,139.279
26.50001,1,134.418
26.5,2,74.8338
26.50001,2,93.0523
26.5,3,273.801
26.50001,3,273.801
26.5,4,27.6849
26.50001,4,11.4754
26.6,0,122.136
26.60001,0,107.725
26.6,1,134.418
26.60001,1,134.418
26.6,2,93.0523
26.60001,2,110.068
26.6,3,273.801
26.60001,3,273.801
26.6,4,11.4754
26.60001,4,11.4754
26.7,0,107.725
26.70001,0,107.725
26.7,1,134.418
26.70001,1,134.418
26.7,2,110.068
26.70001,2,93.321
26.7,3,273.801
26.70001,3,273.801
26.7,4,11.4754
26.70001,4,11.4754
26.8,0,107.725
26.80001,0,107.725
26.8,1,134.418
26.80001,1,146.349
26.8,2,93.321
26.80001,2,81.7099
26.8,3,273.801
26.80001,3,273.801
26.8,4,11.4754
26.80001,4,0
26.9,0,107.725
26.90001,0,107.725
26.9,1,146.349
26.90001,1,146.349
26.9,2,81.7099
26.90001,2,96.8984
26.9,3,273.801
26.90001,3,297.927
26.9,4,0
26.90001,4,0
27,0,107.725
27.00001,0,107.725
27,1,146.349
27.00001,1,139.2
27,2,96.8984
27.00001,2,96.8984
27,3,297.927
27.00001,3,104.499
27,4,0
27.00001,4,18.8156
27.1,0,107.725
27.10001,0,107.725
27.1,1,139.2
27.10001,1,139.2
27.1,2,96.8984
27.10001,2,75.2984
27.1,3,104.499
27.10001,3,104.499
27.1,4,18.8156
27.10001,4,7.53775
27.2,0,107.725
27.20001,0,107.725
27.2,1,139.2
27.20001,1,139.2
27.2,2,75.2984
27.20001,2,75.2984
27.2,3,104.499
27.20001,3,104.499
27.2,4,7.53775
27.20001,4,7.53775
27.3,0,107.725
27.30001,0,107.725
27.3,1,139.2
27.30001,1,139.2
27.3,2,75.2984
27.30001,2,75.2984
27.3,3,104.499
27.30001,3,104.499
27.3,4,7.53775
27.30001,4,7.53775
27.4,0,107.725
27.40001,0,83.2083
27.4,1,139.2
27.40001,1,139.2
27.4,2,75.2984
27.40001,2,75.2984
27.4,3,104.499
27.40001,3,104.499
27.4,4,7.53775
27.40001,4,0
27.5,0,83.2083
27.50001,0,83.2083
27.5,1,139.2
27.50001,1,139.2
27.5,2,75.2984
27.50001,2,75.2984
27.5,3,104.499
27.50001,3,104.499
27.5,4,0
27.50001,4,0
27.6,0,83.2083
27.60001,0,83.2083
27.6,1,139.2
27.60001,1,139.2
27.6,2,75.2984
27.60001,2,75.2984
27.6,3,104.499
27.60001,3,99.7732
27.6,4,0
27.60001,4,18.9223
27.7,0,83.2083
27.70001,0,59.8955
27.7,1,139.2
27.70001,1,139.2
27.7,2,75.2984
27.70001,2,75.2984
27.7,3,99.7732
27.70001,3,99.7732
27.7,4,18.9223
27.70001,4,18.9223
27.8,0,59.8955
27.80001,0,59.8955
27.8,1,139.2
27.80001,1,136.192
27.8,2,75.2984
27.80001,2,75.2984
27.8,3,99.7732
27.80001,3,99.7732
27.8,4,18.9223
27.80001,4,18.9223
27.9,0,59.8955
27.90001,0,54.8502
27.9,1,136.192
27.90001,1,136.192
27.9,2,75.2984
27.90001,2,56.2009
27.9,3,99.7732
27.90001,3,99.7732
27.9,4,18.9223
27.90001,4,18.9223
28,0,54.8502
28.00001,0,54.8502
28,1,136.192
28.00001,1,136.192
28,2,56.2009
28.00001,2,32.8373
28,3,99.7732
28.00001,3,99.7732
28,4,18.9223
28.00001,4,18.9223
28.1,0,54.8502
28.10001,0,54.8502
28.1,1,136.192
28.10001,1,136.192
28.1,2,32.8373
28.10001,2,32.8373
28.1,3,99.7732
28.10001,3,99.7732
28.1,4,18.9223
28.10001,4,36.4706
28.2,0,54.8502
28.20001,0,54.0612
28.2,1,136.192
28.20001,1,136.192
28.2,2,32.8373
28.20001,2,32.8373
28.2,3,99.7732
28.20001,3,99.7732
28.2,4,36.4706
28.20001,4,32.335
28.3,0,54.0612
28.30001,0,54.0612
28.3,1,136.192
28.30001,1,136.192
28.3,2,32.8373
28.30001,2,32.8373
28.3,3,99.7732
28.30001,3,99.7732
28.3,4,32.335
28.30001,4,32.335
28.4,0,54.0612
28.40001,0,54.0612
28.4,1,136.192
28.40001,1,136.192
28.4,2,32.8373
28.40001,2,32.8373
28.4,3,99.7732
28.40001,3,110.858
28.4,4,32.335
28.40001,4,32.335
28.5,0,54.0612
28.50001,0,61.1638
28.5,1,136.192
28.50001,1,112.293
28.5,2,32.8373
28.50001,2,48.8108
28.5,3,110.858
28.50001,3,110.858
28.5,4,32.335
28.50001,4,32.335
28.6,0,61.1638
28.60001,0,59.6498
28.6,1,112.293
28.60001,1,112.293
28.6,2,48.8108
28.60001,2,25.7868
28.6,3,110.858
28.60001,3,118.545
28.6,4,32.335
28.60001,4,32.335
28.7,0,59.6498
28.70001,0,59.6498
28.7,1,112.293
28.70001,1,111.732
28.7,2,25.7868
28.70001,2,25.7868
28.7,3,118.545
28.70001,3,118.545
28.7,4,32.335
28.70001,4,10.9768
28.8,0,59.6498
28.80001,0,83.8507
28.8,1,111.732
28.80001,1,111.732
28.8,2,25.7868
28.80001,2,25.7868
28.8,3,118.545
28.80001,3,116.064
28.8,4,10.9768
28.80001,4,10.9768
28.9,0,83.8507
28.90001,0,83.8507
28.9,1,111.732
28.90001,1,135.455
28.9,2,25.7868
28.90001,2,17.2019
28.9,3,116.064
28.90001,3,135.569
28.9,4,10.9768
28.90001,4,10.9768
29,0,83.8507
29.00001,0,71.2275
29,1,135.455
29.00001,1,145.972
29,2,17.2019
29.00001,2,15.3664
29,3,135.569
29.00001,3,135.569
29,4,10.9768
29.00001,4,14.6968
29.1,0,71.2275
29.10001,0,71.2275
29.1,1,145.972
29.10001,1,155.918
29.1,2,15.3664
29.10001,2,15.3664
29.1,3,135.569
29.10001,3,111.062
29.1,4,14.6968
29.10001,4,11.2466
29.2,0,71.2275
29.20001,0,71.2275
29.2,1,155.918
29.20001,1,155.918
29.2,2,15.3664
29.20001,2,15.3664
29.2,3,111.062
29.20001,3,111.062
29.2,4,11.2466
29.20001,4,11.2466
29.3,0,71.2275
29.30001,0,85.4544
29.3,1,155.918
29.30001,1,155.918
29.3,2,15.3664
29.30001,2,15.3664
29.3,3,111.062
29.30001,3,107.257
29.3,4,11.2466
29.30001,4,11.2466
29.4,0,85.4544
29.40001,0,85.4544
29.4,1,155.918
29.40001,1,155.918
29.4,2,15.3664
29.40001,2,28.7799
29.4,3,107.257
29.40001,3,107.257
29.4,4,11.2466
29.40001,4,11.2466
29.5,0,85.4544
29.50001,0,85.4544
29.5,1,155.918
29.50001,1,155.918
29.5,2,28.7799
29.50001,2,28.7799
29.5,3,107.257
29.50001,3,91.4663
29.5,4,11.2466
29.50001,4,27.8479
29.6,0,85.4544
29.60001,0,85.4544
29.6,1,155.918
29.60001,1,167.591
29.6,2,28.7799
29.60001,2,28.7799
29.6,3,91.4663
29.60001,3,91.4663
29.6,4,27.8479
29.60001,4,27.8479
29.7,0,85.4544
29.70001,0,83.8629
29.7,1,167.591
29.70001,1,154.398
29.7,2,28.7799
29.70001,2,28.7799
29.7,3,91.4663
29.70001,3,91.4663
29.7,4,27.8479
29.70001,4,27.8479
29.8,0,83.8629
29.80001,0,83.8629
29.8,1,154.398
29.80001,1,154.398
29.8,2,28.7799
29.80001,2,12.7448
29.8,3,91.4663
29.80001,3,91.4663
29.8,4,27.8479
29.80001,4,27.8479
29.9,0,83.8629
29.90001,0,83.8629
29.9,1,154.398
29.90001,1,154.398
29.9,2,12.7448
29.90001,2,12.7448
29.9,3,91.4663
29.90001,3,68.2283
29.9,4,27.8479
29.90001,4,27.8479
30,0,83.8629
30.00001,0,83.8629
30,1,154.398
30.00001,1,154.398
30,2,12.7448
30.00001,2,12.7448
30,3,68.2283
30.00001,3,84.1097
30,4,27.8479
30.00001,4,27.8479
30.1,0,83.8629
30.10001,0,83.8629
30.1,1,154.398
30.10001,1,134.487
30.1,2,12.7448
30.10001,2,12.7448
30.1,3,84.1097
30.10001,3,84.1097
30.1,4,27.8479
30.10001,4,27.8479
30.2,0,83.8629
30.20001,0,83.8629
30.2,1,134.487
30.20001,1,134.487
30.2,2,12.7448
30.20001,2,12.7448
30.2,3,84.1097
30.20001,3,84.1097
30.2,4,27.8479
30.20001,4,27.8479
30.3,0,83.8629
30.30001,0,83.8629
30.3,1,134.487
30.30001,1,134.487
30.3,2,12.7448
30.30001,2,12.7448
30.3,3,84.1097
30.30001,3,84.1097
30.3,4,27.8479
30.30001,4,27.8479
30.4,0,83.8629
30.40001,0,83.8629
30.4,1,134.487
30.40001,1,140.979
30.4,2,12.7448
30.40001,2,12.7448
30.4,3,84.1097
30.40001,3,84.1097
30.4,4,27.8479
30.40001,4,27.8479
30.5,0,83.8629
30.50001,0,83.8629
30.5,1,140.979
30.50001,1,144.376
30.5,2,12.7448
30.50001,2,12.7448
30.5,3,84.1097
30.50001,3,97.7259
30.5,4,27.8479
30.50001,4,27.8479
30.6,0,83.8629
30.60001,0,83.8629
30.6,1,144.376
30.60001,1,144.376
30.6,2,12.7448
30.60001,2,12.7448
30.6,3,97.7259
30.60001,3,97.7259
30.6,4,27.8479
30.60001,4,27.8479
30.7,0,83.8629
30.70001,0,83.8629
30.7,1,144.376
30.70001,1,144.376
30.7,2,12.7448
30.70001,2,12.7448
30.7,3,97.7259
30.70001,3,97.7259
30.7,4,27.8479
30.70001,4,20.6631
30.8,0,83.8629
30.80001,0,83.8629
30.8,1,144.376
30.80001,1,153.189
30.8,2,12.7448
30.80001,2,12.7448
30.8,3,97.7259
30.80001,3,97.7259
30.8,4,20.6631
30.80001,4,20.6631
30.9,0,83.8629
30.90001,0,83.8629
30.9,1,153.189
30.90001,1,151.475
30.9,2,12.7448
30.90001,2,12.7448
30.9,3,97.7259
30.90001,3,88.8328
30.9,4,20.6631
30.90001,4,10.4795
31,0,83.8629
31.00001,0,83.8629
31,1,151.475
31.00001,1,149.117
31,2,12.7448
31.00001,2,0
31,3,88.8328
31.00001,3,85.9773
31,4,10.4795
31.00001,4,10.4795
31.1,0,83.8629
31.10001,0,83.8629
31.1,1,149.117
31.10001,1,138.018
31.1,2,0
31.10001,2,0
31.1,3,85.9773
31.10001,3,77.1929
31.1,4,10.4795
31.10001,4,10.4795
31.2,0,83.8629
31.20001,0,83.8629
31.2,1,138.018
31.20001,1,127.059
31.2,2,0
31.20001,2,10.7543
31.2,3,77.1929
31.20001,3,77.1929
31.2,4,10.4795
31.20001,4,22.9404
31.3,0,83.8629
31.30001,0,102.287
31.3,1,127.059
31.30001,1,127.059
31.3,2,10.7543
31.30001,2,10.7543
31.3,3,77.1929
31.30001,3,77.1929
31.3,4,22.9404
31.30001,4,41.6928
31.4,0,102.287
31.40001,0,102.287
31.4,1,127.059
31.40001,1,127.059
31.4,2,10.7543
31.40001,2,10.7543
31.4,3,77.1929
31.40001,3,77.1929
31.4,4,41.6928
31.40001,4,35.4009
31.5,0,102.287
31.50001,0,82.381
31.5,1,127.059
31.50001,1,127.687
31.5,2,10.7543
31.50001,2,10.7543
31.5,3,77.1929
31.50001,3,77.1929
31.5,4,35.4009
31.50001,4,46.3647
31.6,0,82.381
31.60001,0,82.381
31.6,1,127.687
31.60001,1,138.66
31.6,2,10.7543
31.60001,2,10.7543
31.6,3,77.1929
31.60001,3,77.1929
31.6,4,46.3647
31.60001,4,57.2707
31.7,0,82.381
31.70001,0,82.381
31.7,1,138.66
31.70001,1,138.66
31.7,2,10.7543
31.70001,2,10.7543
31.7,3,77.1929
31.70001,3,93.9827
31.7,4,57.2707
31.70001,4,69.6831
31.8,0,82.381
31.80001,0,82.381
31.8,1,138.66
31.80001,1,138.66
31.8,2,10.7543
31.80001,2,21.6012
31.8,3,93.9827
31.80001,3,83.7467
31.8,4,69.6831
31.80001,4,69.6831
31.9,0,82.381
31.90001,0,86.0107
31.9,1,138.66
31.90001,1,138.66
31.9,2,21.6012
31.90001,2,29.5944
31.9,3,83.7467
31.90001,3,89.9632
31.9,4,69.6831
31.90001,4,69.6831
32,0,86.0107
32.00001,0,86.0107
32,1,138.66
32.00001,1,138.66
32,2,29.5944
32.00001,2,29.5944
32,3,89.9632
32.00001,3,89.9632
32,4,69.6831
32.00001,4,69.6831
32.1,0,86.0107
32.10001,0,86.0107
32.1,1,138.66
32.10001,1,138.66
32.1,2,29.5944
32.10001,2,45.6332
32.1,3,89.9632
32.10001,3,89.9632
32.1,4,69.6831
32.10001,4,69.6831
32.2,0,86.0107
32.20001,0,79.8156
32.2,1,138.66
32.20001,1,138.66
32.2,2,45.6332
32.20001,2,45.6332
32.2,3,89.9632
32.20001,3,101.607
32.2,4,69.6831
32.20001,4,69.6831
32.3,0,79.8156
32.30001,0,79.8156
32.3,1,138.66
32.30001,1,138.66
32.3,2,45.6332
32.30001,2,45.6332
32.3,3,101.607
32.30001,3,101.607
32.3,4,69.6831
32.30001,4,69.6831
32.4,0,79.8156
32.40001,0,79.8156
32.4,1,138.66
32.40001,1,138.66
32.4,2,45.6332
32.40001,2,45.6332
32.4,3,101.607
32.40001,3,109.449
32.4,4,69.6831
32.40001,4,69.6831
32.5,0,79.8156
32.50001,0,79.8156
32.5,1,138.66
32.50001,1,138.66
32.5,2,45.6332
32.50001,2,29.6184
32.5,3,109.449
32.50001,3,109.449
32.5,4,69.6831
32.50001,4,69.6831
32.6,0,79.8156
32.60001,0,79.8156
32.6,1,138.66
32.60001,1,138.66
32.6,2,29.6184
32.60001,2,20.8507
32.6,3,109.449
32.60001,3,109.449
32.6,4,69.6831
32.60001,4,69.6831
32.7,0,79.8156
32.70001,0,79.8156
32.7,1,138.66
32.70001,1,138.66
32.7,2,20.8507
32.70001,2,20.8507
32.7,3,109.449
32.70001,3,109.449
32.7,4,69.6831
32.70001,4,86.0576
32.8,0,79.8156
32.80001,0,79.8156
32.8,1,138.66
32.80001,1,138.66
32.8,2,20.8507
32.80001,2,14.1407
32.8,3,109.449
32.80001,3,109.449
32.8,4,86.0576
32.80001,4,86.0576
32.9,0,79.8156
32.90001,0,79.8156
32.9,1,138.66
32.90001,1,138.66
32.9,2,14.1407
32.90001,2,14.1407
32.9,3,109.449
32.90001,3,91.6443
32.9,4,86.0576
32.90001,4,86.0576
33,0,79.8156
33.00001,0,79.8156
33,1,138.66
33.00001,1,138.66
33,2,14.1407
33.00001,2,14.1407
33,3,91.6443
33.00001,3,91.6443
33,4,86.0576
33.00001,4,86.0576
33.1,0,79.8156
33.10001,0,79.8156
33.1,1,138.66
33.10001,1,138.66
33.1,2,14.1407
33.10001,2,14.1407
33.1,3,91.6443
33.10001,3,91.6443
33.1,4,86.0576
33.10001,4,106.567
33.2,0,79.8156
33.20001,0,79.8156
33.2,1,138.66
33.20001,1,138.66
33.2,2,14.1407
33.20001,2,14.1407
33.2,3,91.6443
33.20001,3,91.6443
33.2,4,106.567
33.20001,4,103.94
33.3,0,79.8156
33.30001,0,79.8156
33.3,1,138.66
33.30001,1,138.66
33.3,2,14.1407
33.30001,2,7.78843
33.3,3,91.6443
33.30001,3,91.6443
33.3,4,103.94
33.30001,4,103.94
33.4,0,79.8156
33.40001,0,79.8156
33.4,1,138.66
33.40001,1,138.66
33.4,2,7.78843
33.40001,2,15.7583
33.4,3,91.6443
33.40001,3,67.209
33.4,4,103.94
33.40001,4,103.94
33.5,0,79.8156
33.50001,0,79.8156
33.5,1,138.66
33.50001,1,152.381
33.5,2,15.7583
33.50001,2,15.7583
33.5,3,67.209
33.50001,3,67.209
33.5,4,103.94
33.50001,4,103.94
33.6,0,79.8156
33.60001,0,90.6235
33.6,1,152.381
33.60001,1,152.381
33.6,2,15.7583
33.60001,2,35.8612
33.6,3,67.209
33.60001,3,67.209
33.6,4,103.94
33.60001,4,123.449
33.7,0,90.6235
33.70001,0,90.6235
33.7,1,152.381
33.70001,1,166.821
33.7,2,35.8612
33.70001,2,47.8263
33.7,3,67.209
33.70001,3,59.2528
33.7,4,123.449
33.70001,4,123.449
33.8,0,90.6235
33.80001,0,90.6235
33.8,1,166.821
33.80001,1,166.821
33.8,2,47.8263
33.80001,2,54.8494
33.8,3,59.2528
33.80001,3,59.2528
33.8,4,123.449
33.80001,4,123.449
33.9,0,90.6235
33.90001,0,90.6235
33.9,1,166.821
33.90001,1,166.821
33.9,2,54.8494
33.90001,2,78.9544
33.9,3,59.2528
33.90001,3,80.9421
33.9,4,123.449
33.90001,4,123.449
34,0,90.6235
34.00001,0,90.6235
34,1,166.821
34.00001,1,166.821
34,2,78.9544
34.00001,2,91.9236
34,3,80.9421
34.00001,3,101.36
34,4,123.449
34.00001,4,123.449
34.1,0,90.6235
34.10001,0,90.6235
34.1,1,166.821
34.10001,1,179.489
34.1,2,91.9236
34.10001,2,91.9236
34.1,3,101.36
34.10001,3,101.36
34.1,4,123.449
34.10001,4,132.112
34.2,0,90.6235
34.20001,0,90.6235
34.2,1,179.489
34.20001,1,174.418
34.2,2,91.9236
34.20001,2,91.9236
34.2,3,101.36
34.20001,3,107.942
34.2,4,132.112
34.20001,4,132.112
34.3,0,90.6235
34.30001,0,65.9481
34.3,1,174.418
34.30001,1,150.974
34.3,2,91.9236
34.30001,2,72.4997
34.3,3,107.942
34.30001,3,107.942
34.3,4,132.112
34.30001,4,132.112
34.4,0,65.9481
34.40001,0,65.9481
34.4,1,150.974
34.40001,1,162.343
34.4,2,72.4997
34.40001,2,75.3601
34.4,3,107.942
34.40001,3,107.942
34.4,4,132.112
34.40001,4,132.112
34.5,0,65.9481
34.50001,0,65.9481
34.5,1,162.343
34.50001,1,162.343
34.5,2,75.3601
34.50001,2,75.3601
34.5,3,107.942
34.50001,3,107.942
34.5,4,132.112
34.50001,4,118.736
34.6,0,65.9481
34.60001,0,59.7571
34.6,1,162.343
34.60001,1,149.669
34.6,2,75.3601
34.60001,2,75.3601
34.6,3,107.942
34.60001,3,107.942
34.6,4,118.736
34.60001,4,134.141
34.7,0,59.7571
34.70001,0,41.9227
34.7,1,149.669
34.70001,1,149.669
34.7,2,75.3601
34.70001,2,56.1302
34.7,3,107.942
34.70001,3,107.942
34.7,4,134.141
34.70001,4,134.141
34.8,0,41.9227
34.80001,0,26.3364
34.8,1,149.669
34.80001,1,142.231
34.8,2,56.1302
34.80001,2,56.1302
34.8,3,107.942
34.80001,3,107.942
34.8,4,134.141
34.80001,4,124.475
34.9,0,26.3364
34.90001,0,9.52949
34.9,1,142.231
34.90001,1,142.375
34.9,2,56.1302
34.90001,2,56.1302
34.9,3,107.942
34.90001,3,117.814
34.9,4,124.475
34.90001,4,147.557
35,0,9.52949
35.00001,0,30.011
35,1,142.375
35.00001,1,142.375
35,2,56.1302
35.00001,2,56.1302
35,3,117.814
35.00001,3,117.814
35,4,147.557
35.00001,4,154.087
35.1,0,30.011
35.10001,0,30.011
35.1,1,142.375
35.10001,1,128.461
35.1,2,56.1302
35.10001,2,56.1302
35.1,3,117.814
35.10001,3,117.814
35.1,4,154.087
35.10001,4,136.299
35.2,0,30.011
35.20001,0,30.011
35.2,1,128.461
35.20001,1,103.911
35.2,2,56.1302
35.20001,2,56.1302
35.2,3,117.814
35.20001,3,117.814
35.2,4,136.299
35.20001,4,136.299
35.3,0,30.011
35.30001,0,46.1066
35.3,1,103.911
35.30001,1,103.911
35.3,2,56.1302
35.30001,2,56.1302
35.3,3,117.814
35.30001,3,117.814
35.3,4,136.299
35.30001,4,136.299
35.4,0,46.1066
35.40001,0,46.1066
35.4,1,103.911
35.40001,1,103.911
35.4,2,56.1302
35.40001,2,56.1302
35.4,3,117.814
35.40001,3,117.814
35.4,4,136.299
35.40001,4,144.128
35.5,0,46.1066
35.50001,0,46.1066
35.5,1,103.911
35.50001,1,103.911
35.5,2,56.1302
35.50001,2,56.1302
35.5,3,117.814
35.50001,3,126.719
35.5,4,144.128
35.50001,4,144.128
35.6,0,46.1066
35.60001,0,46.1066
35.6,1,103.911
35.60001,1,103.911
35.6,2,56.1302
35.60001,2,56.1302
35.6,3,126.719
35.60001,3,126.719
35.6,4,144.128
35.60001,4,137.019
35.7,0,46.1066
35.70001,0,62.7903
35.7,1,103.911
35.70001,1,97.5779
35.7,2,56.1302
35.70001,2,56.1302
35.7,3,126.719
35.70001,3,126.719
35.7,4,137.019
35.70001,4,137.019
35.8,0,62.7903
35.80001,0,73.6011
35.8,1,97.5779
35.80001,1,97.5779
35.8,2,56.1302
35.80001,2,62.7703
35.8,3,126.719
35.80001,3,129.228
35.8,4,137.019
35.80001,4,137.019
35.9,0,73.6011
35.90001,0,92.7051
35.9,1,97.5779
35.90001,1,79.9905
35.9,2,62.7703
35.90001,2,62.7703
35.9,3,129.228
35.90001,3,129.228
35.9,4,137.019
35.90001,4,137.019
36,0,92.7051
36.00001,0,72.8198
36,1,79.9905
36.00001,1,79.9905
36,2,62.7703
36.00001,2,59.2281
36,3,129.228
36.00001,3,152.324
36,4,137.019
36.00001,4,118.125
36.1,0,72.8198
36.10001,0,72.8198
36.1,1,79.9905
36.10001,1,79.9905
36.1,2,59.2281
36.10001,2,62.716
36.1,3,152.324
36.10001,3,152.324
36.1,4,118.125
36.10001,4,118.125
36.2,0,72.8198
36.20001,0,72.8198
36.2,1,79.9905
36.20001,1,80.4942
36.2,2,62.716
36.20001,2,62.716
36.2,3,152.324
36.20001,3,152.324
36.2,4,118.125
36.20001,4,118.125
36.3,0,72.8198
36.30001,0,72.8198
36.3,1,80.4942
36.30001,1,83.2382
36.3,2,62.716
36.30001,2,74.2672
36.3,3,152.324
36.30001,3,150.058
36.3,4,118.125
36.30001,4,122.004
36.4,0,72.8198
36.40001,0,75.283
36.4,1,83.2382
36.40001,1,83.2382
36.4,2,74.2672
36.40001,2,74.2672
36.4,3,150.058
36.40001,3,150.058
36.4,4,122.004
36.40001,4,122.004
36.5,0,75.283
36.50001,0,75.283
36.5,1,83.2382
36.50001,1,83.2382
36.5,2,74.2672
36.50001,2,74.2672
36.5,3,150.058
36.50001,3,150.058
36.5,4,122.004
36.50001,4,138.862
36.6,0,75.283
36.60001,0,75.0851
36.6,1,83.2382
36.60001,1,83.2382
36.6,2,74.2672
36.60001,2,53.3838
36.6,3,150.058
36.60001,3,150.058
36.6,4,138.862
36.60001,4,138.862
36.7,0,75.0851
36.70001,0,75.0851
36.7,1,83.2382
36.70001,1,83.2382
36.7,2,53.3838
36.70001,2,53.3838
36.7,3,150.058
36.70001,3,131.684
36.7,4,138.862
36.70001,4,138.862
36.8,0,75.0851
36.80001,0,75.0851
36.8,1,83.2382
36.80001,1,83.2382
36.8,2,53.3838
36.80001,2,40.2609
36.8,3,131.684
36.80001,3,131.684
36.8,4,138.862
36.80001,4,138.862
36.9,0,75.0851
36.90001,0,75.0851
36.9,1,83.2382
36.90001,1,83.2382
36.9,2,40.2609
36.90001,2,40.2609
36.9,3,131.684
36.90001,3,131.684
36.9,4,138.862
36.90001,4,138.862
37,0,75.0851
37.00001,0,75.0851
37,1,83.2382
37.00001,1,83.2382
37,2,40.2609
37.00001,2,40.2609
37,3,131.684
37.00001,3,131.684
37,4,138.862
37.00001,4,138.862
37.1,0,75.0851
37.10001,0,75.0851
37.1,1,83.2382
37.10001,1,67.7404
37.1,2,40.2609
37.10001,2,40.2609
37.1,3,131.684
37.10001,3,131.684
37.1,4,138.862
37.10001,4,138.862
37.2,0,75.0851
37.20001,0,75.0851
37.2,1,67.7404
37.20001,1,67.7404
37.2,2,40.2609
37.20001,2,40.2609
37.2,3,131.684
37.20001,3,146.542
37.2,4,138.862
37.20001,4,138.862
37.3,0,75.0851
37.30001,0,75.0851
37.3,1,67.7404
37.30001,1,81.4391
37.3,2,40.2609
37.30001,2,24.7688
37.3,3,146.542
37.30001,3,146.542
37.3,4,138.862
37.30001,4,138.862
37.4,0,75.0851
37.40001,0,75.0851
37.4,1,81.4391
37.40001,1,103.125
37.4,2,24.7688
37.40001,2,24.7688
37.4,3,146.542
37.40001,3,146.542
37.4,4,138.862
37.40001,4,138.862
37.5,0,75.0851
37.50001,0,75.0851
37.5,1,103.125
37.50001,1,103.125
37.5,2,24.7688
37.50001,2,24.7688
37.5,3,146.542
37.50001,3,146.542
37.5,4,138.862
37.50001,4,138.862
37.6,0,75.0851
37.60001,0,51.8454
37.6,1,103.125
37.60001,1,103.125
37.6,2,24.7688
37.60001,2,24.7688
37.6,3,146.542
37.60001,3,146.542
37.6,4,138.862
37.60001,4,127.487
37.7,0,51.8454
37.70001,0,51.8454
37.7,1,103.125
37.70001,1,99.0974
37.7,2,24.7688
37.70001,2,24.7688
37.7,3,146.542
37.70001,3,146.542
37.7,4,127.487
37.70001,4,127.487
37.8,0,51.8454
37.80001,0,51.8454
37.8,1,99.0974
37.80001,1,121.279
37.8,2,24.7688
37.80001,2,24.7688
37.8,3,146.542
37.80001,3,146.542
37.8,4,127.487
37.80001,4,127.487
37.9,0,51.8454
37.90001,0,51.8454
37.9,1,121.279
37.90001,1,121.279
37.9,2,24.7688
37.90001,2,24.7688
37.9,3,146.542
37.90001,3,146.542
37.9,4,127.487
37.90001,4,122.351
38,0,51.8454
38.00001,0,51.8454
38,1,121.279
38.00001,1,136.193
38,2,24.7688
38.00001,2,24.7688
38,3,146.542
38.00001,3,146.542
38,4,122.351
38.00001,4,122.351
38.1,0,51.8454
38.10001,0,51.8454
38.1,1,136.193
38.10001,1,136.193
38.1,2,24.7688
38.10001,2,24.7688
38.1,3,146.542
38.10001,3,146.542
38.1,4,122.351
38.10001,4,122.351
38.2,0,51.8454
38.20001,0,74.8602
38.2,1,136.193
38.20001,1,112.174
38.2,2,24.7688
38.20001,2,24.7688
38.2,3,146.542
38.20001,3,146.542
38.2,4,122.351
38.20001,4,122.351
38.3,0,74.8602
38.30001,0,85.6026
38.3,1,112.174
38.30001,1,112.174
38.3,2,24.7688
38.30001,2,24.7688
38.3,3,146.542
38.30001,3,131.673
38.3,4,122.351
38.30001,4,122.351
38.4,0,85.6026
38.40001,0,99.4518
38.4,1,112.174
38.40001,1,112.174
38.4,2,24.7688
38.40001,2,24.7688
38.4,3,131.673
38.40001,3,136.686
38.4,4,122.351
38.40001,4,122.351
38.5,0,99.4518
38.50001,0,99.4518
38.5,1,112.174
38.50001,1,112.174
38.5,2,24.7688
38.50001,2,24.7688
38.5,3,136.686
38.50001,3,136.686
38.5,4,122.351
38.50001,4,122.351
38.6,0,99.4518
38.60001,0,99.4518
38.6,1,112.174
38.60001,1,129.117
38.6,2,24.7688
38.60001,2,24.7688
38.6,3,136.686
38.60001,3,117.604
38.6,4,122.351
38.60001,4,122.351
38.7,0,99.4518
38.70001,0,117.767
38.7,1,129.117
38.70001,1,129.117
38.7,2,24.7688
38.70001,2,14.7973
38.7,3,117.604
38.70001,3,117.604
38.7,4,122.351
38.70001,4,122.351
38.8,0,117.767
38.80001,0,117.767
38.8,1,129.117
38.80001,1,129.117
38.8,2,14.7973
38.80001,2,24.0498
38.8,3,117.604
38.80001,3,117.604
38.8,4,122.351
38.80001,4,147.182
38.9,0,117.767
38.90001,0,117.767
38.9,1,129.117
38.90001,1,153.472
38.9,2,24.0498
38.90001,2,22.258
38.9,3,117.604
38.90001,3,117.604
38.9,4,147.182
38.90001,4,169.707
39,0,117.767
39.00001,0,122.183
39,1,153.472
39.00001,1,153.472
39,2,22.258
39.00001,2,5.93858
39,3,117.604
39.00001,3,117.604
39,4,169.707
39.00001,4,169.707
39.1,0,122.183
39.10001,0,122.183
39.1,1,153.472
39.10001,1,153.472
39.1,2,5.93858
39.10001,2,5.93858
39.1,3,117.604
39.10001,3,117.604
39.1,4,169.707
39.10001,4,169.707
39.2,0,122.183
39.20001,0,122.183
39.2,1,153.472
39.20001,1,153.472
39.2,2,5.93858
39.20001,2,5.93858
39.2,3,117.604
39.20001,3,117.604
39.2,4,169.707
39.20001,4,169.707
39.3,0,122.183
39.30001,0,122.183
39.3,1,153.472
39.30001,1,165.669
39.3,2,5.93858
39.30001,2,5.93858
39.3,3,117.604
39.30001,3,117.604
39.3,4,169.707
39.30001,4,169.707
39.4,0,122.183
39.40001,0,126.966
39.4,1,165.669
39.40001,1,165.669
39.4,2,5.93858
39.40001,2,5.93858
39.4,3,117.604
39.40001,3,117.604
39.4,4,169.707
39.40001,4,169.707
39.5,0,126.966
39.50001,0,126.966
39.5,1,165.669
39.50001,1,165.982
39.5,2,5.93858
39.50001,2,5.93858
39.5,3,117.604
39.50001,3,117.604
39.5,4,169.707
39.50001,4,169.707
39.6,0,126.966
39.60001,0,126.966
39.6,1,165.982
39.60001,1,165.982
39.6,2,5.93858
39.60001,2,5.93858
39.6,3,117.604
39.60001,3,138.646
39.6,4,169.707
39.60001,4,169.707
39.7,0,126.966
39.70001,0,126.966
39.7,1,165.982
39.70001,1,174.293
39.7,2,5.93858
39.70001,2,5.93858
39.7,3,138.646
39.70001,3,119.312
39.7,4,169.707
39.70001,4,169.707
39.8,0,126.966
39.80001,0,126.966
39.8,1,174.293
39.80001,1,178.354
39.8,2,5.93858
39.80001,2,5.93858
39.8,3,119.312
39.80001,3,119.312
39.8,4,169.707
39.80001,4,171.828
39.9,0,126.966
39.90001,0,139.905
39.9,1,178.354
39.90001,1,193.957
39.9,2,5.93858
39.90001,2,5.93858
39.9,3,119.312
39.90001,3,119.312
39.9,4,171.828
39.90001,4,171.828
40,0,139.905
40.00001,0,139.905
40,1,193.957
40.00001,1,174.544
40,2,5.93858
40.00001,2,5.93858
40,3,119.312
40.00001,3,119.312
40,4,171.828
40.00001,4,171.828
40.1,0,139.905
40.10001,0,139.905
40.1,1,174.544
40.10001,1,174.544
40.1,2,5.93858
40.10001,2,5.93858
40.1,3,119.312
40.10001,3,97.647
40.1,4,171.828
40.10001,4,171.828
40.2,0,139.905
40.20001,0,139.905
40.2,1,174.544
40.20001,1,174.544
40.2,2,5.93858
40.20001,2,5.93858
40.2,3,97.647
40.20001,3,77.5104
40.2,4,171.828
40.20001,4,171.828
40.3,0,139.905
40.30001,0,139.905
40.3,1,174.544
40.30001,1,174.544
40.3,2,5.93858
40.30001,2,5.93858
40.3,3,77.5104
40.30001,3,77.5104
40.3,4,171.828
40.30001,4,195.376
40.4,0,139.905
40.40001,0,159.545
40.4,1,174.544
40.40001,1,167.54
40.4,2,5.93858
40.40001,2,5.93858
40.4,3,77.5104
40.40001,3,60.9535
40.4,4,195.376
40.40001,4,195.376
40.5,0,159.545
40.50001,0,159.545
40.5,1,167.54
40.50001,1,172.596
40.5,2,5.93858
40.50001,2,5.93858
40.5,3,60.9535
40.50001,3,60.9535
40.5,4,195.376
40.50001,4,195.376
40.6,0,159.545
40.60001,0,167.266
40.6,1,172.596
40.60001,1,172.596
40.6,2,5.93858
40.60001,2,5.93858
40.6,3,60.9535
40.60001,3,60.9535
40.6,4,195.376
40.60001,4,195.376
40.7,0,167.266
40.70001,0,167.266
40.7,1,172.596
40.70001,1,172.596
40.7,2,5.93858
40.70001,2,11.8265
40.7,3,60.9535
40.70001,3,60.9535
40.7,4,195.376
40.70001,4,195.376
40.8,0,167.266
40.80001,0,167.266
40.8,1,172.596
40.80001,1,172.596
40.8,2,11.8265
40.80001,2,11.8265
40.8,3,60.9535
40.80001,3,60.9535
40.8,4,195.376
40.80001,4,195.376
40.9,0,167.266
40.90001,0,167.266
40.9,1,172.596
40.90001,1,172.596
40.9,2,11.8265
40.90001,2,11.8265
40.9,3,60.9535
40.90001,3,60.9535
40.9,4,195.376
40.90001,4,195.376
41,0,167.266
41.00001,0,167.266
41,1,172.596
41.00001,1,172.596
41,2,11.8265
41.00001,2,11.8265
41,3,60.9535
41.00001,3,60.9535
41,4,195.376
41.00001,4,200.375
41.1,0,167.266
41.10001,0,179.585
41.1,1,172.596
41.10001,1,171.362
41.1,2,11.8265
41.10001,2,11.8265
41.1,3,60.9535
41.10001,3,60.9535
41.1,4,200.375
41.10001,4,200.375
41.2,0,179.585
41.20001,0,179.585
41.2,1,171.362
41.20001,1,171.362
41.2,2,11.8265
41.20001,2,14.8013
41.2,3,60.9535
41.20001,3,60.9535
41.2,4,200.375
41.20001,4,200.375
41.3,0,179.585
41.30001,0,179.585
41.3,1,171.362
41.30001,1,171.362
41.3,2,14.8013
41.30001,2,14.8013
41.3,3,60.9535
41.30001,3,54.7735
41.3,4,200.375
41.30001,4,197.706
41.4,0,179.585
41.40001,0,179.585
41.4,1,171.362
41.40001,1,171.362
41.4,2,14.8013
41.40001,2,26.9203
41.4,3,54.7735
41.40001,3,69.2202
41.4,4,197.706
41.40001,4,173.749
41.5,0,179.585
41.50001,0,203.858
41.5,1,171.362
41.50001,1,182.737
41.5,2,26.9203
41.50001,2,26.9203
41.5,3,69.2202
41.50001,3,58.2546
41.5,4,173.749
41.50001,4,173.749
41.6,0,203.858
41.60001,0,207.498
41.6,1,182.737
41.60001,1,200.547
41.6,2,26.9203
41.60001,2,26.9203
41.6,3,58.2546
41.60001,3,58.2546
41.6,4,173.749
41.60001,4,173.749
41.7,0,207.498
41.70001,0,199.19
41.7,1,200.547
41.70001,1,206.216
41.7,2,26.9203
41.70001,2,26.9203
41.7,3,58.2546
41.70001,3,58.2546
41.7,4,173.749
41.70001,4,175.11
41.8,0,199.19
41.80001,0,199.19
41.8,1,206.216
41.80001,1,196.477
41.8,2,26.9203
41.80001,2,26.9203
41.8,3,58.2546
41.80001,3,49.1285
41.8,4,175.11
41.80001,4,171.912
41.9,0,199.19
41.90001,0,199.19
41.9,1,196.477
41.90001,1,200.006
41.9,2,26.9203
41.90001,2,26.9203
41.9,3,49.1285
41.90001,3,49.1285
41.9,4,171.912
41.90001,4,194.767
42,0,199.19
42.00001,0,218.201
42,1,200.006
42.00001,1,200.006
42,2,26.9203
42.00001,2,26.9203
42,3,49.1285
42.00001,3,34.4081
42,4,194.767
42.00001,4,194.767
42.1,0,218.201
42.10001,0,236.498
42.1,1,200.006
42.10001,1,200.006
42.1,2,26.9203
42.10001,2,26.9203
42.1,3,34.4081
42.10001,3,34.4081
42.1,4,194.767
42.10001,4,194.767
42.2,0,236.498
42.20001,0,236.498
42.2,1,200.006
42.20001,1,200.006
42.2,2,26.9203
42.20001,2,26.9203
42.2,3,34.4081
42.20001,3,34.4081
42.2,4,194.767
42.20001,4,171.17
42.3,0,236.498
42.30001,0,236.498
42.3,1,200.006
42.30001,1,200.006
42.3,2,26.9203
42.30001,2,40.5931
42.3,3,34.4081
42.30001,3,35.0604
42.3,4,171.17
42.30001,4,171.17
42.4,0,236.498
42.40001,0,236.498
42.4,1,200.006
42.40001,1,200.006
42.4,2,40.5931
42.40001,2,40.5931
42.4,3,35.0604
42.40001,3,45.2984
42.4,4,171.17
42.40001,4,171.17
42.5,0,236.498
42.50001,0,230.661
42.5,1,200.006
42.50001,1,175.713
42.5,2,40.5931
42.50001,2,40.5931
42.5,3,45.2984
42.50001,3,45.2984
42.5,4,171.17
42.50001,4,171.17
42.6,0,230.661
42.60001,0,230.661
42.6,1,175.713
42.60001,1,175.713
42.6,2,40.5931
42.60001,2,61.9361
42.6,3,45.2984
42.60001,3,45.2984
42.6,4,171.17
42.60001,4,171.17
42.7,0,230.661
42.70001,0,230.661
42.7,1,175.713
42.70001,1,175.713
42.7,2,61.9361
42.70001,2,61.9361
42.7,3,45.2984
42.70001,3,45.2984
42.7,4,171.17
42.70001,4,193.975
42.8,0,230.661
42.80001,0,230.661
42.8,1,175.713
42.80001,1,163.428
42.8,2,61.9361
42.80001,2,61.9361
42.8,3,45.2984
42.80001,3,54.092
42.8,4,193.975
42.80001,4,203.375
42.9,0,230.661
42.90001,0,230.661
42.9,1,163.428
42.90001,1,186.013
42.9,2,61.9361
42.90001,2,61.9361
42.9,3,54.092
42.90001,3,54.092
42.9,4,203.375
42.90001,4,203.375
43,0,230.661
43.00001,0,230.661
43,1,186.013
43.00001,1,186.013
43,2,61.9361
43.00001,2,71.1494
43,3,54.092
43.00001,3,45.4008
43,4,203.375
43.00001,4,192.295
43.1,0,230.661
43.10001,0,230.661
43.1,1,186.013
43.10001,1,187.712
43.1,2,71.1494
43.10001,2,66.1308
43.1,3,45.4008
43.10001,3,52.8112
43.1,4,192.295
43.10001,4,192.295
43.2,0,230.661
43.20001,0,230.661
43.2,1,187.712
43.20001,1,187.712
43.2,2,66.1308
43.20001,2,74.5627
43.2,3,52.8112
43.20001,3,51.379
43.2,4,192.295
43.20001,4,192.295
43.3,0,230.661
43.30001,0,243.191
43.3,1,187.712
43.30001,1,196.418
43.3,2,74.5627
43.30001,2,74.5627
43.3,3,51.379
43.30001,3,62.2719
43.3,4,192.295
43.30001,4,192.295
43.4,0,243.191
43.40001,0,243.191
43.4,1,196.418
43.40001,1,209.756
43.4,2,74.5627
43.40001,2,74.5627
43.4,3,62.2719
43.40001,3,62.2719
43.4,4,192.295
43.40001,4,177.93
43.5,0,243.191
43.50001,0,243.191
43.5,1,209.756
43.50001,1,209.756
43.5,2,74.5627
43.50001,2,67.9029
43.5,3,62.2719
43.50001,3,62.2719
43.5,4,177.93
43.50001,4,199.601
43.6,0,243.191
43.60001,0,243.663
43.6,1,209.756
43.60001,1,209.756
43.6,2,67.9029
43.60001,2,72.545
43.6,3,62.2719
43.60001,3,62.2719
43.6,4,199.601
43.60001,4,199.601
43.7,0,243.663
43.70001,0,243.663
43.7,1,209.756
43.70001,1,209.756
43.7,2,72.545
43.70001,2,72.545
43.7,3,62.2719
43.70001,3,76.1953
43.7,4,199.601
43.70001,4,199.601
43.8,0,243.663
43.80001,0,244.866
43.8,1,209.756
43.80001,1,209.756
43.8,2,72.545
43.80001,2,72.545
43.8,3,76.1953
43.80001,3,76.1953
43.8,4,199.601
43.80001,4,199.601
43.9,0,244.866
43.90001,0,244.866
43.9,1,209.756
43.90001,1,209.756
43.9,2,72.545
43.90001,2,72.545
43.9,3,76.1953
43.90001,3,76.1953
43.9,4,199.601
43.90001,4,199.601
44,0,244.866
44.00001,0,244.866
44,1,209.756
44.00001,1,209.756
44,2,72.545
44.00001,2,72.545
44,3,76.1953
44.00001,3,76.1953
44,4,199.601
44.00001,4,199.601
44.1,0,244.866
44.10001,0,259.179
44.1,1,209.756
44.10001,1,209.756
44.1,2,72.545
44.10001,2,48.7801
44.1,3,76.1953
44.10001,3,76.1953
44.1,4,199.601
44.10001,4,199.601
44.2,0,259.179
44.20001,0,259.179
44.2,1,209.756
44.20001,1,216.658
44.2,2,48.7801
44.20001,2,54.1088
44.2,3,76.1953
44.20001,3,76.1953
44.2,4,199.601
44.20001,4,199.601
44.3,0,259.179
44.30001,0,259.179
44.3,1,216.658
44.30001,1,216.658
44.3,2,54.1088
44.30001,2,31.4164
44.3,3,76.1953
44.30001,3,89.0296
44.3,4,199.601
44.30001,4,180.242
44.4,0,259.179
44.40001,0,259.179
44.4,1,216.658
44.40001,1,204.53
44.4,2,31.4164
44.40001,2,25.4937
44.4,3,89.0296
44.40001,3,66.2562
44.4,4,180.242
44.40001,4,180.242
44.5,0,259.179
44.50001,0,259.179
44.5,1,204.53
44.50001,1,202.617
44.5,2,25.4937
44.50001,2,45.1236
44.5,3,66.2562
44.50001,3,90.6502
44.5,4,180.242
44.50001,4,198.255
44.6,0,259.179
44.60001,0,267.707
44.6,1,202.617
44.60001,1,202.617
44.6,2,45.1236
44.60001,2,45.1236
44.6,3,90.6502
44.60001,3,90.6502
44.6,4,198.255
44.60001,4,197.443
44.7,0,267.707
44.70001,0,267.707
44.7,1,202.617
44.70001,1,202.617
44.7,2,45.1236
44.70001,2,26.4825
44.7,3,90.6502
44.70001,3,113.979
44.7,4,197.443
44.70001,4,197.443
44.8,0,267.707
44.80001,0,253.472
44.8,1,202.617
44.80001,1,202.617
44.8,2,26.4825
44.80001,2,26.4825
44.8,3,113.979
44.80001,3,113.979
44.8,4,197.443
44.80001,4,208.016
44.9,0,253.472
44.90001,0,230.585
44.9,1,202.617
44.90001,1,202.617
44.9,2,26.4825
44.90001,2,26.4825
44.9,3,113.979
44.90001,3,113.979
44.9,4,208.016
44.90001,4,208.016
45,0,230.585
45.00001,0,230.585
45,1,202.617
45.00001,1,202.617
45,2,26.4825
45.00001,2,26.4825
45,3,113.979
45.00001,3,113.979
45,4,208.016
45.00001,4,209.353
45.1,0,230.585
45.10001,0,231.523
45.1,1,202.617
45.10001,1,202.617
45.1,2,26.4825
45.10001,2,26.4825
45.1,3,113.979
45.10001,3,136.14
45.1,4,209.353
45.10001,4,195.509
45.2,0,231.523
45.20001,0,231.523
45.2,1,202.617
45.20001,1,202.617
45.2,2,26.4825
45.20001,2,26.4825
45.2,3,136.14
45.20001,3,136.14
45.2,4,195.509
45.20001,4,195.509
45.3,0,231.523
45.30001,0,231.523
45.3,1,202.617
45.30001,1,202.617
45.3,2,26.4825
45.30001,2,26.4825
45.3,3,136.14
45.30001,3,136.14
45.3,4,195.509
45.30001,4,195.509
45.4,0,231.523
45.40001,0,237.436
45.4,1,202.617
45.40001,1,202.617
45.4,2,26.4825
45.40001,2,26.4825
45.4,3,136.14
45.40001,3,136.14
45.4,4,195.509
45.40001,4,195.509
45.5,0,237.436
45.50001,0,256.612
45.5,1,202.617
45.50001,1,202.617
45.5,2,26.4825
45.50001,2,26.4825
45.5,3,136.14
45.50001,3,136.14
45.5,4,195.509
45.50001,4,195.509
45.6,0,256.612
45.60001,0,261.381
45.6,1,202.617
45.60001,1,202.617
45.6,2,26.4825
45.60001,2,26.4825
45.6,3,136.14
45.60001,3,116.272
45.6,4,195.509
45.60001,4,195.509
45.7,0,261.381
45.70001,0,261.381
45.7,1,202.617
45.70001,1,199.115
45.7,2,26.4825
45.70001,2,17.2928
45.7,3,116.272
45.70001,3,106.992
45.7,4,195.509
45.70001,4,200.757
45.8,0,261.381
45.80001,0,250.001
45.8,1,199.115
45.80001,1,176.915
45.8,2,17.2928
45.80001,2,11.7628
45.8,3,106.992
45.80001,3,106.992
45.8,4,200.757
45.80001,4,200.757
45.9,0,250.001
45.90001,0,250.001
45.9,1,176.915
45.90001,1,176.915
45.9,2,11.7628
45.90001,2,11.7628
45.9,3,106.992
45.90001,3,106.992
45.9,4,200.757
45.90001,4,200.757
46,0,250.001
46.00001,0,250.001
46,1,176.915
46.00001,1,176.915
46,2,11.7628
46.00001,2,11.7628
46,3,106.992
46.00001,3,106.992
46,4,200.757
46.00001,4,200.757
46.1,0,250.001
46.10001,0,251.536
46.1,1,176.915
46.10001,1,176.915
46.1,2,11.7628
46.10001,2,11.7628
46.1,3,106.992
46.10001,3,101.851
46.1,4,200.757
46.10001,4,200.757
46.2,0,251.536
46.20001,0,251.536
46.2,1,176.915
46.20001,1,181.296
46.2,2,11.7628
46.20001,2,11.7628
46.2,3,101.851
46.20001,3,102.465
46.2,4,200.757
46.20001,4,200.757
46.3,0,251.536
46.30001,0,238.701
46.3,1,181.296
46.30001,1,181.296
46.3,2,11.7628
46.30001,2,11.7628
46.3,3,102.465
46.30001,3,115.585
46.3,4,200.757
46.30001,4,200.757
46.4,0,238.701
46.40001,0,238.701
46.4,1,181.296
46.40001,1,181.296
46.4,2,11.7628
46.40001,2,15.4
46.4,3,115.585
46.40001,3,140.534
46.4,4,200.757
46.40001,4,200.757
46.5,0,238.701
46.50001,0,258.598
46.5,1,181.296
46.50001,1,170.37
46.5,2,15.4
46.50001,2,15.4
46.5,3,140.534
46.50001,3,140.534
46.5,4,200.757
46.50001,4,225.303
46.6,0,258.598
46.60001,0,258.598
46.6,1,170.37
46.60001,1,174.457
46.6,2,15.4
46.60001,2,15.4
46.6,3,140.534
46.60001,3,164.574
46.6,4,225.303
46.60001,4,219.546
46.7,0,258.598
46.70001,0,250.261
46.7,1,174.457
46.70001,1,174.457
46.7,2,15.4
46.70001,2,15.4
46.7,3,164.574
46.70001,3,164.574
46.7,4,219.546
46.70001,4,219.546
46.8,0,250.261
46.80001,0,250.784
46.8,1,174.457
46.80001,1,174.457
46.8,2,15.4
46.80001,2,15.4
46.8,3,164.574
46.80001,3,164.574
46.8,4,219.546
46.80001,4,219.546
46.9,0,250.784
46.90001,0,250.784
46.9,1,174.457
46.90001,1,174.457
46.9,2,15.4
46.90001,2,15.4
46.9,3,164.574
46.90001,3,164.574
46.9,4,219.546
46.90001,4,219.546
47,0,250.784
47.00001,0,246.91
47,1,174.457
47.00001,1,184.649
47,2,15.4
47.00001,2,15.4
47,3,164.574
47.00001,3,178.191
47,4,219.546
47.00001,4,219.546
47.1,0,246.91
47.10001,0,266.789
47.1,1,184.649
47.10001,1,184.649
47.1,2,15.4
47.10001,2,15.4
47.1,3,178.191
47.10001,3,178.191
47.1,4,219.546
47.10001,4,241.26
47.2,0,266.789
47.20001,0,266.789
47.2,1,184.649
47.20001,1,184.649
47.2,2,15.4
47.20001,2,0
47.2,3,178.191
47.20001,3,197.194
47.2,4,241.26
47.20001,4,241.26
47.3,0,266.789
47.30001,0,266.789
47.3,1,184.649
47.30001,1,193.991
47.3,2,0
47.30001,2,0
47.3,3,197.194
47.30001,3,197.194
47.3,4,241.26
47.30001,4,241.26
47.4,0,266.789
47.40001,0,266.789
47.4,1,193.991
47.40001,1,193.991
47.4,2,0
47.40001,2,0
47.4,3,197.194
47.40001,3,197.194
47.4,4,241.26
47.40001,4,241.26
47.5,0,266.789
47.50001,0,266.789
47.5,1,193.991
47.50001,1,212.734
47.5,2,0
47.50001,2,0
47.5,3,197.194
47.50001,3,210.918
47.5,4,241.26
47.50001,4,241.26
47.6,0,266.789
47.60001,0,266.789
47.6,1,212.734
47.60001,1,212.734
47.6,2,0
47.60001,2,0
47.6,3,210.918
47.60001,3,210.918
47.6,4,241.26
47.60001,4,241.26
47.7,0,266.789
47.70001,0,266.789
47.7,1,212.734
47.70001,1,212.734
47.7,2,0
47.70001,2,0
47.7,3,210.918
47.70001,3,210.918
47.7,4,241.26
47.70001,4,241.26
47.8,0,266.789
47.80001,0,266.789
47.8,1,212.734
47.80001,1,212.734
47.8,2,0
47.80001,2,0
47.8,3,210.918
47.80001,3,210.918
47.8,4,241.26
47.80001,4,241.26
47.9,0,266.789
47.90001,0,261.963
47.9,1,212.734
47.90001,1,231.951
47.9,2,0
47.90001,2,0
47.9,3,210.918
47.90001,3,210.918
47.9,4,241.26
47.90001,4,238.119
48,0,261.963
48.00001,0,253.445
48,1,231.951
48.00001,1,228.849
48,2,0
48.00001,2,0
48,3,210.918
48.00001,3,210.918
48,4,238.119
48.00001,4,238.119
48.1,0,253.445
48.10001,0,253.445
48.1,1,228.849
48.10001,1,241.472
48.1,2,0
48.10001,2,0
48.1,3,210.918
48.10001,3,233.789
48.1,4,238.119
48.10001,4,238.119
48.2,0,253.445
48.20001,0,253.445
48.2,1,241.472
48.20001,1,241.472
48.2,2,0
48.20001,2,0
48.2,3,233.789
48.20001,3,233.789
48.2,4,238.119
48.20001,4,232.147
48.3,0,253.445
48.30001,0,247.613
48.3,1,241.472
48.30001,1,237.875
48.3,2,0
48.30001,2,0
48.3,3,233.789
48.30001,3,217.611
48.3,4,232.147
48.30001,4,238.54
48.4,0,247.613
48.40001,0,259.97
48.4,1,237.875
48.40001,1,256.487
48.4,2,0
48.40001,2,0
48.4,3,217.611
48.40001,3,217.611
48.4,4,238.54
48.40001,4,238.54
48.5,0,259.97
48.50001,0,259.97
48.5,1,256.487
48.50001,1,256.487
48.5,2,0
48.50001,2,0
48.5,3,217.611
48.50001,3,200.127
48.5,4,238.54
48.50001,4,238.54
48.6,0,259.97
48.60001,0,259.97
48.6,1,256.487
48.60001,1,256.487
48.6,2,0
48.60001,2,0
48.6,3,200.127
48.60001,3,209.864
48.6,4,238.54
48.60001,4,262.725
48.7,0,259.97
48.70001,0,259.97
48.7,1,256.487
48.70001,1,256.528
48.7,2,0
48.70001,2,0
48.7,3,209.864
48.70001,3,185.892
48.7,4,262.725
48.70001,4,282.795
48.8,0,259.97
48.80001,0,259.049
48.8,1,256.528
48.80001,1,256.528
48.8,2,0
48.80001,2,0
48.8,3,185.892
48.80001,3,185.892
48.8,4,282.795
48.80001,4,282.795
48.9,0,259.049
48.90001,0,259.049
48.9,1,256.528
48.90001,1,256.528
48.9,2,0
48.90001,2,19.4337
48.9,3,185.892
48.90001,3,187.441
48.9,4,282.795
48.90001,4,282.795
49,0,259.049
49.00001,0,240.149
49,1,256.528
49.00001,1,256.528
49,2,19.4337
49.00001,2,19.4337
49,3,187.441
49.00001,3,202.834
49,4,282.795
49.00001,4,282.795
49.1,0,240.149
49.10001,0,240.149
49.1,1,256.528
49.10001,1,256.528
49.1,2,19.4337
49.10001,2,19.4337
49.1,3,202.834
49.10001,3,202.834
49.1,4,282.795
49.10001,4,282.795
49.2,0,240.149
49.20001,0,240.149
49.2,1,256.528
49.20001,1,256.528
49.2,2,19.4337
49.20001,2,19.4337
49.2,3,202.834
49.20001,3,224.553
49.2,4,282.795
49.20001,4,282.795
49.3,0,240.149
49.30001,0,240.149
49.3,1,256.528
49.30001,1,268.799
49.3,2,19.4337
49.30001,2,19.4337
49.3,3,224.553
49.30001,3,235.937
49.3,4,282.795
49.30001,4,100.402
49.4,0,240.149
49.40001,0,227.173
49.4,1,268.799
49.40001,1,268.799
49.4,2,19.4337
49.40001,2,19.4337
49.4,3,235.937
49.40001,3,221.833
49.4,4,100.402
49.40001,4,115.815
49.5,0,227.173
49.50001,0,227.173
49.5,1,268.799
49.50001,1,268.799
49.5,2,19.4337
49.50001,2,19.4337
49.5,3,221.833
49.50001,3,221.833
49.5,4,115.815
49.50001,4,115.815
49.6,0,227.173
49.60001,0,227.173
49.6,1,268.799
49.60001,1,278.567
49.6,2,19.4337
49.60001,2,19.4337
49.6,3,221.833
49.60001,3,221.833
49.6,4,115.815
49.60001,4,126.017
49.7,0,227.173
49.70001,0,227.173
49.7,1,278.567
49.70001,1,278.567
49.7,2,19.4337
49.70001,2,1.07564
49.7,3,221.833
49.70001,3,242.249
49.7,4,126.017
49.70001,4,126.017
49.8,0,227.173
49.80001,0,227.173
49.8,1,278.567
49.80001,1,278.567
49.8,2,1.07564
49.80001,2,1.07564
49.8,3,242.249
49.80001,3,227.545
49.8,4,126.017
49.80001,4,126.017
49.9,0,227.173
49.90001,0,229.586
49.9,1,278.567
49.90001,1,276.381
49.9,2,1.07564
49.90001,2,1.07564
49.9,3,227.545
49.90001,3,227.545
49.9,4,126.017
49.90001,4,136.184
50,0,229.586
50.00001,0,216.159
50,1,276.381
50.00001,1,276.381
50,2,1.07564
50.00001,2,1.07564
50,3,227.545
50.00001,3,227.545
50,4,136.184
50.00001,4,136.184
50.1,0,216.159
50.10001,0,216.159
50.1,1,276.381
50.10001,1,276.381
50.1,2,1.07564
50.10001,2,1.07564
50.1,3,227.545
50.10001,3,227.545
50.1,4,136.184
50.10001,4,127.86
50.2,0,216.159
50.20001,0,216.159
50.2,1,276.381
50.20001,1,293.815
50.2,2,1.07564
50.20001,2,1.07564
50.2,3,227.545
50.20001,3,227.545
50.2,4,127.86
50.20001,4,127.86
50.3,0,216.159
50.30001,0,216.159
50.3,1,293.815
50.30001,1,293.815
50.3,2,1.07564
50.30001,2,1.07564
50.3,3,227.545
50.30001,3,227.545
50.3,4,127.86
50.30001,4,127.86
50.4,0,216.159
50.40001,0,216.159
50.4,1,293.815
50.40001,1,293.815
50.4,2,1.07564
50.40001,2,22.3287
50.4,3,227.545
50.40001,3,227.545
50.4,4,127.86
50.40001,4,147.397
50.5,0,216.159
50.50001,0,216.159
50.5,1,293.815
50.50001,1,285.629
50.5,2,22.3287
50.50001,2,22.3287
50.5,3,227.545
50.50001,3,227.545
50.5,4,147.397
50.50001,4,146.26
50.6,0,216.159
50.60001,0,216.159
50.6,1,285.629
50.60001,1,285.629
50.6,2,22.3287
50.60001,2,22.3287
50.6,3,227.545
50.60001,3,227.545
50.6,4,146.26
50.60001,4,146.26
50.7,0,216.159
50.70001,0,216.159
50.7,1,285.629
50.70001,1,267.201
50.7,2,22.3287
50.70001,2,16.7034
50.7,3,227.545
50.70001,3,242.794
50.7,4,146.26
50.70001,4,121.335
50.8,0,216.159
50.80001,0,216.159
50.8,1,267.201
50.80001,1,267.201
50.8,2,16.7034
50.80001,2,16.7034
50.8,3,242.794
50.80001,3,242.794
50.8,4,121.335
50.80001,4,116.548
50.9,0,216.159
50.90001,0,216.159
50.9,1,267.201
50.90001,1,267.201
50.9,2,16.7034
50.90001,2,16.7034
50.9,3,242.794
50.90001,3,242.794
50.9,4,116.548
50.90001,4,129.958
51,0,216.159
51.00001,0,216.159
51,1,267.201
51.00001,1,267.201
51,2,16.7034
51.00001,2,16.7034
51,3,242.794
51.00001,3,242.794
51,4,129.958
51.00001,4,129.958
51.1,0,216.159
51.10001,0,216.159
51.1,1,267.201
51.10001,1,267.201
51.1,2,16.7034
51.10001,2,0
51.1,3,242.794
51.10001,3,248.392
51.1,4,129.958
51.10001,4,129.958
51.2,0,216.159
51.20001,0,216.159
51.2,1,267.201
51.20001,1,267.201
51.2,2,0
51.20001,2,0
51.2,3,248.392
51.20001,3,273.108
51.2,4,129.958
51.20001,4,107.643
51.3,0,216.159
51.30001,0,216.159
51.3,1,267.201
51.30001,1,267.201
51.3,2,0
51.30001,2,0
51.3,3,273.108
51.30001,3,273.108
51.3,4,107.643
51.30001,4,118.612
51.4,0,216.159
51.40001,0,216.159
51.4,1,267.201
51.40001,1,267.201
51.4,2,0
51.40001,2,0
51.4,3,273.108
51.40001,3,273.108
51.4,4,118.612
51.40001,4,118.612
51.5,0,216.159
51.50001,0,216.159
51.5,1,267.201
51.50001,1,267.201
51.5,2,0
51.50001,2,0
51.5,3,273.108
51.50001,3,273.108
51.5,4,118.612
51.50001,4,118.612
51.6,0,216.159
51.60001,0,234.963
51.6,1,267.201
51.60001,1,266.738
51.6,2,0
51.60001,2,0
51.6,3,273.108
51.60001,3,273.108
51.6,4,118.612
51.60001,4,118.612
51.7,0,234.963
51.70001,0,234.963
51.7,1,266.738
51.70001,1,271.387
51.7,2,0
51.70001,2,0
51.7,3,273.108
51.70001,3,273.108
51.7,4,118.612
51.70001,4,130.063
51.8,0,234.963
51.80001,0,234.963
51.8,1,271.387
51.80001,1,271.387
51.8,2,0
51.80001,2,0
51.8,3,273.108
51.80001,3,273.108
51.8,4,130.063
51.80001,4,147.88
51.9,0,234.963
51.90001,0,234.963
51.9,1,271.387
51.90001,1,284.299
51.9,2,0
51.90001,2,0
51.9,3,273.108
51.90001,3,294.345
51.9,4,147.88
51.90001,4,147.88
52,0,234.963
52.00001,0,234.963
52,1,284.299
52.00001,1,275.168
52,2,0
52.00001,2,0
52,3,294.345
52.00001,3,294.345
52,4,147.88
52.00001,4,147.88
52.1,0,234.963
52.10001,0,234.963
52.1,1,275.168
52.10001,1,275.168
52.1,2,0
52.10001,2,0
52.1,3,294.345
52.10001,3,294.345
52.1,4,147.88
52.10001,4,147.88
52.2,0,234.963
52.20001,0,256.996
52.2,1,275.168
52.20001,1,275.168
52.2,2,0
52.20001,2,0
52.2,3,294.345
52.20001,3,294.345
52.2,4,147.88
52.20001,4,163.734
52.3,0,256.996
52.30001,0,256.996
52.3,1,275.168
52.30001,1,280.74
52.3,2,0
52.30001,2,0
52.3,3,294.345
52.30001,3,294.345
52.3,4,163.734
52.30001,4,163.734
52.4,0,256.996
52.40001,0,256.996
52.4,1,280.74
52.40001,1,280.74
52.4,2,0
52.40001,2,0
52.4,3,294.345
52.40001,3,274.327
52.4,4,163.734
52.40001,4,163.734
52.5,0,256.996
52.50001,0,261.46
52.5,1,280.74
52.50001,1,280.74
52.5,2,0
52.50001,2,0
52.5,3,274.327
52.50001,3,274.327
52.5,4,163.734
52.50001,4,162.155
52.6,0,261.46
52.60001,0,261.46
52.6,1,280.74
52.60001,1,265.535
52.6,2,0
52.60001,2,0
52.6,3,274.327
52.60001,3,267.45
52.6,4,162.155
52.60001,4,162.155
52.7,0,261.46
52.70001,0,261.46
52.7,1,265.535
52.70001,1,265.535
52.7,2,0
52.70001,2,0
52.7,3,267.45
52.70001,3,253.187
52.7,4,162.155
52.70001,4,185.051
52.8,0,261.46
52.80001,0,261.46
52.8,1,265.535
52.80001,1,265.535
52.8,2,0
52.80001,2,0
52.8,3,253.187
52.80001,3,253.187
52.8,4,185.051
52.80001,4,185.051
52.9,0,261.46
52.90001,0,245.561
52.9,1,265.535
52.90001,1,265.535
52.9,2,0
52.90001,2,0
52.9,3,253.187
52.90001,3,270.238
52.9,4,185.051
52.90001,4,185.051
53,0,245.561
53.00001,0,246.538
53,1,265.535
53.00001,1,279.133
53,2,0
53.00001,2,0
53,3,270.238
53.00001,3,270.238
53,4,185.051
53.00001,4,207.937
53.1,0,246.538
53.10001,0,246.538
53.1,1,279.133
53.10001,1,279.133
53.1,2,0
53.10001,2,0
53.1,3,270.238
53.10001,3,270.238
53.1,4,207.937
53.10001,4,221.52
53.2,0,246.538
53.20001,0,246.538
53.2,1,279.133
53.20001,1,279.133
53.2,2,0
53.20001,2,0
53.2,3,270.238
53.20001,3,270.238
53.2,4,221.52
53.20001,4,221.52
53.3,0,246.538
53.30001,0,246.538
53.3,1,279.133
53.30001,1,279.133
53.3,2,0
53.30001,2,0
53.3,3,270.238
53.30001,3,270.238
53.3,4,221.52
53.30001,4,197.058
53.4,0,246.538
53.40001,0,246.538
53.4,1,279.133
53.40001,1,279.133
53.4,2,0
53.40001,2,0
53.4,3,270.238
53.40001,3,270.238
53.4,4,197.058
53.40001,4,197.058
53.5,0,246.538
53.50001,0,246.538
53.5,1,279.133
53.50001,1,279.133
53.5,2,0
53.50001,2,0
53.5,3,270.238
53.50001,3,270.238
53.5,4,197.058
53.50001,4,197.058
53.6,0,246.538
53.60001,0,244.23
53.6,1,279.133
53.60001,1,279.133
53.6,2,0
53.60001,2,22.1268
53.6,3,270.238
53.60001,3,290.78
53.6,4,197.058
53.60001,4,219.017
53.7,0,244.23
53.70001,0,244.23
53.7,1,279.133
53.70001,1,279.133
53.7,2,22.1268
53.70001,2,22.1268
53.7,3,290.78
53.70001,3,290.78
53.7,4,219.017
53.70001,4,195.018
53.8,0,244.23
53.80001,0,244.23
53.8,1,279.133
53.80001,1,279.133
53.8,2,22.1268
53.80001,2,31.2591
53.8,3,290.78
53.80001,3,290.78
53.8,4,195.018
53.80001,4,195.018
53.9,0,244.23
53.90001,0,244.23
53.9,1,279.133
53.90001,1,279.133
53.9,2,31.2591
53.90001,2,43.3024
53.9,3,290.78
53.90001,3,290.78
53.9,4,195.018
53.90001,4,180.089
54,0,244.23
54.00001,0,244.23
54,1,279.133
54.00001,1,276.187
54,2,43.3024
54.00001,2,43.3024
54,3,290.78
54.00001,3,290.78
54,4,180.089
54.00001,4,159.377
54.1,0,244.23
54.10001,0,244.23
54.1,1,276.187
54.10001,1,276.187
54.1,2,43.3024
54.10001,2,67.8337
54.1,3,290.78
54.10001,3,290.78
54.1,4,159.377
54.10001,4,159.377
54.2,0,244.23
54.20001,0,244.23
54.2,1,276.187
54.20001,1,276.187
54.2,2,67.8337
54.20001,2,89.0324
54.2,3,290.78
54.20001,3,290.78
54.2,4,159.377
54.20001,4,170.403
54.3,0,244.23
54.30001,0,244.23
54.3,1,276.187
54.30001,1,276.187
54.3,2,89.0324
54.30001,2,89.0324
54.3,3,290.78
54.30001,3,290.78
54.3,4,170.403
54.30001,4,170.403
54.4,0,244.23
54.40001,0,244.23
54.4,1,276.187
54.40001,1,276.187
54.4,2,89.0324
54.40001,2,89.0324
54.4,3,290.78
54.40001,3,104.589
54.4,4,170.403
54.40001,4,151.577
54.5,0,244.23
54.50001,0,244.23
54.5,1,276.187
54.50001,1,276.187
54.5,2,89.0324
54.50001,2,89.0324
54.5,3,104.589
54.50001,3,104.589
54.5,4,151.577
54.50001,4,151.577
54.6,0,244.23
54.60001,0,244.23
54.6,1,276.187
54.60001,1,276.187
54.6,2,89.0324
54.60001,2,72.2536
54.6,3,104.589
54.60001,3,122.01
54.6,4,151.577
54.60001,4,151.577
54.7,0,244.23
54.70001,0,244.23
54.7,1,276.187
54.70001,1,259.782
54.7,2,72.2536
54.70001,2,76.6057
54.7,3,122.01
54.70001,3,122.01
54.7,4,151.577
54.70001,4,151.577
54.8,0,244.23
54.80001,0,221.087
54.8,1,259.782
54.80001,1,283.057
54.8,2,76.6057
54.80001,2,56.8262
54.8,3,122.01
54.80001,3,122.01
54.8,4,151.577
54.80001,4,151.577
54.9,0,221.087
54.90001,0,221.087
54.9,1,283.057
54.90001,1,283.057
54.9,2,56.8262
54.90001,2,56.8262
54.9,3,122.01
54.90001,3,122.01
54.9,4,151.577
54.90001,4,151.577
55,0,221.087
55.00001,0,234.248
55,1,283.057
55.00001,1,283.057
55,2,56.8262
55.00001,2,56.8262
55,3,122.01
55.00001,3,115.318
55,4,151.577
55.00001,4,151.577
55.1,0,234.248
55.10001,0,234.248
55.1,1,283.057
55.10001,1,292.121
55.1,2,56.8262
55.10001,2,56.8262
55.1,3,115.318
55.10001,3,95.5049
55.1,4,151.577
55.10001,4,151.577
55.2,0,234.248
55.20001,0,251.508
55.2,1,292.121
55.20001,1,292.121
55.2,2,56.8262
55.20001,2,32.9001
55.2,3,95.5049
55.20001,3,72.2589
55.2,4,151.577
55.20001,4,151.577
55.3,0,251.508
55.30001,0,251.508
55.3,1,292.121
55.30001,1,292.121
55.3,2,32.9001
55.30001,2,32.9001
55.3,3,72.2589
55.30001,3,61.7251
55.3,4,151.577
55.30001,4,151.577
55.4,0,251.508
55.40001,0,238.113
55.4,1,292.121
55.40001,1,277.422
55.4,2,32.9001
55.40001,2,41.3847
55.4,3,61.7251
55.40001,3,61.7251
55.4,4,151.577
55.40001,4,151.577
55.5,0,238.113
55.50001,0,252.611
55.5,1,277.422
55.50001,1,277.422
55.5,2,41.3847
55.50001,2,20.0147
55.5,3,61.7251
55.50001,3,78.3877
55.5,4,151.577
55.50001,4,136.867
55.6,0,252.611
55.60001,0,274.571
55.6,1,277.422
55.60001,1,293.083
55.6,2,20.0147
55.60001,2,0
55.6,3,78.3877
55.60001,3,78.3877
55.6,4,136.867
55.60001,4,136.867
55.7,0,274.571
55.70001,0,274.571
55.7,1,293.083
55.70001,1,293.083
55.7,2,0
55.70001,2,0
55.7,3,78.3877
55.70001,3,78.3877
55.7,4,136.867
55.70001,4,112.199
55.8,0,274.571
55.80001,0,274.571
55.8,1,293.083
55.80001,1,274.872
55.8,2,0
55.80001,2,0
55.8,3,78.3877
55.80001,3,78.3877
55.8,4,112.199
55.80001,4,112.199
55.9,0,274.571
55.90001,0,274.571
55.9,1,274.872
55.90001,1,274.872
55.9,2,0
55.90001,2,0
55.9,3,78.3877
55.90001,3,78.3877
55.9,4,112.199
55.90001,4,128.236
56,0,274.571
56.00001,0,274.571
56,1,274.872
56.00001,1,270.74
56,2,0
56.00001,2,0
56,3,78.3877
56.00001,3,78.3877
56,4,128.236
56.00001,4,128.236
56.1,0,274.571
56.10001,0,276.825
56.1,1,270.74
56.10001,1,270.74
56.1,2,0
56.10001,2,0
56.1,3,78.3877
56.10001,3,78.3877
56.1,4,128.236
56.10001,4,113.571
56.2,0,276.825
56.20001,0,276.825
56.2,1,270.74
56.20001,1,265.033
56.2,2,0
56.20001,2,4.61348
56.2,3,78.3877
56.20001,3,78.3877
56.2,4,113.571
56.20001,4,113.571
56.3,0,276.825
56.30001,0,276.825
56.3,1,265.033
56.30001,1,265.033
56.3,2,4.61348
56.30001,2,0
56.3,3,78.3877
56.30001,3,78.3877
56.3,4,113.571
56.30001,4,113.571
56.4,0,276.825
56.40001,0,276.825
56.4,1,265.033
56.40001,1,265.033
56.4,2,0
56.40001,2,0.838857
56.4,3,78.3877
56.40001,3,78.3877
56.4,4,113.571
56.40001,4,113.571
56.5,0,276.825
56.50001,0,293.81
56.5,1,265.033
56.50001,1,265.033
56.5,2,0.838857
56.50001,2,0.838857
56.5,3,78.3877
56.50001,3,69.6553
56.5,4,113.571
56.50001,4,125.948
56.6,0,293.81
56.60001,0,293.81
56.6,1,265.033
56.60001,1,265.033
56.6,2,0.838857
56.60001,2,0.838857
56.6,3,69.6553
56.60001,3,56.289
56.6,4,125.948
56.60001,4,125.948
56.7,0,293.81
56.70001,0,293.81
56.7,1,265.033
56.70001,1,254.671
56.7,2,0.838857
56.70001,2,0.838857
56.7,3,56.289
56.70001,3,55.5336
56.7,4,125.948
56.70001,4,125.948
56.8,0,293.81
56.80001,0,101.261
56.8,1,254.671
56.80001,1,254.671
56.8,2,0.838857
56.80001,2,12.6695
56.8,3,55.5336
56.80001,3,55.5336
56.8,4,125.948
56.80001,4,125.948
56.9,0,101.261
56.90001,0,93.9455
56.9,1,254.671
56.90001,1,276.103
56.9,2,12.6695
56.90001,2,12.6695
56.9,3,55.5336
56.90001,3,59.5153
56.9,4,125.948
56.90001,4,117.707
57,0,93.9455
57.00001,0,93.9455
57,1,276.103
57.00001,1,276.103
57,2,12.6695
57.00001,2,12.6695
57,3,59.5153
57.00001,3,59.5153
57,4,117.707
57.00001,4,117.707
57.1,0,93.9455
57.10001,0,85.2008
57.1,1,276.103
57.10001,1,274.962
57.1,2,12.6695
57.10001,2,12.6695
57.1,3,59.5153
57.10001,3,59.5153
57.1,4,117.707
57.10001,4,125.087
57.2,0,85.2008
57.20001,0,89.2057
57.2,1,274.962
57.20001,1,274.962
57.2,2,12.6695
57.20001,2,24.9027
57.2,3,59.5153
57.20001,3,65.9498
57.2,4,125.087
57.20001,4,125.087
57.3,0,89.2057
57.30001,0,72.0959
57.3,1,274.962
57.30001,1,274.962
57.3,2,24.9027
57.30001,2,28.1655
57.3,3,65.9498
57.30001,3,89.1646
57.3,4,125.087
57.30001,4,125.087
57.4,0,72.0959
57.40001,0,96.3515
57.4,1,274.962
57.40001,1,274.962
57.4,2,28.1655
57.40001,2,28.1655
57.4,3,89.1646
57.40001,3,89.1646
57.4,4,125.087
57.40001,4,125.087
57.5,0,96.3515
57.50001,0,114.436
57.5,1,274.962
57.50001,1,274.962
57.5,2,28.1655
57.50001,2,28.1655
57.5,3,89.1646
57.50001,3,89.1646
57.5,4,125.087
57.50001,4,144.847
57.6,0,114.436
57.60001,0,114.436
57.6,1,274.962
57.60001,1,274.962
57.6,2,28.1655
57.60001,2,5.89282
57.6,3,89.1646
57.60001,3,97.4481
57.6,4,144.847
57.60001,4,144.847
57.7,0,114.436
57.70001,0,114.436
57.7,1,274.962
57.70001,1,274.962
57.7,2,5.89282
57.70001,2,13.9601
57.7,3,97.4481
57.70001,3,101.41
57.7,4,144.847
57.70001,4,144.847
57.8,0,114.436
57.80001,0,114.436
57.8,1,274.962
57.80001,1,274.962
57.8,2,13.9601
57.80001,2,13.9601
57.8,3,101.41
57.80001,3,83.8419
57.8,4,144.847
57.80001,4,144.847
57.9,0,114.436
57.90001,0,114.436
57.9,1,274.962
57.90001,1,274.962
57.9,2,13.9601
57.90001,2,13.9601
57.9,3,83.8419
57.90001,3,83.8419
57.9,4,144.847
57.90001,4,144.847
58,0,114.436
58.00001,0,105.051
58,1,274.962
58.00001,1,274.962
58,2,13.9601
58.00001,2,13.9601
58,3,83.8419
58.00001,3,83.8419
58,4,144.847
58.00001,4,144.847
58.1,0,105.051
58.10001,0,105.051
58.1,1,274.962
58.10001,1,274.962
58.1,2,13.9601
58.10001,2,18.8899
58.1,3,83.8419
58.10001,3,83.8419
58.1,4,144.847
58.10001,4,144.847
58.2,0,105.051
58.20001,0,108.245
58.2,1,274.962
58.20001,1,274.962
58.2,2,18.8899
58.20001,2,18.8899
58.2,3,83.8419
58.20001,3,83.8419
58.2,4,144.847
58.20001,4,144.847
58.3,0,108.245
58.30001,0,108.245
58.3,1,274.962
58.30001,1,274.962
58.3,2,18.8899
58.30001,2,21.4413
58.3,3,83.8419
58.30001,3,83.8419
58.3,4,144.847
58.30001,4,144.847
58.4,0,108.245
58.40001,0,108.245
58.4,1,274.962
58.40001,1,274.962
58.4,2,21.4413
58.40001,2,21.4413
58.4,3,83.8419
58.40001,3,83.8419
58.4,4,144.847
58.40001,4,163.361
58.5,0,108.245
58.50001,0,108.245
58.5,1,274.962
58.50001,1,274.962
58.5,2,21.4413
58.50001,2,21.4413
58.5,3,83.8419
58.50001,3,92.875
58.5,4,163.361
58.50001,4,163.361
58.6,0,108.245
58.60001,0,128.131
58.6,1,274.962
58.60001,1,284.689
58.6,2,21.4413
58.60001,2,29.0507
58.6,3,92.875
58.60001,3,92.875
58.6,4,163.361
58.60001,4,176.15
58.7,0,128.131
58.70001,0,133.618
58.7,1,284.689
58.70001,1,284.689
58.7,2,29.0507
58.70001,2,29.0507
58.7,3,92.875
58.70001,3,96.712
58.7,4,176.15
58.70001,4,176.15
58.8,0,133.618
58.80001,0,133.618
58.8,1,284.689
58.80001,1,293.697
58.8,2,29.0507
58.80001,2,29.0507
58.8,3,96.712
58.80001,3,87.7706
58.8,4,176.15
58.80001,4,153.982
58.9,0,133.618
58.90001,0,133.618
58.9,1,293.697
58.90001,1,293.697
58.9,2,29.0507
58.90001,2,29.0507
58.9,3,87.7706
58.90001,3,87.7706
58.9,4,153.982
58.90001,4,153.982
59,0,133.618
59.00001,0,137.866
59,1,293.697
59.00001,1,286.718
59,2,29.0507
59.00001,2,16.5451
59,3,87.7706
59.00001,3,86.5054
59,4,153.982
59.00001,4,153.982
59.1,0,137.866
59.10001,0,137.866
59.1,1,286.718
59.10001,1,285.684
59.1,2,16.5451
59.10001,2,16.5451
59.1,3,86.5054
59.10001,3,86.5054
59.1,4,153.982
59.10001,4,153.982
59.2,0,137.866
59.20001,0,137.43
59.2,1,285.684
59.20001,1,285.889
59.2,2,16.5451
59.20001,2,36.6361
59.2,3,86.5054
59.20001,3,86.5054
59.2,4,153.982
59.20001,4,142.733
59.3,0,137.43
59.30001,0,137.43
59.3,1,285.889
59.30001,1,268.803
59.3,2,36.6361
59.30001,2,32.7929
59.3,3,86.5054
59.30001,3,66.4017
59.3,4,142.733
59.30001,4,145.367
59.4,0,137.43
59.40001,0,123.567
59.4,1,268.803
59.40001,1,256.89
59.4,2,32.7929
59.40001,2,32.7929
59.4,3,66.4017
59.40001,3,66.4017
59.4,4,145.367
59.40001,4,166.641
59.5,0,123.567
59.50001,0,123.567
59.5,1,256.89
59.50001,1,256.89
59.5,2,32.7929
59.50001,2,32.7929
59.5,3,66.4017
59.50001,3,66.4017
59.5,4,166.641
59.50001,4,180.618
59.6,0,123.567
59.60001,0,142.355
59.6,1,256.89
59.60001,1,256.89
59.6,2,32.7929
59.60001,2,32.7929
59.6,3,66.4017
59.60001,3,66.4017
59.6,4,180.618
59.60001,4,180.618
59.7,0,142.355
59.70001,0,142.355
59.7,1,256.89
59.70001,1,256.89
59.7,2,32.7929
59.70001,2,32.7929
59.7,3,66.4017
59.70001,3,60.1205
59.7,4,180.618
59.70001,4,180.618
59.8,0,142.355
59.80001,0,142.355
59.8,1,256.89
59.80001,1,256.89
59.8,2,32.7929
59.80001,2,34.4354
59.8,3,60.1205
59.80001,3,60.1205
59.8,4,180.618
59.80001,4,180.618
59.9,0,142.355
59.90001,0,135.563
59.9,1,256.89
59.90001,1,251.7
59.9,2,34.4354
59.90001,2,34.4354
59.9,3,60.1205
59.90001,3,70.1186
59.9,4,180.618
59.90001,4,180.618
60,0,135.563
60.00001,0,158.531
60,1,251.7
60.00001,1,251.7
60,2,34.4354
60.00001,2,34.4354
60,3,70.1186
60.00001,3,70.1186
60,4,180.618
60.00001,4,180.618
