simTime,MCC_idx,packet_is_loss
0.10001024,0,0
0.10001024,1,0
0.10001024,2,0
0.10001024,3,0
0.10001024,4,0
0.20001024,0,0
0.20001024,1,0
0.20001024,2,0
0.20001024,3,0
0.20001024,4,0
0.30001024,0,0
0.30001024,1,0
0.30001024,2,0
0.30001024,3,0
0.30001024,4,0
0.40001024,0,0
0.40001024,1,0
0.40001024,2,0
0.40001024,3,0
0.40001024,4,0
0.50001024,0,0
0.50001024,1,0
0.50001024,2,0
0.50001024,3,0
0.50001024,4,0
0.60001024,0,0
0.60001024,1,0
0.60001024,2,0
0.60001024,3,0
0.60001024,4,0
0.70001024,0,0
0.70001024,1,0
0.70001024,2,0
0.70001024,3,0
0.70001024,4,0
0.80001024,0,0
0.80001024,1,0
0.80001024,2,0
0.80001024,3,0
0.80001024,4,0
0.90001024,0,0
0.90001024,1,0
0.90001024,2,0
0.90001024,3,0
0.90001024,4,0
1.00001024,0,0
1.00001024,1,0
1.00001024,2,0
1.00001024,3,0
1.00001024,4,0
1.10001024,0,0
1.10001024,1,0
1.10001024,2,0
1.10001024,3,0
1.10001024,4,0
1.20001024,0,0
1.20001024,1,0
1.20001024,2,0
1.20001024,3,0
1.20001024,4,0
1.30001024,0,0
1.30001024,1,0
1.30001024,2,0
1.30001024,3,0
1.30001024,4,0
1.40001024,0,0
1.40001024,1,0
1.40001024,2,0
1.40001024,3,0
1.40001024,4,0
1.50001024,0,0
1.50001024,1,0
1.50001024,2,0
1.50001024,3,0
1.50001024,4,0
1.60001024,0,0
1.60001024,1,0
1.60001024,2,0
1.60001024,3,0
1.60001024,4,0
1.70001024,0,0
1.70001024,1,0
1.70001024,2,0
1.70001024,3,0
1.70001024,4,0
1.80001024,0,0
1.80001024,1,0
1.80001024,2,0
1.80001024,3,0
1.80001024,4,0
1.90001024,0,0
1.90001024,1,0
1.90001024,2,0
1.90001024,3,0
1.90001024,4,0
2.00001024,0,0
2.00001024,1,0
2.00001024,2,0
2.00001024,3,0
2.00001024,4,0
2.10001024,0,0
2.10001024,1,0
2.10001024,2,0
2.10001024,3,0
2.10001024,4,0
2.20001024,0,0
2.20001024,1,0
2.20001024,2,0
2.20001024,3,0
2.20001024,4,0
2.30001024,0,0
2.30001024,1,0
2.30001024,2,0
2.30001024,3,0
2.30001024,4,0
2.40001024,0,0
2.40001024,1,0
2.40001024,2,0
2.40001024,3,0
2.40001024,4,0
2.50001024,0,0
2.50001024,1,0
2.50001024,2,0
2.50001024,3,0
2.50001024,4,0
2.60001024,0,0
2.60001024,1,0
2.60001024,2,0
2.60001024,3,0
2.60001024,4,0
2.70001024,0,0
2.70001024,1,0
2.70001024,2,0
2.70001024,3,0
2.70001024,4,0
2.80001024,0,0
2.80001024,1,0
2.80001024,2,0
2.80001024,3,0
2.80001024,4,0
2.90001024,0,0
2.90001024,1,0
2.90001024,2,0
2.90001024,3,0
2.90001024,4,0
3.00001024,0,0
3.00001024,1,0
3.00001024,2,0
3.00001024,3,0
3.00001024,4,0
3.10001024,0,0
3.10001024,1,0
3.10001024,2,0
3.10001024,3,0
3.10001024,4,0
3.20001024,0,0
3.20001024,1,0
3.20001024,2,0
3.20001024,3,0
3.20001024,4,0
3.30001024,0,0
3.30001024,1,0
3.30001024,2,0
3.30001024,3,0
3.30001024,4,0
3.40001024,0,0
3.40001024,1,0
3.40001024,2,0
3.40001024,3,0
3.40001024,4,0
3.50001024,0,0
3.50001024,1,0
3.50001024,2,0
3.50001024,3,0
3.50001024,4,0
3.60001024,0,0
3.60001024,1,0
3.60001024,2,0
3.60001024,3,0
3.60001024,4,0
3.70001024,0,0
3.70001024,1,0
3.70001024,2,0
3.70001024,3,0
3.70001024,4,0
3.80001024,0,0
3.80001024,1,0
3.80001024,2,0
3.80001024,3,0
3.80001024,4,0
3.90001024,0,0
3.90001024,1,0
3.90001024,2,0
3.90001024,3,0
3.90001024,4,0
4.00001024,0,0
4.00001024,1,0
4.00001024,2,0
4.00001024,3,0
4.00001024,4,0
4.10001024,0,0
4.10001024,1,0
4.10001024,2,0
4.10001024,3,0
4.10001024,4,0
4.20001024,0,0
4.20001024,1,0
4.20001024,2,0
4.20001024,3,0
4.20001024,4,0
4.30001024,0,0
4.30001024,1,0
4.30001024,2,0
4.30001024,3,0
4.30001024,4,0
4.40001024,0,0
4.40001024,1,0
4.40001024,2,0
4.40001024,3,0
4.40001024,4,0
4.50001024,0,0
4.50001024,1,0
4.50001024,2,0
4.50001024,3,0
4.50001024,4,0
4.60001024,0,0
4.60001024,1,0
4.60001024,2,0
4.60001024,3,0
4.60001024,4,0
4.70001024,0,0
4.70001024,1,0
4.70001024,2,0
4.70001024,3,0
4.70001024,4,0
4.80001024,0,0
4.80001024,1,0
4.80001024,2,0
4.80001024,3,0
4.80001024,4,0
4.90001024,0,0
4.90001024,1,0
4.90001024,2,0
4.90001024,3,0
4.90001024,4,0
5.00001024,0,0
5.00001024,1,0
5.00001024,2,0
5.00001024,3,0
5.00001024,4,0
5.10001024,0,0
5.10001024,1,0
5.10001024,2,0
5.10001024,3,0
5.10001024,4,0
5.20001024,0,0
5.20001024,1,0
5.20001024,2,0
5.20001024,3,0
5.20001024,4,0
5.30001024,0,0
5.30001024,1,0
5.30001024,2,0
5.30001024,3,0
5.30001024,4,0
5.40001024,0,0
5.40001024,1,0
5.40001024,2,0
5.40001024,3,0
5.40001024,4,0
5.50001024,0,0
5.50001024,1,0
5.50001024,2,0
5.50001024,3,0
5.50001024,4,0
5.60001024,0,0
5.60001024,1,0
5.60001024,2,0
5.60001024,3,0
5.60001024,4,0
5.70001024,0,0
5.70001024,1,0
5.70001024,2,0
5.70001024,3,0
5.70001024,4,0
5.80001024,0,0
5.80001024,1,0
5.80001024,2,0
5.80001024,3,0
5.80001024,4,0
5.90001024,0,0
5.90001024,1,0
5.90001024,2,0
5.90001024,3,0
5.90001024,4,0
6.00001024,0,0
6.00001024,1,0
6.00001024,2,0
6.00001024,3,0
6.00001024,4,0
6.10001024,0,0
6.10001024,1,0
6.10001024,2,0
6.10001024,3,0
6.10001024,4,0
6.20001024,0,0
6.20001024,1,0
6.20001024,2,0
6.20001024,3,0
6.20001024,4,0
6.30001024,0,0
6.30001024,1,0
6.30001024,2,0
6.30001024,3,0
6.30001024,4,0
6.40001024,0,0
6.40001024,1,0
6.40001024,2,0
6.40001024,3,0
6.40001024,4,0
6.50001024,0,0
6.50001024,1,0
6.50001024,2,0
6.50001024,3,0
6.50001024,4,0
6.60001024,0,0
6.60001024,1,0
6.60001024,2,0
6.60001024,3,0
6.60001024,4,0
6.70001024,0,0
6.70001024,1,0
6.70001024,2,0
6.70001024,3,0
6.70001024,4,0
6.80001024,0,0
6.80001024,1,0
6.80001024,2,0
6.80001024,3,0
6.80001024,4,0
6.90001024,0,0
6.90001024,1,0
6.90001024,2,0
6.90001024,3,0
6.90001024,4,0
7.00001024,0,0
7.00001024,1,0
7.00001024,2,0
7.00001024,3,0
7.00001024,4,0
7.10001024,0,0
7.10001024,1,0
7.10001024,2,0
7.10001024,3,0
7.10001024,4,0
7.20001024,0,0
7.20001024,1,0
7.20001024,2,0
7.20001024,3,0
7.20001024,4,0
7.30001024,0,0
7.30001024,1,0
7.30001024,2,0
7.30001024,3,0
7.30001024,4,0
7.40001024,0,0
7.40001024,1,0
7.40001024,2,0
7.40001024,3,0
7.40001024,4,0
7.50001024,0,0
7.50001024,1,0
7.50001024,2,0
7.50001024,3,0
7.50001024,4,0
7.60001024,0,0
7.60001024,1,0
7.60001024,2,0
7.60001024,3,0
7.60001024,4,0
7.70001024,0,0
7.70001024,1,0
7.70001024,2,0
7.70001024,3,0
7.70001024,4,0
7.80001024,0,0
7.80001024,1,0
7.80001024,2,0
7.80001024,3,0
7.80001024,4,0
7.90001024,0,0
7.90001024,1,0
7.90001024,2,0
7.90001024,3,0
7.90001024,4,0
8.00001024,0,0
8.00001024,1,0
8.00001024,2,0
8.00001024,3,0
8.00001024,4,0
8.10001024,0,0
8.10001024,1,0
8.10001024,2,0
8.10001024,3,0
8.10001024,4,0
8.20001024,0,0
8.20001024,1,0
8.20001024,2,0
8.20001024,3,0
8.20001024,4,0
8.30001024,0,0
8.30001024,1,0
8.30001024,2,0
8.30001024,3,0
8.30001024,4,0
8.40001024,0,0
8.40001024,1,0
8.40001024,2,0
8.40001024,3,0
8.40001024,4,0
8.50001024,0,0
8.50001024,1,0
8.50001024,2,0
8.50001024,3,0
8.50001024,4,0
8.60001024,0,0
8.60001024,1,0
8.60001024,2,0
8.60001024,3,0
8.60001024,4,0
8.70001024,0,0
8.70001024,1,0
8.70001024,2,0
8.70001024,3,0
8.70001024,4,0
8.80001024,0,0
8.80001024,1,0
8.80001024,2,0
8.80001024,3,0
8.80001024,4,0
8.90001024,0,0
8.90001024,1,0
8.90001024,2,0
8.90001024,3,0
8.90001024,4,0
9.00001024,0,0
9.00001024,1,0
9.00001024,2,0
9.00001024,3,0
9.00001024,4,0
9.10001024,0,0
9.10001024,1,0
9.10001024,2,0
9.10001024,3,0
9.10001024,4,0
9.20001024,0,0
9.20001024,1,0
9.20001024,2,0
9.20001024,3,0
9.20001024,4,0
9.30001024,0,0
9.30001024,1,0
9.30001024,2,0
9.30001024,3,0
9.30001024,4,0
9.40001024,0,0
9.40001024,1,0
9.40001024,2,0
9.40001024,3,0
9.40001024,4,0
9.50001024,0,0
9.50001024,1,0
9.50001024,2,0
9.50001024,3,0
9.50001024,4,0
9.60001024,0,0
9.60001024,1,0
9.60001024,2,0
9.60001024,3,0
9.60001024,4,0
9.70001024,0,0
9.70001024,1,0
9.70001024,2,0
9.70001024,3,0
9.70001024,4,0
9.80001024,0,0
9.80001024,1,0
9.80001024,2,0
9.80001024,3,0
9.80001024,4,0
9.90001024,0,0
9.90001024,1,0
9.90001024,2,0
9.90001024,3,0
9.90001024,4,0
10.00001024,0,0
10.00001024,1,0
10.00001024,2,0
10.00001024,3,0
10.00001024,4,0
10.10001024,0,0
10.10001024,1,0
10.10001024,2,0
10.10001024,3,0
10.10001024,4,0
10.20001024,0,0
10.20001024,1,0
10.20001024,2,0
10.20001024,3,0
10.20001024,4,0
10.30001024,0,0
10.30001024,1,0
10.30001024,2,0
10.30001024,3,0
10.30001024,4,0
10.40001024,0,0
10.40001024,1,0
10.40001024,2,0
10.40001024,3,0
10.40001024,4,0
10.50001024,0,0
10.50001024,1,0
10.50001024,2,0
10.50001024,3,0
10.50001024,4,0
10.60001024,0,0
10.60001024,1,0
10.60001024,2,0
10.60001024,3,0
10.60001024,4,0
10.70001024,0,0
10.70001024,1,0
10.70001024,2,0
10.70001024,3,0
10.70001024,4,0
10.80001024,0,0
10.80001024,1,0
10.80001024,2,0
10.80001024,3,0
10.80001024,4,0
10.90001024,0,0
10.90001024,1,0
10.90001024,2,0
10.90001024,3,0
10.90001024,4,0
11.00001024,0,0
11.00001024,1,0
11.00001024,2,0
11.00001024,3,0
11.00001024,4,0
11.10001024,0,0
11.10001024,1,0
11.10001024,2,0
11.10001024,3,0
11.10001024,4,0
11.20001024,0,0
11.20001024,1,0
11.20001024,2,0
11.20001024,3,0
11.20001024,4,0
11.30001024,0,0
11.30001024,1,0
11.30001024,2,0
11.30001024,3,0
11.30001024,4,0
11.40001024,0,0
11.40001024,1,0
11.40001024,2,0
11.40001024,3,0
11.40001024,4,0
11.50001024,0,0
11.50001024,1,0
11.50001024,2,0
11.50001024,3,0
11.50001024,4,0
11.60001024,0,0
11.60001024,1,0
11.60001024,2,0
11.60001024,3,0
11.60001024,4,0
11.70001024,0,0
11.70001024,1,0
11.70001024,2,0
11.70001024,3,0
11.70001024,4,0
11.80001024,0,0
11.80001024,1,0
11.80001024,2,0
11.80001024,3,0
11.80001024,4,0
11.90001024,0,0
11.90001024,1,0
11.90001024,2,0
11.90001024,3,0
11.90001024,4,0
12.00001024,0,0
12.00001024,1,0
12.00001024,2,0
12.00001024,3,0
12.00001024,4,0
12.10001024,0,0
12.10001024,1,0
12.10001024,2,0
12.10001024,3,0
12.10001024,4,0
12.20001024,0,0
12.20001024,1,0
12.20001024,2,0
12.20001024,3,0
12.20001024,4,0
12.30001024,0,0
12.30001024,1,0
12.30001024,2,0
12.30001024,3,0
12.30001024,4,0
12.40001024,0,0
12.40001024,1,0
12.40001024,2,0
12.40001024,3,0
12.40001024,4,0
12.50001024,0,0
12.50001024,1,0
12.50001024,2,0
12.50001024,3,0
12.50001024,4,0
12.60001024,0,0
12.60001024,1,0
12.60001024,2,0
12.60001024,3,0
12.60001024,4,0
12.70001024,0,0
12.70001024,1,0
12.70001024,2,0
12.70001024,3,0
12.70001024,4,0
12.80001024,0,0
12.80001024,1,0
12.80001024,2,0
12.80001024,3,0
12.80001024,4,0
12.90001024,0,0
12.90001024,1,0
12.90001024,2,0
12.90001024,3,0
12.90001024,4,0
13.00001024,0,0
13.00001024,1,0
13.00001024,2,0
13.00001024,3,0
13.00001024,4,0
13.10001024,0,0
13.10001024,1,0
13.10001024,2,0
13.10001024,3,0
13.10001024,4,0
13.20001024,0,0
13.20001024,1,0
13.20001024,2,0
13.20001024,3,0
13.20001024,4,0
13.30001024,0,0
13.30001024,1,0
13.30001024,2,0
13.30001024,3,0
13.30001024,4,0
13.40001024,0,0
13.40001024,1,0
13.40001024,2,0
13.40001024,3,0
13.40001024,4,0
13.50001024,0,0
13.50001024,1,0
13.50001024,2,0
13.50001024,3,0
13.50001024,4,0
13.60001024,0,0
13.60001024,1,0
13.60001024,2,0
13.60001024,3,0
13.60001024,4,0
13.70001024,0,0
13.70001024,1,0
13.70001024,2,0
13.70001024,3,0
13.70001024,4,0
13.80001024,0,0
13.80001024,1,0
13.80001024,2,0
13.80001024,3,0
13.80001024,4,0
13.90001024,0,0
13.90001024,1,0
13.90001024,2,0
13.90001024,3,0
13.90001024,4,0
14.00001024,0,0
14.00001024,1,0
14.00001024,2,0
14.00001024,3,0
14.00001024,4,0
14.10001024,0,0
14.10001024,1,0
14.10001024,2,0
14.10001024,3,0
14.10001024,4,0
14.20001024,0,0
14.20001024,1,0
14.20001024,2,0
14.20001024,3,0
14.20001024,4,0
14.30001024,0,0
14.30001024,1,0
14.30001024,2,0
14.30001024,3,0
14.30001024,4,0
14.40001024,0,0
14.40001024,1,0
14.40001024,2,0
14.40001024,3,0
14.40001024,4,0
14.50001024,0,0
14.50001024,1,0
14.50001024,2,0
14.50001024,3,0
14.50001024,4,0
14.60001024,0,0
14.60001024,1,0
14.60001024,2,0
14.60001024,3,0
14.60001024,4,0
14.70001024,0,0
14.70001024,1,0
14.70001024,2,0
14.70001024,3,0
14.70001024,4,0
14.80001024,0,0
14.80001024,1,0
14.80001024,2,0
14.80001024,3,0
14.80001024,4,0
14.90001024,0,0
14.90001024,1,0
14.90001024,2,0
14.90001024,3,0
14.90001024,4,0
15.00001024,0,0
15.00001024,1,0
15.00001024,2,0
15.00001024,3,0
15.00001024,4,0
15.10001024,0,0
15.10001024,1,0
15.10001024,2,0
15.10001024,3,0
15.10001024,4,0
15.20001024,0,0
15.20001024,1,0
15.20001024,2,0
15.20001024,3,0
15.20001024,4,0
15.30001024,0,0
15.30001024,1,0
15.30001024,2,0
15.30001024,3,0
15.30001024,4,0
15.40001024,0,0
15.40001024,1,0
15.40001024,2,0
15.40001024,3,0
15.40001024,4,0
15.50001024,0,0
15.50001024,1,0
15.50001024,2,0
15.50001024,3,0
15.50001024,4,0
15.60001024,0,0
15.60001024,1,0
15.60001024,2,0
15.60001024,3,0
15.60001024,4,0
15.70001024,0,0
15.70001024,1,0
15.70001024,2,0
15.70001024,3,0
15.70001024,4,0
15.80001024,0,0
15.80001024,1,0
15.80001024,2,0
15.80001024,3,0
15.80001024,4,0
15.90001024,0,0
15.90001024,1,0
15.90001024,2,0
15.90001024,3,0
15.90001024,4,0
16.00001024,0,0
16.00001024,1,0
16.00001024,2,0
16.00001024,3,0
16.00001024,4,0
16.10001024,0,0
16.10001024,1,0
16.10001024,2,0
16.10001024,3,0
16.10001024,4,0
16.20001024,0,0
16.20001024,1,0
16.20001024,2,0
16.20001024,3,0
16.20001024,4,0
16.30001024,0,0
16.30001024,1,0
16.30001024,2,0
16.30001024,3,0
16.30001024,4,0
16.40001024,0,0
16.40001024,1,0
16.40001024,2,0
16.40001024,3,0
16.40001024,4,0
16.50001024,0,0
16.50001024,1,0
16.50001024,2,0
16.50001024,3,0
16.50001024,4,0
16.60001024,0,0
16.60001024,1,0
16.60001024,2,0
16.60001024,3,0
16.60001024,4,0
16.70001024,0,0
16.70001024,1,0
16.70001024,2,0
16.70001024,3,0
16.70001024,4,0
16.80001024,0,0
16.80001024,1,0
16.80001024,2,0
16.80001024,3,0
16.80001024,4,0
16.90001024,0,0
16.90001024,1,0
16.90001024,2,0
16.90001024,3,0
16.90001024,4,0
17.00001024,0,0
17.00001024,1,0
17.00001024,2,0
17.00001024,3,0
17.00001024,4,0
17.10001024,0,0
17.10001024,1,0
17.10001024,2,0
17.10001024,3,0
17.10001024,4,0
17.20001024,0,0
17.20001024,1,0
17.20001024,2,0
17.20001024,3,0
17.20001024,4,0
17.30001024,0,0
17.30001024,1,0
17.30001024,2,0
17.30001024,3,0
17.30001024,4,0
17.40001024,0,0
17.40001024,1,0
17.40001024,2,0
17.40001024,3,0
17.40001024,4,0
17.50001024,0,0
17.50001024,1,0
17.50001024,2,0
17.50001024,3,0
17.50001024,4,0
17.60001024,0,0
17.60001024,1,0
17.60001024,2,0
17.60001024,3,0
17.60001024,4,0
17.70001024,0,0
17.70001024,1,0
17.70001024,2,0
17.70001024,3,0
17.70001024,4,0
17.80001024,0,0
17.80001024,1,0
17.80001024,2,0
17.80001024,3,0
17.80001024,4,0
17.90001024,0,0
17.90001024,1,0
17.90001024,2,0
17.90001024,3,0
17.90001024,4,0
18.00001024,0,0
18.00001024,1,0
18.00001024,2,0
18.00001024,3,0
18.00001024,4,0
18.10001024,0,0
18.10001024,1,0
18.10001024,2,0
18.10001024,3,0
18.10001024,4,0
18.20001024,0,0
18.20001024,1,0
18.20001024,2,0
18.20001024,3,0
18.20001024,4,0
18.30001024,0,0
18.30001024,1,0
18.30001024,2,0
18.30001024,3,0
18.30001024,4,0
18.40001024,0,0
18.40001024,1,0
18.40001024,2,0
18.40001024,3,0
18.40001024,4,0
18.50001024,0,0
18.50001024,1,0
18.50001024,2,0
18.50001024,3,0
18.50001024,4,0
18.60001024,0,0
18.60001024,1,0
18.60001024,2,0
18.60001024,3,0
18.60001024,4,0
18.70001024,0,0
18.70001024,1,0
18.70001024,2,0
18.70001024,3,0
18.70001024,4,0
18.80001024,0,0
18.80001024,1,0
18.80001024,2,0
18.80001024,3,0
18.80001024,4,0
18.90001024,0,0
18.90001024,1,0
18.90001024,2,0
18.90001024,3,0
18.90001024,4,0
19.00001024,0,0
19.00001024,1,0
19.00001024,2,0
19.00001024,3,0
19.00001024,4,0
19.10001024,0,0
19.10001024,1,0
19.10001024,2,0
19.10001024,3,0
19.10001024,4,0
19.20001024,0,0
19.20001024,1,0
19.20001024,2,0
19.20001024,3,0
19.20001024,4,0
19.30001024,0,0
19.30001024,1,0
19.30001024,2,0
19.30001024,3,0
19.30001024,4,0
19.40001024,0,0
19.40001024,1,0
19.40001024,2,0
19.40001024,3,0
19.40001024,4,0
19.50001024,0,0
19.50001024,1,0
19.50001024,2,0
19.50001024,3,0
19.50001024,4,0
19.60001024,0,0
19.60001024,1,0
19.60001024,2,0
19.60001024,3,0
19.60001024,4,0
19.70001024,0,0
19.70001024,1,0
19.70001024,2,0
19.70001024,3,0
19.70001024,4,0
19.80001024,0,0
19.80001024,1,0
19.80001024,2,0
19.80001024,3,0
19.80001024,4,0
19.90001024,0,0
19.90001024,1,0
19.90001024,2,0
19.90001024,3,0
19.90001024,4,0
20.00001024,0,0
20.00001024,1,0
20.00001024,2,0
20.00001024,3,0
20.00001024,4,0
20.10001024,0,0
20.10001024,1,0
20.10001024,2,0
20.10001024,3,0
20.10001024,4,0
20.20001024,0,0
20.20001024,1,0
20.20001024,2,0
20.20001024,3,0
20.20001024,4,0
20.30001024,0,0
20.30001024,1,0
20.30001024,2,0
20.30001024,3,0
20.30001024,4,0
20.40001024,0,0
20.40001024,1,0
20.40001024,2,0
20.40001024,3,0
20.40001024,4,0
20.50001024,0,0
20.50001024,1,0
20.50001024,2,0
20.50001024,3,0
20.50001024,4,0
20.60001024,0,0
20.60001024,1,0
20.60001024,2,0
20.60001024,3,0
20.60001024,4,0
20.70001024,0,0
20.70001024,1,0
20.70001024,2,0
20.70001024,3,0
20.70001024,4,0
20.80001024,0,0
20.80001024,1,0
20.80001024,2,0
20.80001024,3,0
20.80001024,4,0
20.90001024,0,0
20.90001024,1,0
20.90001024,2,0
20.90001024,3,0
20.90001024,4,0
21.00001024,0,0
21.00001024,1,0
21.00001024,2,0
21.00001024,3,0
21.00001024,4,0
21.10001024,0,0
21.10001024,1,0
21.10001024,2,0
21.10001024,3,0
21.10001024,4,0
21.20001024,0,0
21.20001024,1,0
21.20001024,2,0
21.20001024,3,0
21.20001024,4,0
21.30001024,0,0
21.30001024,1,0
21.30001024,2,0
21.30001024,3,0
21.30001024,4,0
21.40001024,0,0
21.40001024,1,0
21.40001024,2,0
21.40001024,3,0
21.40001024,4,0
21.50001024,0,0
21.50001024,1,0
21.50001024,2,0
21.50001024,3,0
21.50001024,4,0
21.60001024,0,0
21.60001024,1,0
21.60001024,2,0
21.60001024,3,0
21.60001024,4,0
21.70001024,0,0
21.70001024,1,0
21.70001024,2,0
21.70001024,3,0
21.70001024,4,0
21.80001024,0,0
21.80001024,1,0
21.80001024,2,0
21.80001024,3,0
21.80001024,4,0
21.90001024,0,0
21.90001024,1,0
21.90001024,2,0
21.90001024,3,0
21.90001024,4,0
22.00001024,0,0
22.00001024,1,0
22.00001024,2,0
22.00001024,3,0
22.00001024,4,0
22.10001024,0,0
22.10001024,1,0
22.10001024,2,0
22.10001024,3,0
22.10001024,4,0
22.20001024,0,0
22.20001024,1,0
22.20001024,2,0
22.20001024,3,0
22.20001024,4,0
22.30001024,0,0
22.30001024,1,0
22.30001024,2,0
22.30001024,3,0
22.30001024,4,0
22.40001024,0,0
22.40001024,1,0
22.40001024,2,0
22.40001024,3,0
22.40001024,4,0
22.50001024,0,0
22.50001024,1,0
22.50001024,2,0
22.50001024,3,0
22.50001024,4,0
22.60001024,0,0
22.60001024,1,0
22.60001024,2,0
22.60001024,3,0
22.60001024,4,0
22.70001024,0,0
22.70001024,1,0
22.70001024,2,0
22.70001024,3,0
22.70001024,4,0
22.80001024,0,0
22.80001024,1,0
22.80001024,2,0
22.80001024,3,0
22.80001024,4,0
22.90001024,0,1
22.90001024,1,0
22.90001024,2,0
22.90001024,3,0
22.90001024,4,0
23.00001024,0,1
23.00001024,1,0
23.00001024,2,0
23.00001024,3,0
23.00001024,4,0
23.10001024,0,1
23.10001024,1,0
23.10001024,2,0
23.10001024,3,0
23.10001024,4,0
23.20001024,0,1
23.20001024,1,0
23.20001024,2,0
23.20001024,3,0
23.20001024,4,0
23.30001024,0,1
23.30001024,1,0
23.30001024,2,0
23.30001024,3,0
23.30001024,4,0
23.40001024,0,1
23.40001024,1,0
23.40001024,2,0
23.40001024,3,0
23.40001024,4,0
23.50001024,0,1
23.50001024,1,0
23.50001024,2,0
23.50001024,3,0
23.50001024,4,0
23.60001024,0,0
23.60001024,1,0
23.60001024,2,0
23.60001024,3,0
23.60001024,4,0
23.70001024,0,0
23.70001024,1,0
23.70001024,2,0
23.70001024,3,0
23.70001024,4,0
23.80001024,0,0
23.80001024,1,0
23.80001024,2,0
23.80001024,3,0
23.80001024,4,0
23.90001024,0,0
23.90001024,1,0
23.90001024,2,0
23.90001024,3,0
23.90001024,4,0
24.00001024,0,0
24.00001024,1,0
24.00001024,2,0
24.00001024,3,0
24.00001024,4,0
24.10001024,0,0
24.10001024,1,0
24.10001024,2,0
24.10001024,3,0
24.10001024,4,0
24.20001024,0,0
24.20001024,1,0
24.20001024,2,0
24.20001024,3,0
24.20001024,4,0
24.30001024,0,0
24.30001024,1,0
24.30001024,2,0
24.30001024,3,0
24.30001024,4,0
24.40001024,0,0
24.40001024,1,0
24.40001024,2,0
24.40001024,3,0
24.40001024,4,0
24.50001024,0,0
24.50001024,1,0
24.50001024,2,0
24.50001024,3,0
24.50001024,4,0
24.60001024,0,0
24.60001024,1,0
24.60001024,2,0
24.60001024,3,0
24.60001024,4,0
24.70001024,0,0
24.70001024,1,0
24.70001024,2,0
24.70001024,3,0
24.70001024,4,0
24.80001024,0,0
24.80001024,1,0
24.80001024,2,0
24.80001024,3,0
24.80001024,4,0
24.90001024,0,0
24.90001024,1,0
24.90001024,2,0
24.90001024,3,0
24.90001024,4,0
25.00001024,0,0
25.00001024,1,0
25.00001024,2,0
25.00001024,3,0
25.00001024,4,0
25.10001024,0,0
25.10001024,1,0
25.10001024,2,0
25.10001024,3,0
25.10001024,4,0
25.20001024,0,0
25.20001024,1,0
25.20001024,2,0
25.20001024,3,0
25.20001024,4,0
25.30001024,0,0
25.30001024,1,0
25.30001024,2,0
25.30001024,3,0
25.30001024,4,0
25.40001024,0,0
25.40001024,1,0
25.40001024,2,0
25.40001024,3,0
25.40001024,4,0
25.50001024,0,0
25.50001024,1,0
25.50001024,2,0
25.50001024,3,0
25.50001024,4,0
25.60001024,0,0
25.60001024,1,0
25.60001024,2,0
25.60001024,3,0
25.60001024,4,0
25.70001024,0,0
25.70001024,1,0
25.70001024,2,0
25.70001024,3,0
25.70001024,4,0
25.80001024,0,0
25.80001024,1,0
25.80001024,2,0
25.80001024,3,1
25.80001024,4,0
25.90001024,0,0
25.90001024,1,0
25.90001024,2,0
25.90001024,3,1
25.90001024,4,0
26.00001024,0,0
26.00001024,1,0
26.00001024,2,0
26.00001024,3,1
26.00001024,4,0
26.10001024,0,0
26.10001024,1,0
26.10001024,2,0
26.10001024,3,1
26.10001024,4,0
26.20001024,0,0
26.20001024,1,0
26.20001024,2,0
26.20001024,3,1
26.20001024,4,0
26.30001024,0,0
26.30001024,1,0
26.30001024,2,0
26.30001024,3,1
26.30001024,4,0
26.40001024,0,0
26.40001024,1,0
26.40001024,2,0
26.40001024,3,1
26.40001024,4,0
26.50001024,0,0
26.50001024,1,0
26.50001024,2,0
26.50001024,3,1
26.50001024,4,0
26.60001024,0,0
26.60001024,1,0
26.60001024,2,0
26.60001024,3,1
26.60001024,4,0
26.70001024,0,0
26.70001024,1,0
26.70001024,2,0
26.70001024,3,1
26.70001024,4,0
26.80001024,0,0
26.80001024,1,0
26.80001024,2,0
26.80001024,3,1
26.80001024,4,0
26.90001024,0,0
26.90001024,1,0
26.90001024,2,0
26.90001024,3,1
26.90001024,4,0
27.00001024,0,0
27.00001024,1,0
27.00001024,2,0
27.00001024,3,1
27.00001024,4,0
27.10001024,0,0
27.10001024,1,0
27.10001024,2,0
27.10001024,3,0
27.10001024,4,0
27.20001024,0,0
27.20001024,1,0
27.20001024,2,0
27.20001024,3,0
27.20001024,4,0
27.30001024,0,0
27.30001024,1,0
27.30001024,2,0
27.30001024,3,0
27.30001024,4,0
27.40001024,0,0
27.40001024,1,0
27.40001024,2,0
27.40001024,3,0
27.40001024,4,0
27.50001024,0,0
27.50001024,1,0
27.50001024,2,0
27.50001024,3,0
27.50001024,4,0
27.60001024,0,0
27.60001024,1,0
27.60001024,2,0
27.60001024,3,0
27.60001024,4,0
27.70001024,0,0
27.70001024,1,0
27.70001024,2,0
27.70001024,3,0
27.70001024,4,0
27.80001024,0,0
27.80001024,1,0
27.80001024,2,0
27.80001024,3,0
27.80001024,4,0
27.90001024,0,0
27.90001024,1,0
27.90001024,2,0
27.90001024,3,0
27.90001024,4,0
28.00001024,0,0
28.00001024,1,0
28.00001024,2,0
28.00001024,3,0
28.00001024,4,0
28.10001024,0,0
28.10001024,1,0
28.10001024,2,0
28.10001024,3,0
28.10001024,4,0
28.20001024,0,0
28.20001024,1,0
28.20001024,2,0
28.20001024,3,0
28.20001024,4,0
28.30001024,0,0
28.30001024,1,0
28.30001024,2,0
28.30001024,3,0
28.30001024,4,0
28.40001024,0,0
28.40001024,1,0
28.40001024,2,0
28.40001024,3,0
28.40001024,4,0
28.50001024,0,0
28.50001024,1,0
28.50001024,2,0
28.50001024,3,0
28.50001024,4,0
28.60001024,0,0
28.60001024,1,0
28.60001024,2,0
28.60001024,3,0
28.60001024,4,0
28.70001024,0,0
28.70001024,1,0
28.70001024,2,0
28.70001024,3,0
28.70001024,4,0
28.80001024,0,0
28.80001024,1,0
28.80001024,2,0
28.80001024,3,0
28.80001024,4,0
28.90001024,0,0
28.90001024,1,0
28.90001024,2,0
28.90001024,3,0
28.90001024,4,0
29.00001024,0,0
29.00001024,1,0
29.00001024,2,0
29.00001024,3,0
29.00001024,4,0
29.10001024,0,0
29.10001024,1,0
29.10001024,2,0
29.10001024,3,0
29.10001024,4,0
29.20001024,0,0
29.20001024,1,0
29.20001024,2,0
29.20001024,3,0
29.20001024,4,0
29.30001024,0,0
29.30001024,1,0
29.30001024,2,0
29.30001024,3,0
29.30001024,4,0
29.40001024,0,0
29.40001024,1,0
29.40001024,2,0
29.40001024,3,0
29.40001024,4,0
29.50001024,0,0
29.50001024,1,0
29.50001024,2,0
29.50001024,3,0
29.50001024,4,0
29.60001024,0,0
29.60001024,1,0
29.60001024,2,0
29.60001024,3,0
29.60001024,4,0
29.70001024,0,0
29.70001024,1,0
29.70001024,2,0
29.70001024,3,0
29.70001024,4,0
29.80001024,0,0
29.80001024,1,0
29.80001024,2,0
29.80001024,3,0
29.80001024,4,0
29.90001024,0,0
29.90001024,1,0
29.90001024,2,0
29.90001024,3,0
29.90001024,4,0
30.00001024,0,0
30.00001024,1,0
30.00001024,2,0
30.00001024,3,0
30.00001024,4,0
30.10001024,0,0
30.10001024,1,0
30.10001024,2,0
30.10001024,3,0
30.10001024,4,0
30.20001024,0,0
30.20001024,1,0
30.20001024,2,0
30.20001024,3,0
30.20001024,4,0
30.30001024,0,0
30.30001024,1,0
30.30001024,2,0
30.30001024,3,0
30.30001024,4,0
30.40001024,0,0
30.40001024,1,0
30.40001024,2,0
30.40001024,3,0
30.40001024,4,0
30.50001024,0,0
30.50001024,1,0
30.50001024,2,0
30.50001024,3,0
30.50001024,4,0
30.60001024,0,0
30.60001024,1,0
30.60001024,2,0
30.60001024,3,0
30.60001024,4,0
30.70001024,0,0
30.70001024,1,0
30.70001024,2,0
30.70001024,3,0
30.70001024,4,0
30.80001024,0,0
30.80001024,1,0
30.80001024,2,0
30.80001024,3,0
30.80001024,4,0
30.90001024,0,0
30.90001024,1,0
30.90001024,2,0
30.90001024,3,0
30.90001024,4,0
31.00001024,0,0
31.00001024,1,0
31.00001024,2,0
31.00001024,3,0
31.00001024,4,0
31.10001024,0,0
31.10001024,1,0
31.10001024,2,0
31.10001024,3,0
31.10001024,4,0
31.20001024,0,0
31.20001024,1,0
31.20001024,2,0
31.20001024,3,0
31.20001024,4,0
31.30001024,0,0
31.30001024,1,0
31.30001024,2,0
31.30001024,3,0
31.30001024,4,0
31.40001024,0,0
31.40001024,1,0
31.40001024,2,0
31.40001024,3,0
31.40001024,4,0
31.50001024,0,0
31.50001024,1,0
31.50001024,2,0
31.50001024,3,0
31.50001024,4,0
31.60001024,0,0
31.60001024,1,0
31.60001024,2,0
31.60001024,3,0
31.60001024,4,0
31.70001024,0,0
31.70001024,1,0
31.70001024,2,0
31.70001024,3,0
31.70001024,4,0
31.80001024,0,0
31.80001024,1,0
31.80001024,2,0
31.80001024,3,0
31.80001024,4,0
31.90001024,0,0
31.90001024,1,0
31.90001024,2,0
31.90001024,3,0
31.90001024,4,0
32.00001024,0,0
32.00001024,1,0
32.00001024,2,0
32.00001024,3,0
32.00001024,4,0
32.10001024,0,0
32.10001024,1,0
32.10001024,2,0
32.10001024,3,0
32.10001024,4,0
32.20001024,0,0
32.20001024,1,0
32.20001024,2,0
32.20001024,3,0
32.20001024,4,0
32.30001024,0,0
32.30001024,1,0
32.30001024,2,0
32.30001024,3,0
32.30001024,4,0
32.40001024,0,0
32.40001024,1,0
32.40001024,2,0
32.40001024,3,0
32.40001024,4,0
32.50001024,0,0
32.50001024,1,0
32.50001024,2,0
32.50001024,3,0
32.50001024,4,0
32.60001024,0,0
32.60001024,1,0
32.60001024,2,0
32.60001024,3,0
32.60001024,4,0
32.70001024,0,0
32.70001024,1,0
32.70001024,2,0
32.70001024,3,0
32.70001024,4,0
32.80001024,0,0
32.80001024,1,0
32.80001024,2,0
32.80001024,3,0
32.80001024,4,0
32.90001024,0,0
32.90001024,1,0
32.90001024,2,0
32.90001024,3,0
32.90001024,4,0
33.00001024,0,0
33.00001024,1,0
33.00001024,2,0
33.00001024,3,0
33.00001024,4,0
33.10001024,0,0
33.10001024,1,0
33.10001024,2,0
33.10001024,3,0
33.10001024,4,0
33.20001024,0,0
33.20001024,1,0
33.20001024,2,0
33.20001024,3,0
33.20001024,4,0
33.30001024,0,0
33.30001024,1,0
33.30001024,2,0
33.30001024,3,0
33.30001024,4,0
33.40001024,0,0
33.40001024,1,0
33.40001024,2,0
33.40001024,3,0
33.40001024,4,0
33.50001024,0,0
33.50001024,1,0
33.50001024,2,0
33.50001024,3,0
33.50001024,4,0
33.60001024,0,0
33.60001024,1,0
33.60001024,2,0
33.60001024,3,0
33.60001024,4,0
33.70001024,0,0
33.70001024,1,0
33.70001024,2,0
33.70001024,3,0
33.70001024,4,0
33.80001024,0,0
33.80001024,1,0
33.80001024,2,0
33.80001024,3,0
33.80001024,4,0
33.90001024,0,0
33.90001024,1,0
33.90001024,2,0
33.90001024,3,0
33.90001024,4,0
34.00001024,0,0
34.00001024,1,0
34.00001024,2,0
34.00001024,3,0
34.00001024,4,0
34.10001024,0,0
34.10001024,1,0
34.10001024,2,0
34.10001024,3,0
34.10001024,4,0
34.20001024,0,0
34.20001024,1,0
34.20001024,2,0
34.20001024,3,0
34.20001024,4,0
34.30001024,0,0
34.30001024,1,0
34.30001024,2,0
34.30001024,3,0
34.30001024,4,0
34.40001024,0,0
34.40001024,1,0
34.40001024,2,0
34.40001024,3,0
34.40001024,4,0
34.50001024,0,0
34.50001024,1,0
34.50001024,2,0
34.50001024,3,0
34.50001024,4,0
34.60001024,0,0
34.60001024,1,0
34.60001024,2,0
34.60001024,3,0
34.60001024,4,0
34.70001024,0,0
34.70001024,1,0
34.70001024,2,0
34.70001024,3,0
34.70001024,4,0
34.80001024,0,0
34.80001024,1,0
34.80001024,2,0
34.80001024,3,0
34.80001024,4,0
34.90001024,0,0
34.90001024,1,0
34.90001024,2,0
34.90001024,3,0
34.90001024,4,0
35.00001024,0,0
35.00001024,1,0
35.00001024,2,0
35.00001024,3,0
35.00001024,4,0
35.10001024,0,0
35.10001024,1,0
35.10001024,2,0
35.10001024,3,0
35.10001024,4,0
35.20001024,0,0
35.20001024,1,0
35.20001024,2,0
35.20001024,3,0
35.20001024,4,0
35.30001024,0,0
35.30001024,1,0
35.30001024,2,0
35.30001024,3,0
35.30001024,4,0
35.40001024,0,0
35.40001024,1,0
35.40001024,2,0
35.40001024,3,0
35.40001024,4,0
35.50001024,0,0
35.50001024,1,0
35.50001024,2,0
35.50001024,3,0
35.50001024,4,0
35.60001024,0,0
35.60001024,1,0
35.60001024,2,0
35.60001024,3,0
35.60001024,4,0
35.70001024,0,0
35.70001024,1,0
35.70001024,2,0
35.70001024,3,0
35.70001024,4,0
35.80001024,0,0
35.80001024,1,0
35.80001024,2,0
35.80001024,3,0
35.80001024,4,0
35.90001024,0,0
35.90001024,1,0
35.90001024,2,0
35.90001024,3,0
35.90001024,4,0
36.00001024,0,0
36.00001024,1,0
36.00001024,2,0
36.00001024,3,0
36.00001024,4,0
36.10001024,0,0
36.10001024,1,0
36.10001024,2,0
36.10001024,3,0
36.10001024,4,0
36.20001024,0,0
36.20001024,1,0
36.20001024,2,0
36.20001024,3,0
36.20001024,4,0
36.30001024,0,0
36.30001024,1,0
36.30001024,2,0
36.30001024,3,0
36.30001024,4,0
36.40001024,0,0
36.40001024,1,0
36.40001024,2,0
36.40001024,3,0
36.40001024,4,0
36.50001024,0,0
36.50001024,1,0
36.50001024,2,0
36.50001024,3,0
36.50001024,4,0
36.60001024,0,0
36.60001024,1,0
36.60001024,2,0
36.60001024,3,0
36.60001024,4,0
36.70001024,0,0
36.70001024,1,0
36.70001024,2,0
36.70001024,3,0
36.70001024,4,0
36.80001024,0,0
36.80001024,1,0
36.80001024,2,0
36.80001024,3,0
36.80001024,4,0
36.90001024,0,0
36.90001024,1,0
36.90001024,2,0
36.90001024,3,0
36.90001024,4,0
37.00001024,0,0
37.00001024,1,0
37.00001024,2,0
37.00001024,3,0
37.00001024,4,0
37.10001024,0,0
37.10001024,1,0
37.10001024,2,0
37.10001024,3,0
37.10001024,4,0
37.20001024,0,0
37.20001024,1,0
37.20001024,2,0
37.20001024,3,0
37.20001024,4,0
37.30001024,0,0
37.30001024,1,0
37.30001024,2,0
37.30001024,3,0
37.30001024,4,0
37.40001024,0,0
37.40001024,1,0
37.40001024,2,0
37.40001024,3,0
37.40001024,4,0
37.50001024,0,0
37.50001024,1,0
37.50001024,2,0
37.50001024,3,0
37.50001024,4,0
37.60001024,0,0
37.60001024,1,0
37.60001024,2,0
37.60001024,3,0
37.60001024,4,0
37.70001024,0,0
37.70001024,1,0
37.70001024,2,0
37.70001024,3,0
37.70001024,4,0
37.80001024,0,0
37.80001024,1,0
37.80001024,2,0
37.80001024,3,0
37.80001024,4,0
37.90001024,0,0
37.90001024,1,0
37.90001024,2,0
37.90001024,3,0
37.90001024,4,0
38.00001024,0,0
38.00001024,1,0
38.00001024,2,0
38.00001024,3,0
38.00001024,4,0
38.10001024,0,0
38.10001024,1,0
38.10001024,2,0
38.10001024,3,0
38.10001024,4,0
38.20001024,0,0
38.20001024,1,0
38.20001024,2,0
38.20001024,3,0
38.20001024,4,0
38.30001024,0,0
38.30001024,1,0
38.30001024,2,0
38.30001024,3,0
38.30001024,4,0
38.40001024,0,0
38.40001024,1,0
38.40001024,2,0
38.40001024,3,0
38.40001024,4,0
38.50001024,0,0
38.50001024,1,0
38.50001024,2,0
38.50001024,3,0
38.50001024,4,0
38.60001024,0,0
38.60001024,1,0
38.60001024,2,0
38.60001024,3,0
38.60001024,4,0
38.70001024,0,0
38.70001024,1,0
38.70001024,2,0
38.70001024,3,0
38.70001024,4,0
38.80001024,0,0
38.80001024,1,0
38.80001024,2,0
38.80001024,3,0
38.80001024,4,0
38.90001024,0,0
38.90001024,1,0
38.90001024,2,0
38.90001024,3,0
38.90001024,4,0
39.00001024,0,0
39.00001024,1,0
39.00001024,2,0
39.00001024,3,0
39.00001024,4,0
39.10001024,0,0
39.10001024,1,0
39.10001024,2,0
39.10001024,3,0
39.10001024,4,0
39.20001024,0,0
39.20001024,1,0
39.20001024,2,0
39.20001024,3,0
39.20001024,4,0
39.30001024,0,0
39.30001024,1,0
39.30001024,2,0
39.30001024,3,0
39.30001024,4,0
39.40001024,0,0
39.40001024,1,0
39.40001024,2,0
39.40001024,3,0
39.40001024,4,0
39.50001024,0,0
39.50001024,1,0
39.50001024,2,0
39.50001024,3,0
39.50001024,4,0
39.60001024,0,0
39.60001024,1,0
39.60001024,2,0
39.60001024,3,0
39.60001024,4,0
39.70001024,0,0
39.70001024,1,0
39.70001024,2,0
39.70001024,3,0
39.70001024,4,0
39.80001024,0,0
39.80001024,1,0
39.80001024,2,0
39.80001024,3,0
39.80001024,4,0
39.90001024,0,0
39.90001024,1,0
39.90001024,2,0
39.90001024,3,0
39.90001024,4,0
40.00001024,0,0
40.00001024,1,0
40.00001024,2,0
40.00001024,3,0
40.00001024,4,0
40.10001024,0,0
40.10001024,1,0
40.10001024,2,0
40.10001024,3,0
40.10001024,4,0
40.20001024,0,0
40.20001024,1,0
40.20001024,2,0
40.20001024,3,0
40.20001024,4,0
40.30001024,0,0
40.30001024,1,0
40.30001024,2,0
40.30001024,3,0
40.30001024,4,0
40.40001024,0,0
40.40001024,1,0
40.40001024,2,0
40.40001024,3,0
40.40001024,4,0
40.50001024,0,0
40.50001024,1,0
40.50001024,2,0
40.50001024,3,0
40.50001024,4,0
40.60001024,0,0
40.60001024,1,0
40.60001024,2,0
40.60001024,3,0
40.60001024,4,0
40.70001024,0,0
40.70001024,1,0
40.70001024,2,0
40.70001024,3,0
40.70001024,4,0
40.80001024,0,0
40.80001024,1,0
40.80001024,2,0
40.80001024,3,0
40.80001024,4,0
40.90001024,0,0
40.90001024,1,0
40.90001024,2,0
40.90001024,3,0
40.90001024,4,0
41.00001024,0,0
41.00001024,1,0
41.00001024,2,0
41.00001024,3,0
41.00001024,4,0
41.10001024,0,0
41.10001024,1,0
41.10001024,2,0
41.10001024,3,0
41.10001024,4,0
41.20001024,0,0
41.20001024,1,0
41.20001024,2,0
41.20001024,3,0
41.20001024,4,0
41.30001024,0,0
41.30001024,1,0
41.30001024,2,0
41.30001024,3,0
41.30001024,4,0
41.40001024,0,0
41.40001024,1,0
41.40001024,2,0
41.40001024,3,0
41.40001024,4,0
41.50001024,0,0
41.50001024,1,0
41.50001024,2,0
41.50001024,3,0
41.50001024,4,0
41.60001024,0,0
41.60001024,1,0
41.60001024,2,0
41.60001024,3,0
41.60001024,4,0
41.70001024,0,0
41.70001024,1,0
41.70001024,2,0
41.70001024,3,0
41.70001024,4,0
41.80001024,0,0
41.80001024,1,0
41.80001024,2,0
41.80001024,3,0
41.80001024,4,0
41.90001024,0,0
41.90001024,1,0
41.90001024,2,0
41.90001024,3,0
41.90001024,4,0
42.00001024,0,0
42.00001024,1,0
42.00001024,2,0
42.00001024,3,0
42.00001024,4,0
42.10001024,0,0
42.10001024,1,0
42.10001024,2,0
42.10001024,3,0
42.10001024,4,0
42.20001024,0,0
42.20001024,1,0
42.20001024,2,0
42.20001024,3,0
42.20001024,4,0
42.30001024,0,0
42.30001024,1,0
42.30001024,2,0
42.30001024,3,0
42.30001024,4,0
42.40001024,0,0
42.40001024,1,0
42.40001024,2,0
42.40001024,3,0
42.40001024,4,0
42.50001024,0,0
42.50001024,1,0
42.50001024,2,0
42.50001024,3,0
42.50001024,4,0
42.60001024,0,0
42.60001024,1,0
42.60001024,2,0
42.60001024,3,0
42.60001024,4,0
42.70001024,0,0
42.70001024,1,0
42.70001024,2,0
42.70001024,3,0
42.70001024,4,0
42.80001024,0,0
42.80001024,1,0
42.80001024,2,0
42.80001024,3,0
42.80001024,4,0
42.90001024,0,0
42.90001024,1,0
42.90001024,2,0
42.90001024,3,0
42.90001024,4,0
43.00001024,0,0
43.00001024,1,0
43.00001024,2,0
43.00001024,3,0
43.00001024,4,0
43.10001024,0,0
43.10001024,1,0
43.10001024,2,0
43.10001024,3,0
43.10001024,4,0
43.20001024,0,0
43.20001024,1,0
43.20001024,2,0
43.20001024,3,0
43.20001024,4,0
43.30001024,0,0
43.30001024,1,0
43.30001024,2,0
43.30001024,3,0
43.30001024,4,0
43.40001024,0,0
43.40001024,1,0
43.40001024,2,0
43.40001024,3,0
43.40001024,4,0
43.50001024,0,0
43.50001024,1,0
43.50001024,2,0
43.50001024,3,0
43.50001024,4,0
43.60001024,0,0
43.60001024,1,0
43.60001024,2,0
43.60001024,3,0
43.60001024,4,0
43.70001024,0,0
43.70001024,1,0
43.70001024,2,0
43.70001024,3,0
43.70001024,4,0
43.80001024,0,0
43.80001024,1,0
43.80001024,2,0
43.80001024,3,0
43.80001024,4,0
43.90001024,0,0
43.90001024,1,0
43.90001024,2,0
43.90001024,3,0
43.90001024,4,0
44.00001024,0,0
44.00001024,1,0
44.00001024,2,0
44.00001024,3,0
44.00001024,4,0
44.10001024,0,0
44.10001024,1,0
44.10001024,2,0
44.10001024,3,0
44.10001024,4,0
44.20001024,0,1
44.20001024,1,0
44.20001024,2,0
44.20001024,3,0
44.20001024,4,0
44.30001024,0,1
44.30001024,1,0
44.30001024,2,0
44.30001024,3,0
44.30001024,4,0
44.40001024,0,1
44.40001024,1,0
44.40001024,2,0
44.40001024,3,0
44.40001024,4,0
44.50001024,0,1
44.50001024,1,0
44.50001024,2,0
44.50001024,3,0
44.50001024,4,0
44.60001024,0,1
44.60001024,1,0
44.60001024,2,0
44.60001024,3,0
44.60001024,4,0
44.70001024,0,1
44.70001024,1,0
44.70001024,2,0
44.70001024,3,0
44.70001024,4,0
44.80001024,0,1
44.80001024,1,0
44.80001024,2,0
44.80001024,3,0
44.80001024,4,0
44.90001024,0,1
44.90001024,1,0
44.90001024,2,0
44.90001024,3,0
44.90001024,4,0
45.00001024,0,0
45.00001024,1,0
45.00001024,2,0
45.00001024,3,0
45.00001024,4,0
45.10001024,0,0
45.10001024,1,0
45.10001024,2,0
45.10001024,3,0
45.10001024,4,0
45.20001024,0,0
45.20001024,1,0
45.20001024,2,0
45.20001024,3,0
45.20001024,4,0
45.30001024,0,0
45.30001024,1,0
45.30001024,2,0
45.30001024,3,0
45.30001024,4,0
45.40001024,0,0
45.40001024,1,0
45.40001024,2,0
45.40001024,3,0
45.40001024,4,0
45.50001024,0,0
45.50001024,1,0
45.50001024,2,0
45.50001024,3,0
45.50001024,4,0
45.60001024,0,1
45.60001024,1,0
45.60001024,2,0
45.60001024,3,0
45.60001024,4,0
45.70001024,0,1
45.70001024,1,0
45.70001024,2,0
45.70001024,3,0
45.70001024,4,0
45.80001024,0,1
45.80001024,1,0
45.80001024,2,0
45.80001024,3,0
45.80001024,4,0
45.90001024,0,1
45.90001024,1,0
45.90001024,2,0
45.90001024,3,0
45.90001024,4,0
46.00001024,0,1
46.00001024,1,0
46.00001024,2,0
46.00001024,3,0
46.00001024,4,0
46.10001024,0,1
46.10001024,1,0
46.10001024,2,0
46.10001024,3,0
46.10001024,4,0
46.20001024,0,1
46.20001024,1,0
46.20001024,2,0
46.20001024,3,0
46.20001024,4,0
46.30001024,0,1
46.30001024,1,0
46.30001024,2,0
46.30001024,3,0
46.30001024,4,0
46.40001024,0,0
46.40001024,1,0
46.40001024,2,0
46.40001024,3,0
46.40001024,4,0
46.50001024,0,0
46.50001024,1,0
46.50001024,2,0
46.50001024,3,0
46.50001024,4,0
46.60001024,0,1
46.60001024,1,0
46.60001024,2,0
46.60001024,3,0
46.60001024,4,0
46.70001024,0,1
46.70001024,1,0
46.70001024,2,0
46.70001024,3,0
46.70001024,4,0
46.80001024,0,1
46.80001024,1,0
46.80001024,2,0
46.80001024,3,0
46.80001024,4,0
46.90001024,0,1
46.90001024,1,0
46.90001024,2,0
46.90001024,3,0
46.90001024,4,0
47.00001024,0,1
47.00001024,1,0
47.00001024,2,0
47.00001024,3,0
47.00001024,4,0
47.10001024,0,0
47.10001024,1,0
47.10001024,2,0
47.10001024,3,0
47.10001024,4,0
47.20001024,0,1
47.20001024,1,0
47.20001024,2,0
47.20001024,3,0
47.20001024,4,1
47.30001024,0,1
47.30001024,1,0
47.30001024,2,0
47.30001024,3,0
47.30001024,4,1
47.40001024,0,1
47.40001024,1,0
47.40001024,2,0
47.40001024,3,0
47.40001024,4,1
47.50001024,0,1
47.50001024,1,0
47.50001024,2,0
47.50001024,3,0
47.50001024,4,1
47.60001024,0,1
47.60001024,1,0
47.60001024,2,0
47.60001024,3,0
47.60001024,4,1
47.70001024,0,1
47.70001024,1,0
47.70001024,2,0
47.70001024,3,0
47.70001024,4,1
47.80001024,0,1
47.80001024,1,0
47.80001024,2,0
47.80001024,3,0
47.80001024,4,1
47.90001024,0,1
47.90001024,1,0
47.90001024,2,0
47.90001024,3,0
47.90001024,4,1
48.00001024,0,1
48.00001024,1,0
48.00001024,2,0
48.00001024,3,0
48.00001024,4,1
48.10001024,0,1
48.10001024,1,0
48.10001024,2,0
48.10001024,3,0
48.10001024,4,1
48.20001024,0,1
48.20001024,1,0
48.20001024,2,0
48.20001024,3,0
48.20001024,4,1
48.30001024,0,1
48.30001024,1,0
48.30001024,2,0
48.30001024,3,0
48.30001024,4,0
48.40001024,0,0
48.40001024,1,0
48.40001024,2,0
48.40001024,3,0
48.40001024,4,1
48.50001024,0,1
48.50001024,1,1
48.50001024,2,0
48.50001024,3,0
48.50001024,4,1
48.60001024,0,1
48.60001024,1,1
48.60001024,2,0
48.60001024,3,0
48.60001024,4,1
48.70001024,0,1
48.70001024,1,1
48.70001024,2,0
48.70001024,3,0
48.70001024,4,1
48.80001024,0,1
48.80001024,1,1
48.80001024,2,0
48.80001024,3,0
48.80001024,4,1
48.90001024,0,1
48.90001024,1,1
48.90001024,2,0
48.90001024,3,0
48.90001024,4,1
49.00001024,0,1
49.00001024,1,1
49.00001024,2,0
49.00001024,3,0
49.00001024,4,1
49.10001024,0,0
49.10001024,1,1
49.10001024,2,0
49.10001024,3,0
49.10001024,4,1
49.20001024,0,0
49.20001024,1,1
49.20001024,2,0
49.20001024,3,0
49.20001024,4,1
49.30001024,0,0
49.30001024,1,1
49.30001024,2,0
49.30001024,3,0
49.30001024,4,1
49.40001024,0,0
49.40001024,1,1
49.40001024,2,0
49.40001024,3,0
49.40001024,4,0
49.50001024,0,0
49.50001024,1,1
49.50001024,2,0
49.50001024,3,0
49.50001024,4,0
49.60001024,0,0
49.60001024,1,1
49.60001024,2,0
49.60001024,3,0
49.60001024,4,0
49.70001024,0,0
49.70001024,1,1
49.70001024,2,0
49.70001024,3,0
49.70001024,4,0
49.80001024,0,0
49.80001024,1,1
49.80001024,2,0
49.80001024,3,1
49.80001024,4,0
49.90001024,0,0
49.90001024,1,1
49.90001024,2,0
49.90001024,3,0
49.90001024,4,0
50.00001024,0,0
50.00001024,1,1
50.00001024,2,0
50.00001024,3,0
50.00001024,4,0
50.10001024,0,0
50.10001024,1,1
50.10001024,2,0
50.10001024,3,0
50.10001024,4,0
50.20001024,0,0
50.20001024,1,1
50.20001024,2,0
50.20001024,3,0
50.20001024,4,0
50.30001024,0,0
50.30001024,1,1
50.30001024,2,0
50.30001024,3,0
50.30001024,4,0
50.40001024,0,0
50.40001024,1,1
50.40001024,2,0
50.40001024,3,0
50.40001024,4,0
50.50001024,0,0
50.50001024,1,1
50.50001024,2,0
50.50001024,3,0
50.50001024,4,0
50.60001024,0,0
50.60001024,1,1
50.60001024,2,0
50.60001024,3,0
50.60001024,4,0
50.70001024,0,0
50.70001024,1,1
50.70001024,2,0
50.70001024,3,0
50.70001024,4,0
50.80001024,0,0
50.80001024,1,1
50.80001024,2,0
50.80001024,3,1
50.80001024,4,0
50.90001024,0,0
50.90001024,1,1
50.90001024,2,0
50.90001024,3,1
50.90001024,4,0
51.00001024,0,0
51.00001024,1,1
51.00001024,2,0
51.00001024,3,1
51.00001024,4,0
51.10001024,0,0
51.10001024,1,1
51.10001024,2,0
51.10001024,3,1
51.10001024,4,0
51.20001024,0,0
51.20001024,1,1
51.20001024,2,0
51.20001024,3,1
51.20001024,4,0
51.30001024,0,0
51.30001024,1,1
51.30001024,2,0
51.30001024,3,1
51.30001024,4,0
51.40001024,0,0
51.40001024,1,1
51.40001024,2,0
51.40001024,3,1
51.40001024,4,0
51.50001024,0,0
51.50001024,1,1
51.50001024,2,0
51.50001024,3,1
51.50001024,4,0
51.60001024,0,0
51.60001024,1,1
51.60001024,2,0
51.60001024,3,1
51.60001024,4,0
51.70001024,0,0
51.70001024,1,1
51.70001024,2,0
51.70001024,3,1
51.70001024,4,0
51.80001024,0,0
51.80001024,1,1
51.80001024,2,0
51.80001024,3,1
51.80001024,4,0
51.90001024,0,0
51.90001024,1,1
51.90001024,2,0
51.90001024,3,1
51.90001024,4,0
52.00001024,0,0
52.00001024,1,1
52.00001024,2,0
52.00001024,3,1
52.00001024,4,0
52.10001024,0,0
52.10001024,1,1
52.10001024,2,0
52.10001024,3,1
52.10001024,4,0
52.20001024,0,0
52.20001024,1,1
52.20001024,2,0
52.20001024,3,1
52.20001024,4,0
52.30001024,0,1
52.30001024,1,1
52.30001024,2,0
52.30001024,3,1
52.30001024,4,0
52.40001024,0,1
52.40001024,1,1
52.40001024,2,0
52.40001024,3,1
52.40001024,4,0
52.50001024,0,1
52.50001024,1,1
52.50001024,2,0
52.50001024,3,1
52.50001024,4,0
52.60001024,0,1
52.60001024,1,1
52.60001024,2,0
52.60001024,3,1
52.60001024,4,0
52.70001024,0,1
52.70001024,1,1
52.70001024,2,0
52.70001024,3,1
52.70001024,4,0
52.80001024,0,1
52.80001024,1,1
52.80001024,2,0
52.80001024,3,1
52.80001024,4,0
52.90001024,0,1
52.90001024,1,1
52.90001024,2,0
52.90001024,3,1
52.90001024,4,0
53.00001024,0,0
53.00001024,1,1
53.00001024,2,0
53.00001024,3,1
53.00001024,4,0
53.10001024,0,0
53.10001024,1,1
53.10001024,2,0
53.10001024,3,1
53.10001024,4,0
53.20001024,0,0
53.20001024,1,1
53.20001024,2,0
53.20001024,3,1
53.20001024,4,0
53.30001024,0,0
53.30001024,1,1
53.30001024,2,0
53.30001024,3,1
53.30001024,4,0
53.40001024,0,0
53.40001024,1,1
53.40001024,2,0
53.40001024,3,1
53.40001024,4,0
53.50001024,0,0
53.50001024,1,1
53.50001024,2,0
53.50001024,3,1
53.50001024,4,0
53.60001024,0,0
53.60001024,1,1
53.60001024,2,0
53.60001024,3,1
53.60001024,4,0
53.70001024,0,0
53.70001024,1,1
53.70001024,2,0
53.70001024,3,1
53.70001024,4,0
53.80001024,0,0
53.80001024,1,1
53.80001024,2,0
53.80001024,3,1
53.80001024,4,0
53.90001024,0,0
53.90001024,1,1
53.90001024,2,0
53.90001024,3,1
53.90001024,4,0
54.00001024,0,0
54.00001024,1,1
54.00001024,2,0
54.00001024,3,1
54.00001024,4,0
54.10001024,0,0
54.10001024,1,1
54.10001024,2,0
54.10001024,3,1
54.10001024,4,0
54.20001024,0,0
54.20001024,1,1
54.20001024,2,0
54.20001024,3,1
54.20001024,4,0
54.30001024,0,0
54.30001024,1,1
54.30001024,2,0
54.30001024,3,1
54.30001024,4,0
54.40001024,0,0
54.40001024,1,1
54.40001024,2,0
54.40001024,3,1
54.40001024,4,0
54.50001024,0,0
54.50001024,1,1
54.50001024,2,0
54.50001024,3,0
54.50001024,4,0
54.60001024,0,0
54.60001024,1,1
54.60001024,2,0
54.60001024,3,0
54.60001024,4,0
54.70001024,0,0
54.70001024,1,1
54.70001024,2,0
54.70001024,3,0
54.70001024,4,0
54.80001024,0,0
54.80001024,1,1
54.80001024,2,0
54.80001024,3,0
54.80001024,4,0
54.90001024,0,0
54.90001024,1,1
54.90001024,2,0
54.90001024,3,0
54.90001024,4,0
55.00001024,0,0
55.00001024,1,1
55.00001024,2,0
55.00001024,3,0
55.00001024,4,0
55.10001024,0,0
55.10001024,1,1
55.10001024,2,0
55.10001024,3,0
55.10001024,4,0
55.20001024,0,0
55.20001024,1,1
55.20001024,2,0
55.20001024,3,0
55.20001024,4,0
55.30001024,0,1
55.30001024,1,1
55.30001024,2,0
55.30001024,3,0
55.30001024,4,0
55.40001024,0,1
55.40001024,1,1
55.40001024,2,0
55.40001024,3,0
55.40001024,4,0
55.50001024,0,0
55.50001024,1,1
55.50001024,2,0
55.50001024,3,0
55.50001024,4,0
55.60001024,0,1
55.60001024,1,1
55.60001024,2,0
55.60001024,3,0
55.60001024,4,0
55.70001024,0,1
55.70001024,1,1
55.70001024,2,0
55.70001024,3,0
55.70001024,4,0
55.80001024,0,1
55.80001024,1,1
55.80001024,2,0
55.80001024,3,0
55.80001024,4,0
55.90001024,0,1
55.90001024,1,1
55.90001024,2,0
55.90001024,3,0
55.90001024,4,0
56.00001024,0,1
56.00001024,1,1
56.00001024,2,0
56.00001024,3,0
56.00001024,4,0
56.10001024,0,1
56.10001024,1,1
56.10001024,2,0
56.10001024,3,0
56.10001024,4,0
56.20001024,0,1
56.20001024,1,1
56.20001024,2,0
56.20001024,3,0
56.20001024,4,0
56.30001024,0,1
56.30001024,1,1
56.30001024,2,0
56.30001024,3,0
56.30001024,4,0
56.40001024,0,1
56.40001024,1,1
56.40001024,2,0
56.40001024,3,0
56.40001024,4,0
56.50001024,0,1
56.50001024,1,1
56.50001024,2,0
56.50001024,3,0
56.50001024,4,0
56.60001024,0,1
56.60001024,1,1
56.60001024,2,0
56.60001024,3,0
56.60001024,4,0
56.70001024,0,1
56.70001024,1,1
56.70001024,2,0
56.70001024,3,0
56.70001024,4,0
56.80001024,0,1
56.80001024,1,1
56.80001024,2,0
56.80001024,3,0
56.80001024,4,0
56.90001024,0,0
56.90001024,1,1
56.90001024,2,0
56.90001024,3,0
56.90001024,4,0
57.00001024,0,0
57.00001024,1,1
57.00001024,2,0
57.00001024,3,0
57.00001024,4,0
57.10001024,0,0
57.10001024,1,1
57.10001024,2,0
57.10001024,3,0
57.10001024,4,0
57.20001024,0,0
57.20001024,1,1
57.20001024,2,0
57.20001024,3,0
57.20001024,4,0
57.30001024,0,0
57.30001024,1,1
57.30001024,2,0
57.30001024,3,0
57.30001024,4,0
57.40001024,0,0
57.40001024,1,1
57.40001024,2,0
57.40001024,3,0
57.40001024,4,0
57.50001024,0,0
57.50001024,1,1
57.50001024,2,0
57.50001024,3,0
57.50001024,4,0
57.60001024,0,0
57.60001024,1,1
57.60001024,2,0
57.60001024,3,0
57.60001024,4,0
57.70001024,0,0
57.70001024,1,1
57.70001024,2,0
57.70001024,3,0
57.70001024,4,0
57.80001024,0,0
57.80001024,1,1
57.80001024,2,0
57.80001024,3,0
57.80001024,4,0
57.90001024,0,0
57.90001024,1,1
57.90001024,2,0
57.90001024,3,0
57.90001024,4,0
58.00001024,0,0
58.00001024,1,1
58.00001024,2,0
58.00001024,3,0
58.00001024,4,0
58.10001024,0,0
58.10001024,1,1
58.10001024,2,0
58.10001024,3,0
58.10001024,4,0
58.20001024,0,0
58.20001024,1,1
58.20001024,2,0
58.20001024,3,0
58.20001024,4,0
58.30001024,0,0
58.30001024,1,1
58.30001024,2,0
58.30001024,3,0
58.30001024,4,0
58.40001024,0,0
58.40001024,1,1
58.40001024,2,0
58.40001024,3,0
58.40001024,4,0
58.50001024,0,0
58.50001024,1,1
58.50001024,2,0
58.50001024,3,0
58.50001024,4,0
58.60001024,0,0
58.60001024,1,1
58.60001024,2,0
58.60001024,3,0
58.60001024,4,0
58.70001024,0,0
58.70001024,1,1
58.70001024,2,0
58.70001024,3,0
58.70001024,4,0
58.80001024,0,0
58.80001024,1,1
58.80001024,2,0
58.80001024,3,0
58.80001024,4,0
58.90001024,0,0
58.90001024,1,1
58.90001024,2,0
58.90001024,3,0
58.90001024,4,0
59.00001024,0,0
59.00001024,1,1
59.00001024,2,0
59.00001024,3,0
59.00001024,4,0
59.10001024,0,0
59.10001024,1,1
59.10001024,2,0
59.10001024,3,0
59.10001024,4,0
59.20001024,0,0
59.20001024,1,1
59.20001024,2,0
59.20001024,3,0
59.20001024,4,0
59.30001024,0,0
59.30001024,1,1
59.30001024,2,0
59.30001024,3,0
59.30001024,4,0
59.40001024,0,0
59.40001024,1,1
59.40001024,2,0
59.40001024,3,0
59.40001024,4,0
59.50001024,0,0
59.50001024,1,1
59.50001024,2,0
59.50001024,3,0
59.50001024,4,0
59.60001024,0,0
59.60001024,1,1
59.60001024,2,0
59.60001024,3,0
59.60001024,4,0
59.70001024,0,0
59.70001024,1,1
59.70001024,2,0
59.70001024,3,0
59.70001024,4,0
59.80001024,0,0
59.80001024,1,1
59.80001024,2,0
59.80001024,3,0
59.80001024,4,0
59.90001024,0,0
59.90001024,1,1
59.90001024,2,0
59.90001024,3,0
59.90001024,4,0
60.00001024,0,0
60.00001024,1,1
60.00001024,2,0
60.00001024,3,0
60.00001024,4,0
