simTime,MCCIndex,specWeatherModel
0.1,0,0
0.10001,0,0
0.1,1,1.17494
0.10001,1,17.6053
0.1,2,1.38617
0.10001,2,1.38617
0.1,3,2.16944
0.10001,3,2.16944
0.1,4,4.46035
0.10001,4,4.46035
0.2,0,0
0.20001,0,0
0.2,1,17.6053
0.20001,1,41.0383
0.2,2,1.38617
0.20001,2,1.38617
0.2,3,2.16944
0.20001,3,26.2503
0.2,4,4.46035
0.20001,4,4.46035
0.3,0,0
0.30001,0,0.548682
0.3,1,41.0383
0.30001,1,28.5443
0.3,2,1.38617
0.30001,2,1.38617
0.3,3,26.2503
0.30001,3,26.2503
0.3,4,4.46035
0.30001,4,4.46035
0.4,0,0.548682
0.40001,0,0.548682
0.4,1,28.5443
0.40001,1,28.5443
0.4,2,1.38617
0.40001,2,1.38617
0.4,3,26.2503
0.40001,3,50.9473
0.4,4,4.46035
0.40001,4,4.46035
0.5,0,0.548682
0.50001,0,0
0.5,1,28.5443
0.50001,1,28.5443
0.5,2,1.38617
0.50001,2,1.38617
0.5,3,50.9473
0.50001,3,50.9473
0.5,4,4.46035
0.50001,4,4.46035
0.6,0,0
0.60001,0,0
0.6,1,28.5443
0.60001,1,15.9079
0.6,2,1.38617
0.60001,2,1.38617
0.6,3,50.9473
0.60001,3,68.6651
0.6,4,4.46035
0.60001,4,4.46035
0.7,0,0
0.70001,0,0
0.7,1,15.9079
0.70001,1,15.9079
0.7,2,1.38617
0.70001,2,1.38617
0.7,3,68.6651
0.70001,3,68.6651
0.7,4,4.46035
0.70001,4,4.46035
0.8,0,0
0.80001,0,0
0.8,1,15.9079
0.80001,1,15.9079
0.8,2,1.38617
0.80001,2,11.3778
0.8,3,68.6651
0.80001,3,73.7524
0.8,4,4.46035
0.80001,4,4.46035
0.9,0,0
0.90001,0,0
0.9,1,15.9079
0.90001,1,15.9079
0.9,2,11.3778
0.90001,2,33.3783
0.9,3,73.7524
0.90001,3,73.7524
0.9,4,4.46035
0.90001,4,10.0934
1,0,0
1.00001,0,0
1,1,15.9079
1.00001,1,15.9079
1,2,33.3783
1.00001,2,15.1626
1,3,73.7524
1.00001,3,73.7524
1,4,10.0934
1.00001,4,32.0897
1.1,0,0
1.10001,0,0
1.1,1,15.9079
1.10001,1,15.9079
1.1,2,15.1626
1.10001,2,15.1626
1.1,3,73.7524
1.10001,3,52.4498
1.1,4,32.0897
1.10001,4,32.0897
1.2,0,0
1.20001,0,0
1.2,1,15.9079
1.20001,1,15.9079
1.2,2,15.1626
1.20001,2,37.5701
1.2,3,52.4498
1.20001,3,72.0995
1.2,4,32.0897
1.20001,4,32.0897
1.3,0,0
1.30001,0,0
1.3,1,15.9079
1.30001,1,15.9079
1.3,2,37.5701
1.30001,2,61.6925
1.3,3,72.0995
1.30001,3,72.0995
1.3,4,32.0897
1.30001,4,32.0897
1.4,0,0
1.40001,0,0
1.4,1,15.9079
1.40001,1,15.9079
1.4,2,61.6925
1.40001,2,61.6925
1.4,3,72.0995
1.40001,3,72.0995
1.4,4,32.0897
1.40001,4,32.0897
1.5,0,0
1.50001,0,9.97588
1.5,1,15.9079
1.50001,1,15.9079
1.5,2,61.6925
1.50001,2,61.6925
1.5,3,72.0995
1.50001,3,72.0995
1.5,4,32.0897
1.50001,4,32.0897
1.6,0,9.97588
1.60001,0,9.97588
1.6,1,15.9079
1.60001,1,15.9079
1.6,2,61.6925
1.60001,2,64.2205
1.6,3,72.0995
1.60001,3,72.0995
1.6,4,32.0897
1.60001,4,32.0897
1.7,0,9.97588
1.70001,0,2.93032
1.7,1,15.9079
1.70001,1,15.9079
1.7,2,64.2205
1.70001,2,64.2205
1.7,3,72.0995
1.70001,3,72.0995
1.7,4,32.0897
1.70001,4,32.0897
1.8,0,2.93032
1.80001,0,6.8226
1.8,1,15.9079
1.80001,1,11.2592
1.8,2,64.2205
1.80001,2,44.4386
1.8,3,72.0995
1.80001,3,72.0995
1.8,4,32.0897
1.80001,4,32.0897
1.9,0,6.8226
1.90001,0,0.23091
1.9,1,11.2592
1.90001,1,11.2592
1.9,2,44.4386
1.90001,2,44.4386
1.9,3,72.0995
1.90001,3,72.0995
1.9,4,32.0897
1.90001,4,32.0897
2,0,0.23091
2.00001,0,0.23091
2,1,11.2592
2.00001,1,31.1656
2,2,44.4386
2.00001,2,44.4386
2,3,72.0995
2.00001,3,72.0995
2,4,32.0897
2.00001,4,32.0897
2.1,0,0.23091
2.10001,0,0.23091
2.1,1,31.1656
2.10001,1,41.5692
2.1,2,44.4386
2.10001,2,44.4386
2.1,3,72.0995
2.10001,3,85.687
2.1,4,32.0897
2.10001,4,38.9778
2.2,0,0.23091
2.20001,0,0
2.2,1,41.5692
2.20001,1,41.5692
2.2,2,44.4386
2.20001,2,44.4386
2.2,3,85.687
2.20001,3,95.4838
2.2,4,38.9778
2.20001,4,38.9778
2.3,0,0
2.30001,0,22.9652
2.3,1,41.5692
2.30001,1,41.5692
2.3,2,44.4386
2.30001,2,44.4386
2.3,3,95.4838
2.30001,3,95.4838
2.3,4,38.9778
2.30001,4,58.8412
2.4,0,22.9652
2.40001,0,22.9652
2.4,1,41.5692
2.40001,1,35.0072
2.4,2,44.4386
2.40001,2,44.4386
2.4,3,95.4838
2.40001,3,95.4838
2.4,4,58.8412
2.40001,4,58.8412
2.5,0,22.9652
2.50001,0,29.7464
2.5,1,35.0072
2.50001,1,35.0072
2.5,2,44.4386
2.50001,2,44.4386
2.5,3,95.4838
2.50001,3,95.4838
2.5,4,58.8412
2.50001,4,35.622
2.6,0,29.7464
2.60001,0,53.3957
2.6,1,35.0072
2.60001,1,35.0072
2.6,2,44.4386
2.60001,2,44.4386
2.6,3,95.4838
2.60001,3,95.4838
2.6,4,35.622
2.60001,4,35.622
2.7,0,53.3957
2.70001,0,39.9509
2.7,1,35.0072
2.70001,1,35.0072
2.7,2,44.4386
2.70001,2,44.4386
2.7,3,95.4838
2.70001,3,95.4838
2.7,4,35.622
2.70001,4,35.622
2.8,0,39.9509
2.80001,0,39.9509
2.8,1,35.0072
2.80001,1,35.0072
2.8,2,44.4386
2.80001,2,44.4386
2.8,3,95.4838
2.80001,3,95.4838
2.8,4,35.622
2.80001,4,35.622
2.9,0,39.9509
2.90001,0,22.9381
2.9,1,35.0072
2.90001,1,35.0072
2.9,2,44.4386
2.90001,2,46.0818
2.9,3,95.4838
2.90001,3,95.4838
2.9,4,35.622
2.90001,4,35.622
3,0,22.9381
3.00001,0,28.0002
3,1,35.0072
3.00001,1,35.0072
3,2,46.0818
3.00001,2,46.0818
3,3,95.4838
3.00001,3,95.4838
3,4,35.622
3.00001,4,35.622
3.1,0,28.0002
3.10001,0,28.0002
3.1,1,35.0072
3.10001,1,35.0072
3.1,2,46.0818
3.10001,2,43.3915
3.1,3,95.4838
3.10001,3,95.4838
3.1,4,35.622
3.10001,4,35.622
3.2,0,28.0002
3.20001,0,28.0002
3.2,1,35.0072
3.20001,1,53.363
3.2,2,43.3915
3.20001,2,43.3915
3.2,3,95.4838
3.20001,3,100.707
3.2,4,35.622
3.20001,4,47.3962
3.3,0,28.0002
3.30001,0,28.0002
3.3,1,53.363
3.30001,1,53.363
3.3,2,43.3915
3.30001,2,43.3915
3.3,3,100.707
3.30001,3,100.707
3.3,4,47.3962
3.30001,4,54.8353
3.4,0,28.0002
3.40001,0,33.5002
3.4,1,53.363
3.40001,1,53.363
3.4,2,43.3915
3.40001,2,43.3915
3.4,3,100.707
3.40001,3,100.707
3.4,4,54.8353
3.40001,4,36.2428
3.5,0,33.5002
3.50001,0,39.584
3.5,1,53.363
3.50001,1,53.363
3.5,2,43.3915
3.50001,2,43.3915
3.5,3,100.707
3.50001,3,100.707
3.5,4,36.2428
3.50001,4,36.2428
3.6,0,39.584
3.60001,0,39.584
3.6,1,53.363
3.60001,1,75.4939
3.6,2,43.3915
3.60001,2,43.3915
3.6,3,100.707
3.60001,3,113.088
3.6,4,36.2428
3.60001,4,36.2428
3.7,0,39.584
3.70001,0,39.584
3.7,1,75.4939
3.70001,1,75.4939
3.7,2,43.3915
3.70001,2,43.3915
3.7,3,113.088
3.70001,3,134.437
3.7,4,36.2428
3.70001,4,36.2428
3.8,0,39.584
3.80001,0,39.584
3.8,1,75.4939
3.80001,1,75.4939
3.8,2,43.3915
3.80001,2,43.3915
3.8,3,134.437
3.80001,3,123.055
3.8,4,36.2428
3.80001,4,36.2428
3.9,0,39.584
3.90001,0,39.584
3.9,1,75.4939
3.90001,1,64.93
3.9,2,43.3915
3.90001,2,43.3915
3.9,3,123.055
3.90001,3,123.055
3.9,4,36.2428
3.90001,4,53.6329
4,0,39.584
4.00001,0,39.584
4,1,64.93
4.00001,1,64.93
4,2,43.3915
4.00001,2,43.3915
4,3,123.055
4.00001,3,134.074
4,4,53.6329
4.00001,4,49.1707
4.1,0,39.584
4.10001,0,39.584
4.1,1,64.93
4.10001,1,82.6355
4.1,2,43.3915
4.10001,2,43.3915
4.1,3,134.074
4.10001,3,145.395
4.1,4,49.1707
4.10001,4,44.985
4.2,0,39.584
4.20001,0,39.584
4.2,1,82.6355
4.20001,1,82.6355
4.2,2,43.3915
4.20001,2,52.8408
4.2,3,145.395
4.20001,3,145.395
4.2,4,44.985
4.20001,4,51.1471
4.3,0,39.584
4.30001,0,39.584
4.3,1,82.6355
4.30001,1,82.6355
4.3,2,52.8408
4.30001,2,68.0753
4.3,3,145.395
4.30001,3,145.395
4.3,4,51.1471
4.30001,4,51.1471
4.4,0,39.584
4.40001,0,39.584
4.4,1,82.6355
4.40001,1,90.9097
4.4,2,68.0753
4.40001,2,68.0753
4.4,3,145.395
4.40001,3,167.692
4.4,4,51.1471
4.40001,4,39.7434
4.5,0,39.584
4.50001,0,20.3241
4.5,1,90.9097
4.50001,1,90.9097
4.5,2,68.0753
4.50001,2,68.0753
4.5,3,167.692
4.50001,3,167.692
4.5,4,39.7434
4.50001,4,39.7434
4.6,0,20.3241
4.60001,0,20.3241
4.6,1,90.9097
4.60001,1,82.2663
4.6,2,68.0753
4.60001,2,68.0753
4.6,3,167.692
4.60001,3,167.692
4.6,4,39.7434
4.60001,4,15.6439
4.7,0,20.3241
4.70001,0,20.3241
4.7,1,82.2663
4.70001,1,86.4964
4.7,2,68.0753
4.70001,2,68.0753
4.7,3,167.692
4.70001,3,167.692
4.7,4,15.6439
4.70001,4,15.6439
4.8,0,20.3241
4.80001,0,20.3241
4.8,1,86.4964
4.80001,1,86.4964
4.8,2,68.0753
4.80001,2,68.0753
4.8,3,167.692
4.80001,3,163.333
4.8,4,15.6439
4.80001,4,15.1502
4.9,0,20.3241
4.90001,0,31.8134
4.9,1,86.4964
4.90001,1,73.5314
4.9,2,68.0753
4.90001,2,45.8161
4.9,3,163.333
4.90001,3,163.333
4.9,4,15.1502
4.90001,4,13.2147
5,0,31.8134
5.00001,0,12.0942
5,1,73.5314
5.00001,1,73.5314
5,2,45.8161
5.00001,2,45.8161
5,3,163.333
5.00001,3,163.333
5,4,13.2147
5.00001,4,27.2546
5.1,0,12.0942
5.10001,0,8.43264
5.1,1,73.5314
5.10001,1,79.6224
5.1,2,45.8161
5.10001,2,45.2793
5.1,3,163.333
5.10001,3,163.333
5.1,4,27.2546
5.10001,4,27.2546
5.2,0,8.43264
5.20001,0,8.43264
5.2,1,79.6224
5.20001,1,79.6224
5.2,2,45.2793
5.20001,2,45.2793
5.2,3,163.333
5.20001,3,182.379
5.2,4,27.2546
5.20001,4,27.2546
5.3,0,8.43264
5.30001,0,8.43264
5.3,1,79.6224
5.30001,1,79.6224
5.3,2,45.2793
5.30001,2,45.2793
5.3,3,182.379
5.30001,3,160.232
5.3,4,27.2546
5.30001,4,27.2546
5.4,0,8.43264
5.40001,0,8.43264
5.4,1,79.6224
5.40001,1,79.6224
5.4,2,45.2793
5.40001,2,45.2793
5.4,3,160.232
5.40001,3,160.232
5.4,4,27.2546
5.40001,4,27.2546
5.5,0,8.43264
5.50001,0,8.43264
5.5,1,79.6224
5.50001,1,74.0263
5.5,2,45.2793
5.50001,2,45.2793
5.5,3,160.232
5.50001,3,153.716
5.5,4,27.2546
5.50001,4,27.2546
5.6,0,8.43264
5.60001,0,8.43264
5.6,1,74.0263
5.60001,1,64.4076
5.6,2,45.2793
5.60001,2,40.0644
5.6,3,153.716
5.60001,3,153.716
5.6,4,27.2546
5.60001,4,22.1413
5.7,0,8.43264
5.70001,0,8.43264
5.7,1,64.4076
5.70001,1,64.4076
5.7,2,40.0644
5.70001,2,40.0644
5.7,3,153.716
5.70001,3,129.461
5.7,4,22.1413
5.70001,4,22.1413
5.8,0,8.43264
5.80001,0,8.43264
5.8,1,64.4076
5.80001,1,55.4229
5.8,2,40.0644
5.80001,2,20.3605
5.8,3,129.461
5.80001,3,105.493
5.8,4,22.1413
5.80001,4,32.2445
5.9,0,8.43264
5.90001,0,8.43264
5.9,1,55.4229
5.90001,1,72.9049
5.9,2,20.3605
5.90001,2,20.3605
5.9,3,105.493
5.90001,3,105.493
5.9,4,32.2445
5.90001,4,32.2445
6,0,8.43264
6.00001,0,8.43264
6,1,72.9049
6.00001,1,83.7581
6,2,20.3605
6.00001,2,20.3605
6,3,105.493
6.00001,3,105.493
6,4,32.2445
6.00001,4,32.2445
6.1,0,8.43264
6.10001,0,8.43264
6.1,1,83.7581
6.10001,1,98.7007
6.1,2,20.3605
6.10001,2,20.3605
6.1,3,105.493
6.10001,3,105.493
6.1,4,32.2445
6.10001,4,10.3878
6.2,0,8.43264
6.20001,0,28.8595
6.2,1,98.7007
6.20001,1,98.7007
6.2,2,20.3605
6.20001,2,20.3605
6.2,3,105.493
6.20001,3,105.493
6.2,4,10.3878
6.20001,4,9.47353
6.3,0,28.8595
6.30001,0,7.24861
6.3,1,98.7007
6.30001,1,98.7007
6.3,2,20.3605
6.30001,2,20.2011
6.3,3,105.493
6.30001,3,113.223
6.3,4,9.47353
6.30001,4,9.47353
6.4,0,7.24861
6.40001,0,11.8443
6.4,1,98.7007
6.40001,1,98.7007
6.4,2,20.2011
6.40001,2,20.2011
6.4,3,113.223
6.40001,3,113.223
6.4,4,9.47353
6.40001,4,0
6.5,0,11.8443
6.50001,0,11.8443
6.5,1,98.7007
6.50001,1,98.7007
6.5,2,20.2011
6.50001,2,7.97498
6.5,3,113.223
6.50001,3,113.223
6.5,4,0
6.50001,4,0
6.6,0,11.8443
6.60001,0,11.8443
6.6,1,98.7007
6.60001,1,98.7007
6.6,2,7.97498
6.60001,2,7.97498
6.6,3,113.223
6.60001,3,95.5538
6.6,4,0
6.60001,4,6.90391
6.7,0,11.8443
6.70001,0,11.8443
6.7,1,98.7007
6.70001,1,98.7007
6.7,2,7.97498
6.70001,2,7.97498
6.7,3,95.5538
6.70001,3,95.5538
6.7,4,6.90391
6.70001,4,6.90391
6.8,0,11.8443
6.80001,0,17.9459
6.8,1,98.7007
6.80001,1,98.7007
6.8,2,7.97498
6.80001,2,7.97498
6.8,3,95.5538
6.80001,3,95.5538
6.8,4,6.90391
6.80001,4,22.6916
6.9,0,17.9459
6.90001,0,17.9459
6.9,1,98.7007
6.90001,1,98.7007
6.9,2,7.97498
6.90001,2,30.4086
6.9,3,95.5538
6.90001,3,95.5538
6.9,4,22.6916
6.90001,4,25.962
7,0,17.9459
7.00001,0,17.9459
7,1,98.7007
7.00001,1,98.7007
7,2,30.4086
7.00001,2,30.4086
7,3,95.5538
7.00001,3,95.5538
7,4,25.962
7.00001,4,25.962
7.1,0,17.9459
7.10001,0,17.9459
7.1,1,98.7007
7.10001,1,98.7007
7.1,2,30.4086
7.10001,2,30.4086
7.1,3,95.5538
7.10001,3,94.8872
7.1,4,25.962
7.10001,4,48.3322
7.2,0,17.9459
7.20001,0,17.9459
7.2,1,98.7007
7.20001,1,98.7007
7.2,2,30.4086
7.20001,2,45.9995
7.2,3,94.8872
7.20001,3,94.8872
7.2,4,48.3322
7.20001,4,48.3322
7.3,0,17.9459
7.30001,0,17.9459
7.3,1,98.7007
7.30001,1,98.7007
7.3,2,45.9995
7.30001,2,39.0759
7.3,3,94.8872
7.30001,3,111.392
7.3,4,48.3322
7.30001,4,48.3322
7.4,0,17.9459
7.40001,0,17.9459
7.4,1,98.7007
7.40001,1,98.7007
7.4,2,39.0759
7.40001,2,39.0759
7.4,3,111.392
7.40001,3,111.392
7.4,4,48.3322
7.40001,4,48.3322
7.5,0,17.9459
7.50001,0,17.9459
7.5,1,98.7007
7.50001,1,98.7007
7.5,2,39.0759
7.50001,2,48.4519
7.5,3,111.392
7.50001,3,111.392
7.5,4,48.3322
7.50001,4,32.66
7.6,0,17.9459
7.60001,0,28.5279
7.6,1,98.7007
7.60001,1,106.283
7.6,2,48.4519
7.60001,2,48.4519
7.6,3,111.392
7.60001,3,111.392
7.6,4,32.66
7.60001,4,32.66
7.7,0,28.5279
7.70001,0,28.5279
7.7,1,106.283
7.70001,1,120.876
7.7,2,48.4519
7.70001,2,24.6857
7.7,3,111.392
7.70001,3,94.1662
7.7,4,32.66
7.70001,4,41.8103
7.8,0,28.5279
7.80001,0,28.5279
7.8,1,120.876
7.80001,1,141.672
7.8,2,24.6857
7.80001,2,24.6857
7.8,3,94.1662
7.80001,3,115.085
7.8,4,41.8103
7.80001,4,41.8103
7.9,0,28.5279
7.90001,0,28.5279
7.9,1,141.672
7.90001,1,134.127
7.9,2,24.6857
7.90001,2,48.0112
7.9,3,115.085
7.90001,3,115.085
7.9,4,41.8103
7.90001,4,41.8103
8,0,28.5279
8.00001,0,28.5279
8,1,134.127
8.00001,1,147.407
8,2,48.0112
8.00001,2,48.0112
8,3,115.085
8.00001,3,117.431
8,4,41.8103
8.00001,4,60.9637
8.1,0,28.5279
8.10001,0,4.94752
8.1,1,147.407
8.10001,1,153.436
8.1,2,48.0112
8.10001,2,68.5484
8.1,3,117.431
8.10001,3,117.431
8.1,4,60.9637
8.10001,4,43.7519
8.2,0,4.94752
8.20001,0,14.2456
8.2,1,153.436
8.20001,1,175.495
8.2,2,68.5484
8.20001,2,68.5484
8.2,3,117.431
8.20001,3,117.431
8.2,4,43.7519
8.20001,4,43.7519
8.3,0,14.2456
8.30001,0,11.9151
8.3,1,175.495
8.30001,1,175.495
8.3,2,68.5484
8.30001,2,68.5484
8.3,3,117.431
8.30001,3,117.431
8.3,4,43.7519
8.30001,4,43.7519
8.4,0,11.9151
8.40001,0,11.9151
8.4,1,175.495
8.40001,1,175.495
8.4,2,68.5484
8.40001,2,60.9589
8.4,3,117.431
8.40001,3,117.431
8.4,4,43.7519
8.40001,4,43.7519
8.5,0,11.9151
8.50001,0,11.9151
8.5,1,175.495
8.50001,1,173.549
8.5,2,60.9589
8.50001,2,60.9589
8.5,3,117.431
8.50001,3,93.3952
8.5,4,43.7519
8.50001,4,43.7519
8.6,0,11.9151
8.60001,0,11.9151
8.6,1,173.549
8.60001,1,173.549
8.6,2,60.9589
8.60001,2,62.6953
8.6,3,93.3952
8.60001,3,97.3059
8.6,4,43.7519
8.60001,4,43.7519
8.7,0,11.9151
8.70001,0,0
8.7,1,173.549
8.70001,1,173.549
8.7,2,62.6953
8.70001,2,69.9089
8.7,3,97.3059
8.70001,3,97.3059
8.7,4,43.7519
8.70001,4,38.7791
8.8,0,0
8.80001,0,0
8.8,1,173.549
8.80001,1,173.549
8.8,2,69.9089
8.80001,2,69.9089
8.8,3,97.3059
8.80001,3,97.3059
8.8,4,38.7791
8.80001,4,38.7791
8.9,0,0
8.90001,0,0
8.9,1,173.549
8.90001,1,159.769
8.9,2,69.9089
8.90001,2,69.9089
8.9,3,97.3059
8.90001,3,97.3059
8.9,4,38.7791
8.90001,4,38.7791
9,0,0
9.00001,0,15.6443
9,1,159.769
9.00001,1,159.309
9,2,69.9089
9.00001,2,53.9792
9,3,97.3059
9.00001,3,97.3059
9,4,38.7791
9.00001,4,38.7791
9.1,0,15.6443
9.10001,0,15.6443
9.1,1,159.309
9.10001,1,159.309
9.1,2,53.9792
9.10001,2,53.9792
9.1,3,97.3059
9.10001,3,97.3059
9.1,4,38.7791
9.10001,4,38.7791
9.2,0,15.6443
9.20001,0,10.6109
9.2,1,159.309
9.20001,1,159.229
9.2,2,53.9792
9.20001,2,76.6548
9.2,3,97.3059
9.20001,3,97.3059
9.2,4,38.7791
9.20001,4,38.7791
9.3,0,10.6109
9.30001,0,30.1957
9.3,1,159.229
9.30001,1,159.229
9.3,2,76.6548
9.30001,2,101.41
9.3,3,97.3059
9.30001,3,97.3059
9.3,4,38.7791
9.30001,4,38.7791
9.4,0,30.1957
9.40001,0,30.1957
9.4,1,159.229
9.40001,1,135.117
9.4,2,101.41
9.40001,2,86.9835
9.4,3,97.3059
9.40001,3,91.7855
9.4,4,38.7791
9.40001,4,48.8833
9.5,0,30.1957
9.50001,0,30.1957
9.5,1,135.117
9.50001,1,145.821
9.5,2,86.9835
9.50001,2,86.9835
9.5,3,91.7855
9.50001,3,91.7855
9.5,4,48.8833
9.50001,4,48.8833
9.6,0,30.1957
9.60001,0,30.1957
9.6,1,145.821
9.60001,1,145.821
9.6,2,86.9835
9.60001,2,86.9835
9.6,3,91.7855
9.60001,3,91.7855
9.6,4,48.8833
9.60001,4,48.8833
9.7,0,30.1957
9.70001,0,30.1957
9.7,1,145.821
9.70001,1,161.815
9.7,2,86.9835
9.70001,2,79.7035
9.7,3,91.7855
9.70001,3,91.7855
9.7,4,48.8833
9.70001,4,48.8833
9.8,0,30.1957
9.80001,0,30.1957
9.8,1,161.815
9.80001,1,158.011
9.8,2,79.7035
9.80001,2,61.9828
9.8,3,91.7855
9.80001,3,106.707
9.8,4,48.8833
9.80001,4,71.5903
9.9,0,30.1957
9.90001,0,30.1957
9.9,1,158.011
9.90001,1,158.011
9.9,2,61.9828
9.90001,2,68.6561
9.9,3,106.707
9.90001,3,106.707
9.9,4,71.5903
9.90001,4,71.5903
10,0,30.1957
10.00001,0,30.1957
10,1,158.011
10.00001,1,158.011
10,2,68.6561
10.00001,2,68.6561
10,3,106.707
10.00001,3,82.1203
10,4,71.5903
10.00001,4,71.0209
10.1,0,30.1957
10.10001,0,30.1957
10.1,1,158.011
10.10001,1,159.834
10.1,2,68.6561
10.10001,2,81.2978
10.1,3,82.1203
10.10001,3,82.1203
10.1,4,71.0209
10.10001,4,71.0209
10.2,0,30.1957
10.20001,0,21.7702
10.2,1,159.834
10.20001,1,165.343
10.2,2,81.2978
10.20001,2,85.6504
10.2,3,82.1203
10.20001,3,100.71
10.2,4,71.0209
10.20001,4,71.0209
10.3,0,21.7702
10.30001,0,9.11024
10.3,1,165.343
10.30001,1,165.343
10.3,2,85.6504
10.30001,2,85.6504
10.3,3,100.71
10.30001,3,100.71
10.3,4,71.0209
10.30001,4,71.0209
10.4,0,9.11024
10.40001,0,9.11024
10.4,1,165.343
10.40001,1,168.576
10.4,2,85.6504
10.40001,2,85.6504
10.4,3,100.71
10.40001,3,100.71
10.4,4,71.0209
10.40001,4,71.0209
10.5,0,9.11024
10.50001,0,9.11024
10.5,1,168.576
10.50001,1,168.576
10.5,2,85.6504
10.50001,2,85.6504
10.5,3,100.71
10.50001,3,100.71
10.5,4,71.0209
10.50001,4,88.2136
10.6,0,9.11024
10.60001,0,9.11024
10.6,1,168.576
10.60001,1,184.309
10.6,2,85.6504
10.60001,2,85.6504
10.6,3,100.71
10.60001,3,100.71
10.6,4,88.2136
10.60001,4,88.2136
10.7,0,9.11024
10.70001,0,9.11024
10.7,1,184.309
10.70001,1,184.309
10.7,2,85.6504
10.70001,2,96.7203
10.7,3,100.71
10.70001,3,97.8231
10.7,4,88.2136
10.70001,4,88.2136
10.8,0,9.11024
10.80001,0,0.116837
10.8,1,184.309
10.80001,1,197.616
10.8,2,96.7203
10.80001,2,82.8171
10.8,3,97.8231
10.80001,3,76.2395
10.8,4,88.2136
10.80001,4,88.2136
10.9,0,0.116837
10.90001,0,20.5406
10.9,1,197.616
10.90001,1,197.616
10.9,2,82.8171
10.90001,2,69.1479
10.9,3,76.2395
10.90001,3,70.313
10.9,4,88.2136
10.90001,4,88.2136
11,0,20.5406
11.00001,0,20.5406
11,1,197.616
11.00001,1,197.616
11,2,69.1479
11.00001,2,69.1479
11,3,70.313
11.00001,3,70.313
11,4,88.2136
11.00001,4,88.2136
11.1,0,20.5406
11.10001,0,12.5129
11.1,1,197.616
11.10001,1,197.616
11.1,2,69.1479
11.10001,2,69.1479
11.1,3,70.313
11.10001,3,70.313
11.1,4,88.2136
11.10001,4,88.2136
11.2,0,12.5129
11.20001,0,0
11.2,1,197.616
11.20001,1,197.616
11.2,2,69.1479
11.20001,2,69.1479
11.2,3,70.313
11.20001,3,70.313
11.2,4,88.2136
11.20001,4,88.2136
11.3,0,0
11.30001,0,0
11.3,1,197.616
11.30001,1,197.616
11.3,2,69.1479
11.30001,2,44.6234
11.3,3,70.313
11.30001,3,75.6305
11.3,4,88.2136
11.30001,4,72.8861
11.4,0,0
11.40001,0,0
11.4,1,197.616
11.40001,1,186.424
11.4,2,44.6234
11.40001,2,44.6234
11.4,3,75.6305
11.40001,3,75.6305
11.4,4,72.8861
11.40001,4,56.4312
11.5,0,0
11.50001,0,0
11.5,1,186.424
11.50001,1,186.424
11.5,2,44.6234
11.50001,2,44.6234
11.5,3,75.6305
11.50001,3,75.6305
11.5,4,56.4312
11.50001,4,81.1606
11.6,0,0
11.60001,0,0
11.6,1,186.424
11.60001,1,163.522
11.6,2,44.6234
11.60001,2,44.6234
11.6,3,75.6305
11.60001,3,75.6305
11.6,4,81.1606
11.60001,4,81.1606
11.7,0,0
11.70001,0,0
11.7,1,163.522
11.70001,1,166.444
11.7,2,44.6234
11.70001,2,21.5359
11.7,3,75.6305
11.70001,3,75.6305
11.7,4,81.1606
11.70001,4,81.1606
11.8,0,0
11.80001,0,0
11.8,1,166.444
11.80001,1,166.444
11.8,2,21.5359
11.80001,2,21.5359
11.8,3,75.6305
11.80001,3,75.6305
11.8,4,81.1606
11.80001,4,81.1606
11.9,0,0
11.90001,0,0
11.9,1,166.444
11.90001,1,153.235
11.9,2,21.5359
11.90001,2,23.0844
11.9,3,75.6305
11.90001,3,74.1881
11.9,4,81.1606
11.90001,4,81.1606
12,0,0
12.00001,0,0
12,1,153.235
12.00001,1,137.917
12,2,23.0844
12.00001,2,22.5005
12,3,74.1881
12.00001,3,74.1881
12,4,81.1606
12.00001,4,76.5585
12.1,0,0
12.10001,0,0
12.1,1,137.917
12.10001,1,137.917
12.1,2,22.5005
12.10001,2,22.5005
12.1,3,74.1881
12.10001,3,74.1881
12.1,4,76.5585
12.10001,4,76.5585
12.2,0,0
12.20001,0,0
12.2,1,137.917
12.20001,1,137.917
12.2,2,22.5005
12.20001,2,22.5005
12.2,3,74.1881
12.20001,3,74.1881
12.2,4,76.5585
12.20001,4,92.3499
12.3,0,0
12.30001,0,0
12.3,1,137.917
12.30001,1,139.763
12.3,2,22.5005
12.30001,2,1.11546
12.3,3,74.1881
12.30001,3,74.1881
12.3,4,92.3499
12.30001,4,92.3499
12.4,0,0
12.40001,0,0
12.4,1,139.763
12.40001,1,139.763
12.4,2,1.11546
12.40001,2,0.0604158
12.4,3,74.1881
12.40001,3,74.1881
12.4,4,92.3499
12.40001,4,102.88
12.5,0,0
12.50001,0,0
12.5,1,139.763
12.50001,1,159.384
12.5,2,0.0604158
12.50001,2,0.0604158
12.5,3,74.1881
12.50001,3,53.3658
12.5,4,102.88
12.50001,4,102.88
12.6,0,0
12.60001,0,0
12.6,1,159.384
12.60001,1,159.384
12.6,2,0.0604158
12.60001,2,21.3444
12.6,3,53.3658
12.60001,3,76.5644
12.6,4,102.88
12.60001,4,92.9521
12.7,0,0
12.70001,0,0
12.7,1,159.384
12.70001,1,159.384
12.7,2,21.3444
12.70001,2,21.3444
12.7,3,76.5644
12.70001,3,76.5644
12.7,4,92.9521
12.70001,4,92.9521
12.8,0,0
12.80001,0,0
12.8,1,159.384
12.80001,1,159.384
12.8,2,21.3444
12.80001,2,30.9258
12.8,3,76.5644
12.80001,3,76.5644
12.8,4,92.9521
12.80001,4,93.8703
12.9,0,0
12.90001,0,0
12.9,1,159.384
12.90001,1,151.011
12.9,2,30.9258
12.90001,2,23.8122
12.9,3,76.5644
12.90001,3,88.2053
12.9,4,93.8703
12.90001,4,93.8703
13,0,0
13.00001,0,0
13,1,151.011
13.00001,1,151.011
13,2,23.8122
13.00001,2,23.8122
13,3,88.2053
13.00001,3,68.9599
13,4,93.8703
13.00001,4,117.904
13.1,0,0
13.10001,0,0
13.1,1,151.011
13.10001,1,151.011
13.1,2,23.8122
13.10001,2,23.8122
13.1,3,68.9599
13.10001,3,68.9599
13.1,4,117.904
13.10001,4,117.904
13.2,0,0
13.20001,0,0
13.2,1,151.011
13.20001,1,151.011
13.2,2,23.8122
13.20001,2,31.5764
13.2,3,68.9599
13.20001,3,53.3058
13.2,4,117.904
13.20001,4,117.904
13.3,0,0
13.30001,0,0
13.3,1,151.011
13.30001,1,151.011
13.3,2,31.5764
13.30001,2,31.5764
13.3,3,53.3058
13.30001,3,53.3058
13.3,4,117.904
13.30001,4,117.904
13.4,0,0
13.40001,0,0
13.4,1,151.011
13.40001,1,151.011
13.4,2,31.5764
13.40001,2,31.5764
13.4,3,53.3058
13.40001,3,53.3058
13.4,4,117.904
13.40001,4,117.904
13.5,0,0
13.50001,0,0
13.5,1,151.011
13.50001,1,151.011
13.5,2,31.5764
13.50001,2,18.165
13.5,3,53.3058
13.50001,3,53.3058
13.5,4,117.904
13.50001,4,117.904
13.6,0,0
13.60001,0,18.5061
13.6,1,151.011
13.60001,1,151.011
13.6,2,18.165
13.60001,2,18.165
13.6,3,53.3058
13.60001,3,53.3058
13.6,4,117.904
13.60001,4,117.904
13.7,0,18.5061
13.70001,0,23.5613
13.7,1,151.011
13.70001,1,172.041
13.7,2,18.165
13.70001,2,18.165
13.7,3,53.3058
13.70001,3,53.3058
13.7,4,117.904
13.70001,4,93.9841
13.8,0,23.5613
13.80001,0,39.8032
13.8,1,172.041
13.80001,1,186.029
13.8,2,18.165
13.80001,2,18.165
13.8,3,53.3058
13.80001,3,53.3058
13.8,4,93.9841
13.80001,4,99.6521
13.9,0,39.8032
13.90001,0,39.8032
13.9,1,186.029
13.90001,1,186.029
13.9,2,18.165
13.90001,2,13.7521
13.9,3,53.3058
13.90001,3,53.3058
13.9,4,99.6521
13.90001,4,99.6521
14,0,39.8032
14.00001,0,61.3909
14,1,186.029
14.00001,1,186.029
14,2,13.7521
14.00001,2,13.7521
14,3,53.3058
14.00001,3,70.0911
14,4,99.6521
14.00001,4,81.9648
14.1,0,61.3909
14.10001,0,61.9872
14.1,1,186.029
14.10001,1,186.029
14.1,2,13.7521
14.10001,2,28.5612
14.1,3,70.0911
14.10001,3,70.0911
14.1,4,81.9648
14.10001,4,81.9648
14.2,0,61.9872
14.20001,0,61.2999
14.2,1,186.029
14.20001,1,186.029
14.2,2,28.5612
14.20001,2,28.5612
14.2,3,70.0911
14.20001,3,80.5933
14.2,4,81.9648
14.20001,4,81.9648
14.3,0,61.2999
14.30001,0,61.2999
14.3,1,186.029
14.30001,1,186.029
14.3,2,28.5612
14.30001,2,28.5612
14.3,3,80.5933
14.30001,3,100.407
14.3,4,81.9648
14.30001,4,81.9648
14.4,0,61.2999
14.40001,0,61.2999
14.4,1,186.029
14.40001,1,186.029
14.4,2,28.5612
14.40001,2,43.3654
14.4,3,100.407
14.40001,3,117.536
14.4,4,81.9648
14.40001,4,81.9648
14.5,0,61.2999
14.50001,0,61.2999
14.5,1,186.029
14.50001,1,172.155
14.5,2,43.3654
14.50001,2,26.0032
14.5,3,117.536
14.50001,3,117.536
14.5,4,81.9648
14.50001,4,75.7629
14.6,0,61.2999
14.60001,0,61.2999
14.6,1,172.155
14.60001,1,172.155
14.6,2,26.0032
14.60001,2,26.0032
14.6,3,117.536
14.60001,3,117.536
14.6,4,75.7629
14.60001,4,75.7629
14.7,0,61.2999
14.70001,0,61.2999
14.7,1,172.155
14.70001,1,172.155
14.7,2,26.0032
14.70001,2,26.0032
14.7,3,117.536
14.70001,3,105.819
14.7,4,75.7629
14.70001,4,75.7629
14.8,0,61.2999
14.80001,0,38.4529
14.8,1,172.155
14.80001,1,170.485
14.8,2,26.0032
14.80001,2,11.2653
14.8,3,105.819
14.80001,3,105.819
14.8,4,75.7629
14.80001,4,75.7629
14.9,0,38.4529
14.90001,0,38.4529
14.9,1,170.485
14.90001,1,170.485
14.9,2,11.2653
14.90001,2,11.2653
14.9,3,105.819
14.90001,3,105.819
14.9,4,75.7629
14.90001,4,75.7629
15,0,38.4529
15.00001,0,38.4529
15,1,170.485
15.00001,1,169.959
15,2,11.2653
15.00001,2,11.2653
15,3,105.819
15.00001,3,105.819
15,4,75.7629
15.00001,4,75.7629
15.1,0,38.4529
15.10001,0,38.4529
15.1,1,169.959
15.10001,1,169.959
15.1,2,11.2653
15.10001,2,11.2653
15.1,3,105.819
15.10001,3,105.819
15.1,4,75.7629
15.10001,4,75.7629
15.2,0,38.4529
15.20001,0,38.4529
15.2,1,169.959
15.20001,1,169.959
15.2,2,11.2653
15.20001,2,11.2653
15.2,3,105.819
15.20001,3,108.865
15.2,4,75.7629
15.20001,4,75.7629
15.3,0,38.4529
15.30001,0,38.4529
15.3,1,169.959
15.30001,1,145.315
15.3,2,11.2653
15.30001,2,11.2653
15.3,3,108.865
15.30001,3,88.9844
15.3,4,75.7629
15.30001,4,75.7629
15.4,0,38.4529
15.40001,0,38.4529
15.4,1,145.315
15.40001,1,130.131
15.4,2,11.2653
15.40001,2,20.8625
15.4,3,88.9844
15.40001,3,73.2924
15.4,4,75.7629
15.40001,4,75.7629
15.5,0,38.4529
15.50001,0,38.4529
15.5,1,130.131
15.50001,1,130.131
15.5,2,20.8625
15.50001,2,29.808
15.5,3,73.2924
15.50001,3,74.2035
15.5,4,75.7629
15.50001,4,75.7629
15.6,0,38.4529
15.60001,0,40.9891
15.6,1,130.131
15.60001,1,130.131
15.6,2,29.808
15.60001,2,29.808
15.6,3,74.2035
15.60001,3,84.8523
15.6,4,75.7629
15.60001,4,73.9295
15.7,0,40.9891
15.70001,0,40.9891
15.7,1,130.131
15.70001,1,123.614
15.7,2,29.808
15.70001,2,9.1231
15.7,3,84.8523
15.70001,3,84.8523
15.7,4,73.9295
15.70001,4,59.9246
15.8,0,40.9891
15.80001,0,40.9891
15.8,1,123.614
15.80001,1,123.614
15.8,2,9.1231
15.80001,2,9.1231
15.8,3,84.8523
15.80001,3,86.3218
15.8,4,59.9246
15.80001,4,59.9246
15.9,0,40.9891
15.90001,0,40.9891
15.9,1,123.614
15.90001,1,123.614
15.9,2,9.1231
15.90001,2,22.6789
15.9,3,86.3218
15.90001,3,91.3066
15.9,4,59.9246
15.90001,4,59.9246
16,0,40.9891
16.00001,0,40.9891
16,1,123.614
16.00001,1,127.211
16,2,22.6789
16.00001,2,26.5397
16,3,91.3066
16.00001,3,81.0257
16,4,59.9246
16.00001,4,59.9246
16.1,0,40.9891
16.10001,0,62.9525
16.1,1,127.211
16.10001,1,127.211
16.1,2,26.5397
16.10001,2,17.3628
16.1,3,81.0257
16.10001,3,81.0257
16.1,4,59.9246
16.10001,4,59.9246
16.2,0,62.9525
16.20001,0,62.9525
16.2,1,127.211
16.20001,1,127.211
16.2,2,17.3628
16.20001,2,19.1834
16.2,3,81.0257
16.20001,3,81.0257
16.2,4,59.9246
16.20001,4,59.9246
16.3,0,62.9525
16.30001,0,62.6343
16.3,1,127.211
16.30001,1,127.211
16.3,2,19.1834
16.30001,2,19.1834
16.3,3,81.0257
16.30001,3,81.0257
16.3,4,59.9246
16.30001,4,59.9246
16.4,0,62.6343
16.40001,0,51.2641
16.4,1,127.211
16.40001,1,127.211
16.4,2,19.1834
16.40001,2,19.1834
16.4,3,81.0257
16.40001,3,89.7833
16.4,4,59.9246
16.40001,4,59.9246
16.5,0,51.2641
16.50001,0,51.2641
16.5,1,127.211
16.50001,1,104.163
16.5,2,19.1834
16.50001,2,19.1834
16.5,3,89.7833
16.50001,3,109.18
16.5,4,59.9246
16.50001,4,59.9246
16.6,0,51.2641
16.60001,0,59.9648
16.6,1,104.163
16.60001,1,104.163
16.6,2,19.1834
16.60001,2,9.18859
16.6,3,109.18
16.60001,3,109.18
16.6,4,59.9246
16.60001,4,59.9246
16.7,0,59.9648
16.70001,0,68.6229
16.7,1,104.163
16.70001,1,81.8854
16.7,2,9.18859
16.70001,2,9.18859
16.7,3,109.18
16.70001,3,119.532
16.7,4,59.9246
16.70001,4,59.9246
16.8,0,68.6229
16.80001,0,83.5074
16.8,1,81.8854
16.80001,1,81.8854
16.8,2,9.18859
16.80001,2,9.18859
16.8,3,119.532
16.80001,3,119.532
16.8,4,59.9246
16.80001,4,40.7072
16.9,0,83.5074
16.90001,0,83.5074
16.9,1,81.8854
16.90001,1,82.3952
16.9,2,9.18859
16.90001,2,9.18859
16.9,3,119.532
16.90001,3,119.532
16.9,4,40.7072
16.90001,4,40.7072
17,0,83.5074
17.00001,0,83.5074
17,1,82.3952
17.00001,1,82.3952
17,2,9.18859
17.00001,2,0
17,3,119.532
17.00001,3,119.532
17,4,40.7072
17.00001,4,40.7072
17.1,0,83.5074
17.10001,0,62.7972
17.1,1,82.3952
17.10001,1,64.4025
17.1,2,0
17.10001,2,0
17.1,3,119.532
17.10001,3,119.532
17.1,4,40.7072
17.10001,4,52.7909
17.2,0,62.7972
17.20001,0,46.6092
17.2,1,64.4025
17.20001,1,67.2851
17.2,2,0
17.20001,2,0
17.2,3,119.532
17.20001,3,119.532
17.2,4,52.7909
17.20001,4,52.7909
17.3,0,46.6092
17.30001,0,46.6092
17.3,1,67.2851
17.30001,1,65.0761
17.3,2,0
17.30001,2,0
17.3,3,119.532
17.30001,3,108.453
17.3,4,52.7909
17.30001,4,52.7909
17.4,0,46.6092
17.40001,0,46.6092
17.4,1,65.0761
17.40001,1,65.0761
17.4,2,0
17.40001,2,0
17.4,3,108.453
17.40001,3,108.453
17.4,4,52.7909
17.40001,4,52.7909
17.5,0,46.6092
17.50001,0,46.6092
17.5,1,65.0761
17.50001,1,65.0761
17.5,2,0
17.50001,2,0
17.5,3,108.453
17.50001,3,131.421
17.5,4,52.7909
17.50001,4,36.7325
17.6,0,46.6092
17.60001,0,46.6092
17.6,1,65.0761
17.60001,1,65.0761
17.6,2,0
17.60001,2,0
17.6,3,131.421
17.60001,3,147.272
17.6,4,36.7325
17.60001,4,51.469
17.7,0,46.6092
17.70001,0,64.8055
17.7,1,65.0761
17.70001,1,65.0761
17.7,2,0
17.70001,2,0
17.7,3,147.272
17.70001,3,150.971
17.7,4,51.469
17.70001,4,51.469
17.8,0,64.8055
17.80001,0,64.8055
17.8,1,65.0761
17.80001,1,76.0862
17.8,2,0
17.80001,2,0
17.8,3,150.971
17.80001,3,150.971
17.8,4,51.469
17.80001,4,76.1875
17.9,0,64.8055
17.90001,0,64.8055
17.9,1,76.0862
17.90001,1,76.0862
17.9,2,0
17.90001,2,0
17.9,3,150.971
17.90001,3,150.971
17.9,4,76.1875
17.90001,4,76.1875
18,0,64.8055
18.00001,0,64.8055
18,1,76.0862
18.00001,1,79.2449
18,2,0
18.00001,2,0
18,3,150.971
18.00001,3,150.971
18,4,76.1875
18.00001,4,85.4685
18.1,0,64.8055
18.10001,0,64.8055
18.1,1,79.2449
18.10001,1,79.2449
18.1,2,0
18.10001,2,0
18.1,3,150.971
18.10001,3,150.971
18.1,4,85.4685
18.10001,4,85.4685
18.2,0,64.8055
18.20001,0,64.8055
18.2,1,79.2449
18.20001,1,79.2449
18.2,2,0
18.20001,2,0
18.2,3,150.971
18.20001,3,150.971
18.2,4,85.4685
18.20001,4,68.9138
18.3,0,64.8055
18.30001,0,64.8055
18.3,1,79.2449
18.30001,1,79.2449
18.3,2,0
18.30001,2,0
18.3,3,150.971
18.30001,3,150.971
18.3,4,68.9138
18.30001,4,83.1362
18.4,0,64.8055
18.40001,0,66.4855
18.4,1,79.2449
18.40001,1,97.144
18.4,2,0
18.40001,2,0
18.4,3,150.971
18.40001,3,170.575
18.4,4,83.1362
18.40001,4,83.1362
18.5,0,66.4855
18.50001,0,49.1766
18.5,1,97.144
18.50001,1,84.821
18.5,2,0
18.50001,2,0
18.5,3,170.575
18.50001,3,182.709
18.5,4,83.1362
18.50001,4,102.464
18.6,0,49.1766
18.60001,0,52.9597
18.6,1,84.821
18.60001,1,99.9802
18.6,2,0
18.60001,2,5.28854
18.6,3,182.709
18.60001,3,182.709
18.6,4,102.464
18.60001,4,102.464
18.7,0,52.9597
18.70001,0,52.9597
18.7,1,99.9802
18.70001,1,99.9802
18.7,2,5.28854
18.70001,2,15.8662
18.7,3,182.709
18.70001,3,182.709
18.7,4,102.464
18.70001,4,102.464
18.8,0,52.9597
18.80001,0,57.7307
18.8,1,99.9802
18.80001,1,99.9802
18.8,2,15.8662
18.80001,2,3.67671
18.8,3,182.709
18.80001,3,182.709
18.8,4,102.464
18.80001,4,102.464
18.9,0,57.7307
18.90001,0,76.1949
18.9,1,99.9802
18.90001,1,99.9802
18.9,2,3.67671
18.90001,2,0
18.9,3,182.709
18.90001,3,182.709
18.9,4,102.464
18.90001,4,102.464
19,0,76.1949
19.00001,0,76.1949
19,1,99.9802
19.00001,1,99.9802
19,2,0
19.00001,2,0
19,3,182.709
19.00001,3,182.709
19,4,102.464
19.00001,4,118.778
19.1,0,76.1949
19.10001,0,76.1949
19.1,1,99.9802
19.10001,1,112.272
19.1,2,0
19.10001,2,0
19.1,3,182.709
19.10001,3,185.988
19.1,4,118.778
19.10001,4,118.778
19.2,0,76.1949
19.20001,0,76.1949
19.2,1,112.272
19.20001,1,112.272
19.2,2,0
19.20001,2,7.23339
19.2,3,185.988
19.20001,3,167.634
19.2,4,118.778
19.20001,4,118.778
19.3,0,76.1949
19.30001,0,78.6015
19.3,1,112.272
19.30001,1,112.272
19.3,2,7.23339
19.30001,2,0
19.3,3,167.634
19.30001,3,167.634
19.3,4,118.778
19.30001,4,118.778
19.4,0,78.6015
19.40001,0,78.6015
19.4,1,112.272
19.40001,1,112.272
19.4,2,0
19.40001,2,0
19.4,3,167.634
19.40001,3,171.542
19.4,4,118.778
19.40001,4,110.583
19.5,0,78.6015
19.50001,0,78.6015
19.5,1,112.272
19.50001,1,112.272
19.5,2,0
19.50001,2,0
19.5,3,171.542
19.50001,3,171.542
19.5,4,110.583
19.50001,4,110.583
19.6,0,78.6015
19.60001,0,94.1784
19.6,1,112.272
19.60001,1,112.272
19.6,2,0
19.60001,2,0
19.6,3,171.542
19.60001,3,171.542
19.6,4,110.583
19.60001,4,110.583
19.7,0,94.1784
19.70001,0,94.1784
19.7,1,112.272
19.70001,1,112.272
19.7,2,0
19.70001,2,0
19.7,3,171.542
19.70001,3,171.542
19.7,4,110.583
19.70001,4,110.583
19.8,0,94.1784
19.80001,0,94.1784
19.8,1,112.272
19.80001,1,98.4007
19.8,2,0
19.80001,2,0
19.8,3,171.542
19.80001,3,185.222
19.8,4,110.583
19.80001,4,92.9813
19.9,0,94.1784
19.90001,0,112.153
19.9,1,98.4007
19.90001,1,115.98
19.9,2,0
19.90001,2,0
19.9,3,185.222
19.90001,3,205.191
19.9,4,92.9813
19.90001,4,92.9813
20,0,112.153
20.00001,0,112.153
20,1,115.98
20.00001,1,102.741
20,2,0
20.00001,2,0
20,3,205.191
20.00001,3,205.191
20,4,92.9813
20.00001,4,92.9813
20.1,0,112.153
20.10001,0,92.6951
20.1,1,102.741
20.10001,1,102.741
20.1,2,0
20.10001,2,0
20.1,3,205.191
20.10001,3,185.749
20.1,4,92.9813
20.10001,4,101.292
20.2,0,92.6951
20.20001,0,92.6951
20.2,1,102.741
20.20001,1,102.741
20.2,2,0
20.20001,2,0
20.2,3,185.749
20.20001,3,185.749
20.2,4,101.292
20.20001,4,76.9282
20.3,0,92.6951
20.30001,0,96.514
20.3,1,102.741
20.30001,1,102.741
20.3,2,0
20.30001,2,0
20.3,3,185.749
20.30001,3,196.156
20.3,4,76.9282
20.30001,4,76.9282
20.4,0,96.514
20.40001,0,96.514
20.4,1,102.741
20.40001,1,102.741
20.4,2,0
20.40001,2,0
20.4,3,196.156
20.40001,3,216.721
20.4,4,76.9282
20.40001,4,54.0066
20.5,0,96.514
20.50001,0,96.514
20.5,1,102.741
20.50001,1,102.741
20.5,2,0
20.50001,2,0
20.5,3,216.721
20.50001,3,216.721
20.5,4,54.0066
20.50001,4,54.0066
20.6,0,96.514
20.60001,0,96.514
20.6,1,102.741
20.60001,1,102.741
20.6,2,0
20.60001,2,0
20.6,3,216.721
20.60001,3,196.762
20.6,4,54.0066
20.60001,4,54.0066
20.7,0,96.514
20.70001,0,96.514
20.7,1,102.741
20.70001,1,102.741
20.7,2,0
20.70001,2,0
20.7,3,196.762
20.70001,3,196.762
20.7,4,54.0066
20.70001,4,54.0066
20.8,0,96.514
20.80001,0,76.5643
20.8,1,102.741
20.80001,1,102.741
20.8,2,0
20.80001,2,0
20.8,3,196.762
20.80001,3,176.616
20.8,4,54.0066
20.80001,4,54.0066
20.9,0,76.5643
20.90001,0,76.5643
20.9,1,102.741
20.90001,1,100.416
20.9,2,0
20.90001,2,0
20.9,3,176.616
20.90001,3,176.616
20.9,4,54.0066
20.90001,4,54.0066
21,0,76.5643
21.00001,0,76.5643
21,1,100.416
21.00001,1,124.513
21,2,0
21.00001,2,0
21,3,176.616
21.00001,3,172.581
21,4,54.0066
21.00001,4,37.3385
21.1,0,76.5643
21.10001,0,76.5643
21.1,1,124.513
21.10001,1,133.208
21.1,2,0
21.10001,2,0
21.1,3,172.581
21.10001,3,172.581
21.1,4,37.3385
21.10001,4,37.3385
21.2,0,76.5643
21.20001,0,85.5889
21.2,1,133.208
21.20001,1,133.208
21.2,2,0
21.20001,2,9.73142
21.2,3,172.581
21.20001,3,172.581
21.2,4,37.3385
21.20001,4,60.4022
21.3,0,85.5889
21.30001,0,107.256
21.3,1,133.208
21.30001,1,142.781
21.3,2,9.73142
21.30001,2,9.73142
21.3,3,172.581
21.30001,3,172.581
21.3,4,60.4022
21.30001,4,74.8519
21.4,0,107.256
21.40001,0,107.256
21.4,1,142.781
21.40001,1,142.781
21.4,2,9.73142
21.40001,2,8.68535
21.4,3,172.581
21.40001,3,172.581
21.4,4,74.8519
21.40001,4,74.8519
21.5,0,107.256
21.50001,0,107.256
21.5,1,142.781
21.50001,1,142.781
21.5,2,8.68535
21.50001,2,8.68535
21.5,3,172.581
21.50001,3,172.581
21.5,4,74.8519
21.50001,4,74.8519
21.6,0,107.256
21.60001,0,107.256
21.6,1,142.781
21.60001,1,142.781
21.6,2,8.68535
21.60001,2,8.68535
21.6,3,172.581
21.60001,3,172.581
21.6,4,74.8519
21.60001,4,74.8519
21.7,0,107.256
21.70001,0,107.256
21.7,1,142.781
21.70001,1,158.626
21.7,2,8.68535
21.70001,2,8.68535
21.7,3,172.581
21.70001,3,172.581
21.7,4,74.8519
21.70001,4,61.979
21.8,0,107.256
21.80001,0,92.0329
21.8,1,158.626
21.80001,1,148.879
21.8,2,8.68535
21.80001,2,0
21.8,3,172.581
21.80001,3,160.622
21.8,4,61.979
21.80001,4,69.7504
21.9,0,92.0329
21.90001,0,92.0329
21.9,1,148.879
21.90001,1,148.879
21.9,2,0
21.90001,2,0
21.9,3,160.622
21.90001,3,148.371
21.9,4,69.7504
21.90001,4,67.5091
22,0,92.0329
22.00001,0,92.0329
22,1,148.879
22.00001,1,148.879
22,2,0
22.00001,2,0
22,3,148.371
22.00001,3,148.371
22,4,67.5091
22.00001,4,62.1793
22.1,0,92.0329
22.10001,0,92.0329
22.1,1,148.879
22.10001,1,148.879
22.1,2,0
22.10001,2,0
22.1,3,148.371
22.10001,3,148.371
22.1,4,62.1793
22.10001,4,62.1793
22.2,0,92.0329
22.20001,0,92.0329
22.2,1,148.879
22.20001,1,139.126
22.2,2,0
22.20001,2,12.4264
22.2,3,148.371
22.20001,3,148.371
22.2,4,62.1793
22.20001,4,62.1793
22.3,0,92.0329
22.30001,0,109.519
22.3,1,139.126
22.30001,1,139.126
22.3,2,12.4264
22.30001,2,35.4134
22.3,3,148.371
22.30001,3,148.371
22.3,4,62.1793
22.30001,4,57.8515
22.4,0,109.519
22.40001,0,109.519
22.4,1,139.126
22.40001,1,154.692
22.4,2,35.4134
22.40001,2,47.4637
22.4,3,148.371
22.40001,3,150.055
22.4,4,57.8515
22.40001,4,57.8515
22.5,0,109.519
22.50001,0,109.519
22.5,1,154.692
22.50001,1,139.288
22.5,2,47.4637
22.50001,2,47.4637
22.5,3,150.055
22.50001,3,163.11
22.5,4,57.8515
22.50001,4,57.8515
22.6,0,109.519
22.60001,0,117.527
22.6,1,139.288
22.60001,1,159.068
22.6,2,47.4637
22.60001,2,47.4637
22.6,3,163.11
22.60001,3,165.344
22.6,4,57.8515
22.60001,4,57.8515
22.7,0,117.527
22.70001,0,117.527
22.7,1,159.068
22.70001,1,159.068
22.7,2,47.4637
22.70001,2,60.7572
22.7,3,165.344
22.70001,3,165.344
22.7,4,57.8515
22.70001,4,57.8515
22.8,0,117.527
22.80001,0,117.527
22.8,1,159.068
22.80001,1,159.068
22.8,2,60.7572
22.80001,2,46.4747
22.8,3,165.344
22.80001,3,165.344
22.8,4,57.8515
22.80001,4,60.4869
22.9,0,117.527
22.90001,0,117.527
22.9,1,159.068
22.90001,1,159.068
22.9,2,46.4747
22.90001,2,46.4747
22.9,3,165.344
22.90001,3,144.541
22.9,4,60.4869
22.90001,4,60.4869
23,0,117.527
23.00001,0,117.527
23,1,159.068
23.00001,1,181.014
23,2,46.4747
23.00001,2,46.4747
23,3,144.541
23.00001,3,134.319
23,4,60.4869
23.00001,4,60.4869
23.1,0,117.527
23.10001,0,117.527
23.1,1,181.014
23.10001,1,181.014
23.1,2,46.4747
23.10001,2,33.089
23.1,3,134.319
23.10001,3,134.319
23.1,4,60.4869
23.10001,4,60.4869
23.2,0,117.527
23.20001,0,131.709
23.2,1,181.014
23.20001,1,161.645
23.2,2,33.089
23.20001,2,47.9649
23.2,3,134.319
23.20001,3,116.99
23.2,4,60.4869
23.20001,4,55.2967
23.3,0,131.709
23.30001,0,132.653
23.3,1,161.645
23.30001,1,161.645
23.3,2,47.9649
23.30001,2,47.9649
23.3,3,116.99
23.30001,3,116.99
23.3,4,55.2967
23.30001,4,35.8577
23.4,0,132.653
23.40001,0,132.653
23.4,1,161.645
23.40001,1,151.194
23.4,2,47.9649
23.40001,2,47.9649
23.4,3,116.99
23.40001,3,116.99
23.4,4,35.8577
23.40001,4,14.6574
23.5,0,132.653
23.50001,0,137.007
23.5,1,151.194
23.50001,1,132.246
23.5,2,47.9649
23.50001,2,47.9649
23.5,3,116.99
23.50001,3,108.141
23.5,4,14.6574
23.50001,4,35.5032
23.6,0,137.007
23.60001,0,137.007
23.6,1,132.246
23.60001,1,132.246
23.6,2,47.9649
23.60001,2,47.9649
23.6,3,108.141
23.60001,3,121.24
23.6,4,35.5032
23.60001,4,35.5032
23.7,0,137.007
23.70001,0,128.879
23.7,1,132.246
23.70001,1,132.246
23.7,2,47.9649
23.70001,2,47.9649
23.7,3,121.24
23.70001,3,121.24
23.7,4,35.5032
23.70001,4,52.0766
23.8,0,128.879
23.80001,0,127.347
23.8,1,132.246
23.80001,1,132.246
23.8,2,47.9649
23.80001,2,47.9649
23.8,3,121.24
23.80001,3,144.119
23.8,4,52.0766
23.80001,4,72.3796
23.9,0,127.347
23.90001,0,127.347
23.9,1,132.246
23.90001,1,147.108
23.9,2,47.9649
23.90001,2,47.9649
23.9,3,144.119
23.90001,3,149.787
23.9,4,72.3796
23.90001,4,72.3796
24,0,127.347
24.00001,0,127.347
24,1,147.108
24.00001,1,128.877
24,2,47.9649
24.00001,2,47.9649
24,3,149.787
24.00001,3,151.19
24,4,72.3796
24.00001,4,72.3796
24.1,0,127.347
24.10001,0,110.431
24.1,1,128.877
24.10001,1,128.877
24.1,2,47.9649
24.10001,2,45.7807
24.1,3,151.19
24.10001,3,151.19
24.1,4,72.3796
24.10001,4,87.1703
24.2,0,110.431
24.20001,0,118.503
24.2,1,128.877
24.20001,1,128.877
24.2,2,45.7807
24.20001,2,36.8848
24.2,3,151.19
24.20001,3,169.24
24.2,4,87.1703
24.20001,4,95.7217
24.3,0,118.503
24.30001,0,118.503
24.3,1,128.877
24.30001,1,128.877
24.3,2,36.8848
24.30001,2,32.3368
24.3,3,169.24
24.30001,3,169.24
24.3,4,95.7217
24.30001,4,119.336
24.4,0,118.503
24.40001,0,118.503
24.4,1,128.877
24.40001,1,128.877
24.4,2,32.3368
24.40001,2,24.888
24.4,3,169.24
24.40001,3,169.24
24.4,4,119.336
24.40001,4,119.336
24.5,0,118.503
24.50001,0,118.503
24.5,1,128.877
24.50001,1,128.877
24.5,2,24.888
24.50001,2,22.899
24.5,3,169.24
24.50001,3,167.269
24.5,4,119.336
24.50001,4,96.6467
24.6,0,118.503
24.60001,0,133.308
24.6,1,128.877
24.60001,1,128.877
24.6,2,22.899
24.60001,2,31.5766
24.6,3,167.269
24.60001,3,167.269
24.6,4,96.6467
24.60001,4,96.6467
24.7,0,133.308
24.70001,0,122.796
24.7,1,128.877
24.70001,1,128.877
24.7,2,31.5766
24.70001,2,11.0216
24.7,3,167.269
24.70001,3,156.374
24.7,4,96.6467
24.70001,4,96.6467
24.8,0,122.796
24.80001,0,122.796
24.8,1,128.877
24.80001,1,145.985
24.8,2,11.0216
24.80001,2,11.0216
24.8,3,156.374
24.80001,3,156.374
24.8,4,96.6467
24.80001,4,96.6467
24.9,0,122.796
24.90001,0,131.14
24.9,1,145.985
24.90001,1,145.985
24.9,2,11.0216
24.90001,2,11.0216
24.9,3,156.374
24.90001,3,178.695
24.9,4,96.6467
24.90001,4,96.6467
25,0,131.14
25.00001,0,131.14
25,1,145.985
25.00001,1,145.985
25,2,11.0216
25.00001,2,11.0216
25,3,178.695
25.00001,3,181.338
25,4,96.6467
25.00001,4,96.6467
25.1,0,131.14
25.10001,0,131.14
25.1,1,145.985
25.10001,1,132.723
25.1,2,11.0216
25.10001,2,11.0216
25.1,3,181.338
25.10001,3,181.338
25.1,4,96.6467
25.10001,4,96.6467
25.2,0,131.14
25.20001,0,131.14
25.2,1,132.723
25.20001,1,132.723
25.2,2,11.0216
25.20001,2,11.0216
25.2,3,181.338
25.20001,3,184.75
25.2,4,96.6467
25.20001,4,96.6467
25.3,0,131.14
25.30001,0,131.14
25.3,1,132.723
25.30001,1,143.283
25.3,2,11.0216
25.30001,2,11.0216
25.3,3,184.75
25.30001,3,184.75
25.3,4,96.6467
25.30001,4,96.6467
25.4,0,131.14
25.40001,0,131.14
25.4,1,143.283
25.40001,1,143.283
25.4,2,11.0216
25.40001,2,11.0216
25.4,3,184.75
25.40001,3,184.75
25.4,4,96.6467
25.40001,4,96.6467
25.5,0,131.14
25.50001,0,131.14
25.5,1,143.283
25.50001,1,143.283
25.5,2,11.0216
25.50001,2,14.0895
25.5,3,184.75
25.50001,3,184.75
25.5,4,96.6467
25.50001,4,96.6467
25.6,0,131.14
25.60001,0,131.14
25.6,1,143.283
25.60001,1,144.982
25.6,2,14.0895
25.60001,2,14.0895
25.6,3,184.75
25.60001,3,173.367
25.6,4,96.6467
25.60001,4,96.6467
25.7,0,131.14
25.70001,0,131.14
25.7,1,144.982
25.70001,1,144.982
25.7,2,14.0895
25.70001,2,14.0895
25.7,3,173.367
25.70001,3,173.367
25.7,4,96.6467
25.70001,4,74.0057
25.8,0,131.14
25.80001,0,136.948
25.8,1,144.982
25.80001,1,144.982
25.8,2,14.0895
25.80001,2,14.0895
25.8,3,173.367
25.80001,3,173.367
25.8,4,74.0057
25.80001,4,74.0057
25.9,0,136.948
25.90001,0,136.948
25.9,1,144.982
25.90001,1,144.982
25.9,2,14.0895
25.90001,2,14.0895
25.9,3,173.367
25.90001,3,173.367
25.9,4,74.0057
25.90001,4,74.0057
26,0,136.948
26.00001,0,160.592
26,1,144.982
26.00001,1,144.982
26,2,14.0895
26.00001,2,14.0895
26,3,173.367
26.00001,3,173.367
26,4,74.0057
26.00001,4,74.0057
26.1,0,160.592
26.10001,0,160.592
26.1,1,144.982
26.10001,1,144.982
26.1,2,14.0895
26.10001,2,11.8398
26.1,3,173.367
26.10001,3,148.915
26.1,4,74.0057
26.10001,4,74.0057
26.2,0,160.592
26.20001,0,160.33
26.2,1,144.982
26.20001,1,144.982
26.2,2,11.8398
26.20001,2,11.8398
26.2,3,148.915
26.20001,3,161.082
26.2,4,74.0057
26.20001,4,74.0057
26.3,0,160.33
26.30001,0,177.322
26.3,1,144.982
26.30001,1,144.982
26.3,2,11.8398
26.30001,2,11.8398
26.3,3,161.082
26.30001,3,184.623
26.3,4,74.0057
26.30001,4,74.0057
26.4,0,177.322
26.40001,0,193.622
26.4,1,144.982
26.40001,1,144.982
26.4,2,11.8398
26.40001,2,11.8398
26.4,3,184.623
26.40001,3,197.632
26.4,4,74.0057
26.40001,4,74.0057
26.5,0,193.622
26.50001,0,193.622
26.5,1,144.982
26.50001,1,144.982
26.5,2,11.8398
26.50001,2,12.7645
26.5,3,197.632
26.50001,3,197.632
26.5,4,74.0057
26.50001,4,74.0057
26.6,0,193.622
26.60001,0,214.475
26.6,1,144.982
26.60001,1,144.982
26.6,2,12.7645
26.60001,2,7.10088
26.6,3,197.632
26.60001,3,197.632
26.6,4,74.0057
26.60001,4,74.0057
26.7,0,214.475
26.70001,0,214.475
26.7,1,144.982
26.70001,1,144.982
26.7,2,7.10088
26.70001,2,0
26.7,3,197.632
26.70001,3,197.632
26.7,4,74.0057
26.70001,4,77.0007
26.8,0,214.475
26.80001,0,214.475
26.8,1,144.982
26.80001,1,144.982
26.8,2,0
26.80001,2,0
26.8,3,197.632
26.80001,3,197.963
26.8,4,77.0007
26.80001,4,77.0007
26.9,0,214.475
26.90001,0,233.62
26.9,1,144.982
26.90001,1,144.982
26.9,2,0
26.90001,2,13.3923
26.9,3,197.963
26.90001,3,197.963
26.9,4,77.0007
26.90001,4,77.0007
27,0,233.62
27.00001,0,233.62
27,1,144.982
27.00001,1,144.982
27,2,13.3923
27.00001,2,13.3923
27,3,197.963
27.00001,3,197.963
27,4,77.0007
27.00001,4,77.0007
27.1,0,233.62
27.10001,0,253.458
27.1,1,144.982
27.10001,1,144.982
27.1,2,13.3923
27.10001,2,13.3923
27.1,3,197.963
27.10001,3,197.963
27.1,4,77.0007
27.10001,4,69.9905
27.2,0,253.458
27.20001,0,253.458
27.2,1,144.982
27.20001,1,144.982
27.2,2,13.3923
27.20001,2,13.3923
27.2,3,197.963
27.20001,3,197.963
27.2,4,69.9905
27.20001,4,69.9905
27.3,0,253.458
27.30001,0,272.106
27.3,1,144.982
27.30001,1,122.256
27.3,2,13.3923
27.30001,2,0
27.3,3,197.963
27.30001,3,210.224
27.3,4,69.9905
27.30001,4,49.4719
27.4,0,272.106
27.40001,0,272.106
27.4,1,122.256
27.40001,1,129.442
27.4,2,0
27.40001,2,24.5669
27.4,3,210.224
27.40001,3,210.224
27.4,4,49.4719
27.40001,4,49.4719
27.5,0,272.106
27.50001,0,252.896
27.5,1,129.442
27.50001,1,129.442
27.5,2,24.5669
27.50001,2,24.5669
27.5,3,210.224
27.50001,3,210.224
27.5,4,49.4719
27.50001,4,49.4719
27.6,0,252.896
27.60001,0,252.896
27.6,1,129.442
27.60001,1,129.442
27.6,2,24.5669
27.60001,2,33.1635
27.6,3,210.224
27.60001,3,210.224
27.6,4,49.4719
27.60001,4,49.4719
27.7,0,252.896
27.70001,0,259.832
27.7,1,129.442
27.70001,1,129.456
27.7,2,33.1635
27.70001,2,33.1635
27.7,3,210.224
27.70001,3,219.293
27.7,4,49.4719
27.70001,4,49.4719
27.8,0,259.832
27.80001,0,259.832
27.8,1,129.456
27.80001,1,104.759
27.8,2,33.1635
27.80001,2,24.5552
27.8,3,219.293
27.80001,3,219.293
27.8,4,49.4719
27.80001,4,49.4719
27.9,0,259.832
27.90001,0,259.832
27.9,1,104.759
27.90001,1,104.759
27.9,2,24.5552
27.90001,2,11.7927
27.9,3,219.293
27.90001,3,223.859
27.9,4,49.4719
27.90001,4,49.4719
28,0,259.832
28.00001,0,259.832
28,1,104.759
28.00001,1,91.9698
28,2,11.7927
28.00001,2,11.7927
28,3,223.859
28.00001,3,223.859
28,4,49.4719
28.00001,4,49.4719
28.1,0,259.832
28.10001,0,253.004
28.1,1,91.9698
28.10001,1,91.9698
28.1,2,11.7927
28.10001,2,11.7927
28.1,3,223.859
28.10001,3,232.605
28.1,4,49.4719
28.10001,4,71.6141
28.2,0,253.004
28.20001,0,243.698
28.2,1,91.9698
28.20001,1,104.928
28.2,2,11.7927
28.20001,2,11.7927
28.2,3,232.605
28.20001,3,250.895
28.2,4,71.6141
28.20001,4,71.6141
28.3,0,243.698
28.30001,0,243.698
28.3,1,104.928
28.30001,1,108.855
28.3,2,11.7927
28.30001,2,11.7927
28.3,3,250.895
28.30001,3,250.895
28.3,4,71.6141
28.30001,4,71.6141
28.4,0,243.698
28.40001,0,243.698
28.4,1,108.855
28.40001,1,108.855
28.4,2,11.7927
28.40001,2,0
28.4,3,250.895
28.40001,3,250.895
28.4,4,71.6141
28.40001,4,71.6141
28.5,0,243.698
28.50001,0,242.556
28.5,1,108.855
28.50001,1,108.855
28.5,2,0
28.50001,2,0
28.5,3,250.895
28.50001,3,241.803
28.5,4,71.6141
28.50001,4,71.6141
28.6,0,242.556
28.60001,0,242.556
28.6,1,108.855
28.60001,1,108.855
28.6,2,0
28.60001,2,0
28.6,3,241.803
28.60001,3,243.495
28.6,4,71.6141
28.60001,4,73.6951
28.7,0,242.556
28.70001,0,227.313
28.7,1,108.855
28.70001,1,128.063
28.7,2,0
28.70001,2,0
28.7,3,243.495
28.70001,3,255.013
28.7,4,73.6951
28.70001,4,73.6951
28.8,0,227.313
28.80001,0,227.313
28.8,1,128.063
28.80001,1,140.867
28.8,2,0
28.80001,2,0
28.8,3,255.013
28.80001,3,255.013
28.8,4,73.6951
28.80001,4,73.6951
28.9,0,227.313
28.90001,0,227.313
28.9,1,140.867
28.90001,1,140.867
28.9,2,0
28.90001,2,0
28.9,3,255.013
28.90001,3,255.013
28.9,4,73.6951
28.90001,4,73.6951
29,0,227.313
29.00001,0,227.313
29,1,140.867
29.00001,1,163.404
29,2,0
29.00001,2,0
29,3,255.013
29.00001,3,255.013
29,4,73.6951
29.00001,4,73.6951
29.1,0,227.313
29.10001,0,227.313
29.1,1,163.404
29.10001,1,163.404
29.1,2,0
29.10001,2,0
29.1,3,255.013
29.10001,3,255.013
29.1,4,73.6951
29.10001,4,87.7735
29.2,0,227.313
29.20001,0,227.313
29.2,1,163.404
29.20001,1,168.993
29.2,2,0
29.20001,2,0
29.2,3,255.013
29.20001,3,255.013
29.2,4,87.7735
29.20001,4,87.7735
29.3,0,227.313
29.30001,0,227.313
29.3,1,168.993
29.30001,1,151.855
29.3,2,0
29.30001,2,0
29.3,3,255.013
29.30001,3,255.013
29.3,4,87.7735
29.30001,4,87.7735
29.4,0,227.313
29.40001,0,231.812
29.4,1,151.855
29.40001,1,151.855
29.4,2,0
29.40001,2,0
29.4,3,255.013
29.40001,3,255.013
29.4,4,87.7735
29.40001,4,93.4884
29.5,0,231.812
29.50001,0,231.812
29.5,1,151.855
29.50001,1,151.855
29.5,2,0
29.50001,2,0
29.5,3,255.013
29.50001,3,256.128
29.5,4,93.4884
29.50001,4,93.4884
29.6,0,231.812
29.60001,0,212.693
29.6,1,151.855
29.60001,1,151.855
29.6,2,0
29.60001,2,0
29.6,3,256.128
29.60001,3,258.503
29.6,4,93.4884
29.60001,4,93.4884
29.7,0,212.693
29.70001,0,212.693
29.7,1,151.855
29.70001,1,151.855
29.7,2,0
29.70001,2,0
29.7,3,258.503
29.70001,3,258.503
29.7,4,93.4884
29.70001,4,93.4884
29.8,0,212.693
29.80001,0,212.693
29.8,1,151.855
29.80001,1,151.855
29.8,2,0
29.80001,2,0
29.8,3,258.503
29.80001,3,258.503
29.8,4,93.4884
29.80001,4,93.4884
29.9,0,212.693
29.90001,0,189.338
29.9,1,151.855
29.90001,1,151.855
29.9,2,0
29.90001,2,0
29.9,3,258.503
29.90001,3,267.174
29.9,4,93.4884
29.90001,4,70.2695
30,0,189.338
30.00001,0,196.288
30,1,151.855
30.00001,1,151.855
30,2,0
30.00001,2,0
30,3,267.174
30.00001,3,246.654
30,4,70.2695
30.00001,4,70.2695
30.1,0,196.288
30.10001,0,196.288
30.1,1,151.855
30.10001,1,129.867
30.1,2,0
30.10001,2,0
30.1,3,246.654
30.10001,3,246.654
30.1,4,70.2695
30.10001,4,64.877
30.2,0,196.288
30.20001,0,198.2
30.2,1,129.867
30.20001,1,129.001
30.2,2,0
30.20001,2,0
30.2,3,246.654
30.20001,3,246.654
30.2,4,64.877
30.20001,4,64.877
30.3,0,198.2
30.30001,0,198.2
30.3,1,129.001
30.30001,1,129.001
30.3,2,0
30.30001,2,0
30.3,3,246.654
30.30001,3,246.654
30.3,4,64.877
30.30001,4,56.3062
30.4,0,198.2
30.40001,0,208.785
30.4,1,129.001
30.40001,1,129.001
30.4,2,0
30.40001,2,0
30.4,3,246.654
30.40001,3,246.654
30.4,4,56.3062
30.40001,4,35.3101
30.5,0,208.785
30.50001,0,208.785
30.5,1,129.001
30.50001,1,129.001
30.5,2,0
30.50001,2,0
30.5,3,246.654
30.50001,3,260.466
30.5,4,35.3101
30.50001,4,35.3101
30.6,0,208.785
30.60001,0,199.921
30.6,1,129.001
30.60001,1,129.001
30.6,2,0
30.60001,2,5.05769
30.6,3,260.466
30.60001,3,277.509
30.6,4,35.3101
30.60001,4,35.3101
30.7,0,199.921
30.70001,0,223.248
30.7,1,129.001
30.70001,1,129.001
30.7,2,5.05769
30.70001,2,0
30.7,3,277.509
30.70001,3,277.509
30.7,4,35.3101
30.70001,4,45.7026
30.8,0,223.248
30.80001,0,223.248
30.8,1,129.001
30.80001,1,129.001
30.8,2,0
30.80001,2,0
30.8,3,277.509
30.80001,3,298.51
30.8,4,45.7026
30.80001,4,45.9614
30.9,0,223.248
30.90001,0,223.248
30.9,1,129.001
30.90001,1,129.001
30.9,2,0
30.90001,2,20.3057
30.9,3,298.51
30.90001,3,298.51
30.9,4,45.9614
30.90001,4,45.9614
31,0,223.248
31.00001,0,223.248
31,1,129.001
31.00001,1,110.625
31,2,20.3057
31.00001,2,32.6037
31,3,298.51
31.00001,3,298.51
31,4,45.9614
31.00001,4,45.9614
31.1,0,223.248
31.10001,0,223.248
31.1,1,110.625
31.10001,1,121.644
31.1,2,32.6037
31.10001,2,32.6037
31.1,3,298.51
31.10001,3,298.51
31.1,4,45.9614
31.10001,4,59.4115
31.2,0,223.248
31.20001,0,223.248
31.2,1,121.644
31.20001,1,121.644
31.2,2,32.6037
31.20001,2,32.6037
31.2,3,298.51
31.20001,3,298.51
31.2,4,59.4115
31.20001,4,59.4115
31.3,0,223.248
31.30001,0,223.248
31.3,1,121.644
31.30001,1,121.675
31.3,2,32.6037
31.30001,2,28.1789
31.3,3,298.51
31.30001,3,282.045
31.3,4,59.4115
31.30001,4,59.4115
31.4,0,223.248
31.40001,0,223.248
31.4,1,121.675
31.40001,1,121.675
31.4,2,28.1789
31.40001,2,28.1789
31.4,3,282.045
31.40001,3,278.215
31.4,4,59.4115
31.40001,4,59.4115
31.5,0,223.248
31.50001,0,223.248
31.5,1,121.675
31.50001,1,135.354
31.5,2,28.1789
31.50001,2,28.1789
31.5,3,278.215
31.50001,3,278.215
31.5,4,59.4115
31.50001,4,44.2025
31.6,0,223.248
31.60001,0,223.248
31.6,1,135.354
31.60001,1,135.354
31.6,2,28.1789
31.60001,2,28.1789
31.6,3,278.215
31.60001,3,278.215
31.6,4,44.2025
31.60001,4,39.9756
31.7,0,223.248
31.70001,0,223.248
31.7,1,135.354
31.70001,1,135.354
31.7,2,28.1789
31.70001,2,25.7413
31.7,3,278.215
31.70001,3,278.215
31.7,4,39.9756
31.70001,4,39.9756
31.8,0,223.248
31.80001,0,219.928
31.8,1,135.354
31.80001,1,135.354
31.8,2,25.7413
31.80001,2,25.7413
31.8,3,278.215
31.80001,3,280.533
31.8,4,39.9756
31.80001,4,27.9442
31.9,0,219.928
31.90001,0,219.928
31.9,1,135.354
31.90001,1,114.053
31.9,2,25.7413
31.90001,2,25.7413
31.9,3,280.533
31.90001,3,280.533
31.9,4,27.9442
31.90001,4,22.8854
32,0,219.928
32.00001,0,219.928
32,1,114.053
32.00001,1,132.542
32,2,25.7413
32.00001,2,25.7413
32,3,280.533
32.00001,3,280.533
32,4,22.8854
32.00001,4,22.8854
32.1,0,219.928
32.10001,0,219.928
32.1,1,132.542
32.10001,1,134.694
32.1,2,25.7413
32.10001,2,25.7413
32.1,3,280.533
32.10001,3,280.533
32.1,4,22.8854
32.10001,4,22.8854
32.2,0,219.928
32.20001,0,220.864
32.2,1,134.694
32.20001,1,149.423
32.2,2,25.7413
32.20001,2,25.7413
32.2,3,280.533
32.20001,3,280.533
32.2,4,22.8854
32.20001,4,22.8854
32.3,0,220.864
32.30001,0,220.864
32.3,1,149.423
32.30001,1,149.423
32.3,2,25.7413
32.30001,2,25.7413
32.3,3,280.533
32.30001,3,280.533
32.3,4,22.8854
32.30001,4,25.2854
32.4,0,220.864
32.40001,0,220.864
32.4,1,149.423
32.40001,1,149.423
32.4,2,25.7413
32.40001,2,25.7413
32.4,3,280.533
32.40001,3,280.533
32.4,4,25.2854
32.40001,4,25.2854
32.5,0,220.864
32.50001,0,220.864
32.5,1,149.423
32.50001,1,149.423
32.5,2,25.7413
32.50001,2,25.7413
32.5,3,280.533
32.50001,3,291.078
32.5,4,25.2854
32.50001,4,10.8657
32.6,0,220.864
32.60001,0,220.864
32.6,1,149.423
32.60001,1,149.423
32.6,2,25.7413
32.60001,2,25.7413
32.6,3,291.078
32.60001,3,291.078
32.6,4,10.8657
32.60001,4,10.8657
32.7,0,220.864
32.70001,0,220.864
32.7,1,149.423
32.70001,1,149.423
32.7,2,25.7413
32.70001,2,2.24516
32.7,3,291.078
32.70001,3,291.078
32.7,4,10.8657
32.70001,4,10.8657
32.8,0,220.864
32.80001,0,220.864
32.8,1,149.423
32.80001,1,155.204
32.8,2,2.24516
32.80001,2,2.24516
32.8,3,291.078
32.80001,3,291.078
32.8,4,10.8657
32.80001,4,4.20958
32.9,0,220.864
32.90001,0,231.408
32.9,1,155.204
32.90001,1,141.063
32.9,2,2.24516
32.90001,2,2.24516
32.9,3,291.078
32.90001,3,291.078
32.9,4,4.20958
32.90001,4,4.20958
33,0,231.408
33.00001,0,239.011
33,1,141.063
33.00001,1,160.561
33,2,2.24516
33.00001,2,27.1829
33,3,291.078
33.00001,3,101.25
33,4,4.20958
33.00001,4,4.20958
33.1,0,239.011
33.10001,0,242.125
33.1,1,160.561
33.10001,1,160.561
33.1,2,27.1829
33.10001,2,44.72
33.1,3,101.25
33.10001,3,91.7155
33.1,4,4.20958
33.10001,4,16.617
33.2,0,242.125
33.20001,0,242.125
33.2,1,160.561
33.20001,1,160.561
33.2,2,44.72
33.20001,2,29.8502
33.2,3,91.7155
33.20001,3,102.855
33.2,4,16.617
33.20001,4,16.617
33.3,0,242.125
33.30001,0,259.329
33.3,1,160.561
33.30001,1,160.561
33.3,2,29.8502
33.30001,2,49.9996
33.3,3,102.855
33.30001,3,102.855
33.3,4,16.617
33.30001,4,24.6746
33.4,0,259.329
33.40001,0,259.329
33.4,1,160.561
33.40001,1,160.561
33.4,2,49.9996
33.40001,2,49.9996
33.4,3,102.855
33.40001,3,102.855
33.4,4,24.6746
33.40001,4,45.4297
33.5,0,259.329
33.50001,0,237.935
33.5,1,160.561
33.50001,1,160.561
33.5,2,49.9996
33.50001,2,49.9996
33.5,3,102.855
33.50001,3,110.554
33.5,4,45.4297
33.50001,4,33.1538
33.6,0,237.935
33.60001,0,237.935
33.6,1,160.561
33.60001,1,160.561
33.6,2,49.9996
33.60001,2,49.9996
33.6,3,110.554
33.60001,3,110.554
33.6,4,33.1538
33.60001,4,33.1538
33.7,0,237.935
33.70001,0,249.47
33.7,1,160.561
33.70001,1,160.561
33.7,2,49.9996
33.70001,2,42.9222
33.7,3,110.554
33.70001,3,110.554
33.7,4,33.1538
33.70001,4,33.1538
33.8,0,249.47
33.80001,0,233.624
33.8,1,160.561
33.80001,1,160.561
33.8,2,42.9222
33.80001,2,42.9222
33.8,3,110.554
33.80001,3,110.554
33.8,4,33.1538
33.80001,4,33.1538
33.9,0,233.624
33.90001,0,248.289
33.9,1,160.561
33.90001,1,160.561
33.9,2,42.9222
33.90001,2,42.9222
33.9,3,110.554
33.90001,3,110.554
33.9,4,33.1538
33.90001,4,33.1538
34,0,248.289
34.00001,0,248.289
34,1,160.561
34.00001,1,160.561
34,2,42.9222
34.00001,2,29.6667
34,3,110.554
34.00001,3,110.554
34,4,33.1538
34.00001,4,23.6028
34.1,0,248.289
34.10001,0,248.289
34.1,1,160.561
34.10001,1,160.561
34.1,2,29.6667
34.10001,2,29.6667
34.1,3,110.554
34.10001,3,110.554
34.1,4,23.6028
34.10001,4,23.6028
34.2,0,248.289
34.20001,0,248.289
34.2,1,160.561
34.20001,1,160.561
34.2,2,29.6667
34.20001,2,29.6667
34.2,3,110.554
34.20001,3,110.554
34.2,4,23.6028
34.20001,4,14.7442
34.3,0,248.289
34.30001,0,248.289
34.3,1,160.561
34.30001,1,160.561
34.3,2,29.6667
34.30001,2,53.7737
34.3,3,110.554
34.30001,3,128.788
34.3,4,14.7442
34.30001,4,14.7442
34.4,0,248.289
34.40001,0,248.289
34.4,1,160.561
34.40001,1,177.9
34.4,2,53.7737
34.40001,2,53.7737
34.4,3,128.788
34.40001,3,128.788
34.4,4,14.7442
34.40001,4,14.7442
34.5,0,248.289
34.50001,0,245.928
34.5,1,177.9
34.50001,1,177.9
34.5,2,53.7737
34.50001,2,52.9645
34.5,3,128.788
34.50001,3,128.788
34.5,4,14.7442
34.50001,4,14.7442
34.6,0,245.928
34.60001,0,245.928
34.6,1,177.9
34.60001,1,175.592
34.6,2,52.9645
34.60001,2,47.7866
34.6,3,128.788
34.60001,3,128.788
34.6,4,14.7442
34.60001,4,0
34.7,0,245.928
34.70001,0,245.928
34.7,1,175.592
34.70001,1,158.253
34.7,2,47.7866
34.70001,2,47.7866
34.7,3,128.788
34.70001,3,128.788
34.7,4,0
34.70001,4,0
34.8,0,245.928
34.80001,0,235.397
34.8,1,158.253
34.80001,1,158.253
34.8,2,47.7866
34.80001,2,47.7866
34.8,3,128.788
34.80001,3,128.788
34.8,4,0
34.80001,4,0
34.9,0,235.397
34.90001,0,241.182
34.9,1,158.253
34.90001,1,153.89
34.9,2,47.7866
34.90001,2,47.7866
34.9,3,128.788
34.90001,3,128.788
34.9,4,0
34.90001,4,0
35,0,241.182
35.00001,0,241.182
35,1,153.89
35.00001,1,153.89
35,2,47.7866
35.00001,2,42.8249
35,3,128.788
35.00001,3,128.788
35,4,0
35.00001,4,0
35.1,0,241.182
35.10001,0,258.872
35.1,1,153.89
35.10001,1,174.142
35.1,2,42.8249
35.10001,2,42.8249
35.1,3,128.788
35.10001,3,109.981
35.1,4,0
35.10001,4,0
35.2,0,258.872
35.20001,0,258.872
35.2,1,174.142
35.20001,1,174.142
35.2,2,42.8249
35.20001,2,42.8249
35.2,3,109.981
35.20001,3,109.981
35.2,4,0
35.20001,4,0
35.3,0,258.872
35.30001,0,258.872
35.3,1,174.142
35.30001,1,174.298
35.3,2,42.8249
35.30001,2,42.8249
35.3,3,109.981
35.30001,3,109.981
35.3,4,0
35.30001,4,0
35.4,0,258.872
35.40001,0,258.872
35.4,1,174.298
35.40001,1,174.298
35.4,2,42.8249
35.40001,2,47.7264
35.4,3,109.981
35.40001,3,131.72
35.4,4,0
35.40001,4,0
35.5,0,258.872
35.50001,0,258.872
35.5,1,174.298
35.50001,1,185.95
35.5,2,47.7264
35.50001,2,47.7264
35.5,3,131.72
35.50001,3,131.72
35.5,4,0
35.50001,4,0
35.6,0,258.872
35.60001,0,258.872
35.6,1,185.95
35.60001,1,180.918
35.6,2,47.7264
35.60001,2,63.8021
35.6,3,131.72
35.60001,3,148.403
35.6,4,0
35.60001,4,0
35.7,0,258.872
35.70001,0,258.872
35.7,1,180.918
35.70001,1,157.067
35.7,2,63.8021
35.70001,2,85.5776
35.7,3,148.403
35.70001,3,148.403
35.7,4,0
35.70001,4,0
35.8,0,258.872
35.80001,0,237.263
35.8,1,157.067
35.80001,1,157.067
35.8,2,85.5776
35.80001,2,85.5776
35.8,3,148.403
35.80001,3,148.403
35.8,4,0
35.80001,4,0
35.9,0,237.263
35.90001,0,217.483
35.9,1,157.067
35.90001,1,157.067
35.9,2,85.5776
35.90001,2,85.5776
35.9,3,148.403
35.90001,3,135.911
35.9,4,0
35.90001,4,0
36,0,217.483
36.00001,0,217.483
36,1,157.067
36.00001,1,157.067
36,2,85.5776
36.00001,2,70.1667
36,3,135.911
36.00001,3,149.049
36,4,0
36.00001,4,0
36.1,0,217.483
36.10001,0,217.483
36.1,1,157.067
36.10001,1,157.067
36.1,2,70.1667
36.10001,2,87.7648
36.1,3,149.049
36.10001,3,149.049
36.1,4,0
36.10001,4,0
36.2,0,217.483
36.20001,0,217.483
36.2,1,157.067
36.20001,1,175.907
36.2,2,87.7648
36.20001,2,65.872
36.2,3,149.049
36.20001,3,149.049
36.2,4,0
36.20001,4,0
36.3,0,217.483
36.30001,0,217.483
36.3,1,175.907
36.30001,1,175.907
36.3,2,65.872
36.30001,2,65.872
36.3,3,149.049
36.30001,3,148.705
36.3,4,0
36.30001,4,0
36.4,0,217.483
36.40001,0,217.483
36.4,1,175.907
36.40001,1,190.888
36.4,2,65.872
36.40001,2,65.872
36.4,3,148.705
36.40001,3,142.95
36.4,4,0
36.40001,4,0
36.5,0,217.483
36.50001,0,217.483
36.5,1,190.888
36.50001,1,190.888
36.5,2,65.872
36.50001,2,71.9907
36.5,3,142.95
36.50001,3,141.506
36.5,4,0
36.50001,4,0
36.6,0,217.483
36.60001,0,217.483
36.6,1,190.888
36.60001,1,187.476
36.6,2,71.9907
36.60001,2,53.3786
36.6,3,141.506
36.60001,3,141.506
36.6,4,0
36.60001,4,14.1836
36.7,0,217.483
36.70001,0,217.483
36.7,1,187.476
36.70001,1,187.476
36.7,2,53.3786
36.70001,2,53.3786
36.7,3,141.506
36.70001,3,120.949
36.7,4,14.1836
36.70001,4,14.1836
36.8,0,217.483
36.80001,0,217.483
36.8,1,187.476
36.80001,1,187.476
36.8,2,53.3786
36.80001,2,53.3786
36.8,3,120.949
36.80001,3,120.949
36.8,4,14.1836
36.80001,4,14.1836
36.9,0,217.483
36.90001,0,217.483
36.9,1,187.476
36.90001,1,187.476
36.9,2,53.3786
36.90001,2,74.1693
36.9,3,120.949
36.90001,3,128.862
36.9,4,14.1836
36.90001,4,14.1836
37,0,217.483
37.00001,0,217.483
37,1,187.476
37.00001,1,187.476
37,2,74.1693
37.00001,2,76.7352
37,3,128.862
37.00001,3,128.862
37,4,14.1836
37.00001,4,14.1836
37.1,0,217.483
37.10001,0,234.55
37.1,1,187.476
37.10001,1,187.476
37.1,2,76.7352
37.10001,2,76.7352
37.1,3,128.862
37.10001,3,120.61
37.1,4,14.1836
37.10001,4,27.4114
37.2,0,234.55
37.20001,0,246.383
37.2,1,187.476
37.20001,1,165.331
37.2,2,76.7352
37.20001,2,60.2976
37.2,3,120.61
37.20001,3,120.61
37.2,4,27.4114
37.20001,4,31.2098
37.3,0,246.383
37.30001,0,252.522
37.3,1,165.331
37.30001,1,165.331
37.3,2,60.2976
37.30001,2,60.2976
37.3,3,120.61
37.30001,3,130.211
37.3,4,31.2098
37.30001,4,31.2098
37.4,0,252.522
37.40001,0,252.522
37.4,1,165.331
37.40001,1,185.626
37.4,2,60.2976
37.40001,2,60.2976
37.4,3,130.211
37.40001,3,130.211
37.4,4,31.2098
37.40001,4,31.2098
37.5,0,252.522
37.50001,0,252.522
37.5,1,185.626
37.50001,1,167.776
37.5,2,60.2976
37.50001,2,60.2976
37.5,3,130.211
37.50001,3,130.211
37.5,4,31.2098
37.50001,4,31.2098
37.6,0,252.522
37.60001,0,252.522
37.6,1,167.776
37.60001,1,147.431
37.6,2,60.2976
37.60001,2,70.9472
37.6,3,130.211
37.60001,3,150.765
37.6,4,31.2098
37.60001,4,31.2098
37.7,0,252.522
37.70001,0,238.041
37.7,1,147.431
37.70001,1,124.05
37.7,2,70.9472
37.70001,2,66.7218
37.7,3,150.765
37.70001,3,150.765
37.7,4,31.2098
37.70001,4,31.2098
37.8,0,238.041
37.80001,0,239.51
37.8,1,124.05
37.80001,1,124.05
37.8,2,66.7218
37.80001,2,72.1634
37.8,3,150.765
37.80001,3,150.765
37.8,4,31.2098
37.80001,4,31.2098
37.9,0,239.51
37.90001,0,239.51
37.9,1,124.05
37.90001,1,114.647
37.9,2,72.1634
37.90001,2,72.1634
37.9,3,150.765
37.90001,3,164.429
37.9,4,31.2098
37.90001,4,31.2098
38,0,239.51
38.00001,0,239.51
38,1,114.647
38.00001,1,135.231
38,2,72.1634
38.00001,2,72.1634
38,3,164.429
38.00001,3,164.429
38,4,31.2098
38.00001,4,31.2098
38.1,0,239.51
38.10001,0,239.51
38.1,1,135.231
38.10001,1,135.231
38.1,2,72.1634
38.10001,2,72.1634
38.1,3,164.429
38.10001,3,179.909
38.1,4,31.2098
38.10001,4,24.8387
38.2,0,239.51
38.20001,0,230.425
38.2,1,135.231
38.20001,1,135.231
38.2,2,72.1634
38.20001,2,72.1634
38.2,3,179.909
38.20001,3,179.909
38.2,4,24.8387
38.20001,4,16.5091
38.3,0,230.425
38.30001,0,230.425
38.3,1,135.231
38.30001,1,135.231
38.3,2,72.1634
38.30001,2,56.3187
38.3,3,179.909
38.30001,3,161.484
38.3,4,16.5091
38.30001,4,16.5091
38.4,0,230.425
38.40001,0,230.425
38.4,1,135.231
38.40001,1,144.383
38.4,2,56.3187
38.40001,2,56.3187
38.4,3,161.484
38.40001,3,166.747
38.4,4,16.5091
38.40001,4,38.8689
38.5,0,230.425
38.50001,0,230.425
38.5,1,144.383
38.50001,1,168.145
38.5,2,56.3187
38.50001,2,56.3187
38.5,3,166.747
38.50001,3,145.447
38.5,4,38.8689
38.50001,4,38.8689
38.6,0,230.425
38.60001,0,234.86
38.6,1,168.145
38.60001,1,168.145
38.6,2,56.3187
38.60001,2,56.3187
38.6,3,145.447
38.60001,3,145.447
38.6,4,38.8689
38.60001,4,27.6045
38.7,0,234.86
38.70001,0,226.783
38.7,1,168.145
38.70001,1,160.197
38.7,2,56.3187
38.70001,2,56.3187
38.7,3,145.447
38.70001,3,167.285
38.7,4,27.6045
38.70001,4,27.6045
38.8,0,226.783
38.80001,0,226.783
38.8,1,160.197
38.80001,1,160.197
38.8,2,56.3187
38.80001,2,56.3187
38.8,3,167.285
38.80001,3,184.308
38.8,4,27.6045
38.80001,4,16.3962
38.9,0,226.783
38.90001,0,226.783
38.9,1,160.197
38.90001,1,160.197
38.9,2,56.3187
38.90001,2,56.3187
38.9,3,184.308
38.90001,3,184.308
38.9,4,16.3962
38.90001,4,16.3962
39,0,226.783
39.00001,0,226.783
39,1,160.197
39.00001,1,160.197
39,2,56.3187
39.00001,2,56.3187
39,3,184.308
39.00001,3,184.308
39,4,16.3962
39.00001,4,16.3962
39.1,0,226.783
39.10001,0,205.287
39.1,1,160.197
39.10001,1,160.197
39.1,2,56.3187
39.10001,2,45.9419
39.1,3,184.308
39.10001,3,184.308
39.1,4,16.3962
39.10001,4,16.3962
39.2,0,205.287
39.20001,0,205.287
39.2,1,160.197
39.20001,1,160.197
39.2,2,45.9419
39.20001,2,45.9419
39.2,3,184.308
39.20001,3,184.308
39.2,4,16.3962
39.20001,4,16.3962
39.3,0,205.287
39.30001,0,219.575
39.3,1,160.197
39.30001,1,160.197
39.3,2,45.9419
39.30001,2,42.2151
39.3,3,184.308
39.30001,3,184.308
39.3,4,16.3962
39.30001,4,16.3962
39.4,0,219.575
39.40001,0,195.127
39.4,1,160.197
39.40001,1,179.309
39.4,2,42.2151
39.40001,2,42.2151
39.4,3,184.308
39.40001,3,180.487
39.4,4,16.3962
39.40001,4,16.3962
39.5,0,195.127
39.50001,0,212.991
39.5,1,179.309
39.50001,1,194.598
39.5,2,42.2151
39.50001,2,42.2151
39.5,3,180.487
39.50001,3,204.094
39.5,4,16.3962
39.50001,4,16.3962
39.6,0,212.991
39.60001,0,212.991
39.6,1,194.598
39.60001,1,194.598
39.6,2,42.2151
39.60001,2,42.2151
39.6,3,204.094
39.60001,3,204.094
39.6,4,16.3962
39.60001,4,16.3962
39.7,0,212.991
39.70001,0,197.171
39.7,1,194.598
39.70001,1,185.143
39.7,2,42.2151
39.70001,2,42.2151
39.7,3,204.094
39.70001,3,204.094
39.7,4,16.3962
39.70001,4,16.3962
39.8,0,197.171
39.80001,0,197.171
39.8,1,185.143
39.80001,1,185.143
39.8,2,42.2151
39.80001,2,42.2151
39.8,3,204.094
39.80001,3,204.094
39.8,4,16.3962
39.80001,4,16.3962
39.9,0,197.171
39.90001,0,197.171
39.9,1,185.143
39.90001,1,185.143
39.9,2,42.2151
39.90001,2,42.2151
39.9,3,204.094
39.90001,3,202.067
39.9,4,16.3962
39.90001,4,16.3962
40,0,197.171
40.00001,0,211.26
40,1,185.143
40.00001,1,185.143
40,2,42.2151
40.00001,2,42.2151
40,3,202.067
40.00001,3,202.067
40,4,16.3962
40.00001,4,23.752
40.1,0,211.26
40.10001,0,211.26
40.1,1,185.143
40.10001,1,185.143
40.1,2,42.2151
40.10001,2,42.2151
40.1,3,202.067
40.10001,3,202.067
40.1,4,23.752
40.10001,4,23.752
40.2,0,211.26
40.20001,0,211.26
40.2,1,185.143
40.20001,1,185.143
40.2,2,42.2151
40.20001,2,37.4746
40.2,3,202.067
40.20001,3,202.067
40.2,4,23.752
40.20001,4,24.3043
40.3,0,211.26
40.30001,0,211.26
40.3,1,185.143
40.30001,1,185.143
40.3,2,37.4746
40.30001,2,37.4746
40.3,3,202.067
40.30001,3,202.067
40.3,4,24.3043
40.30001,4,24.3043
40.4,0,211.26
40.40001,0,211.26
40.4,1,185.143
40.40001,1,185.143
40.4,2,37.4746
40.40001,2,37.4746
40.4,3,202.067
40.40001,3,202.067
40.4,4,24.3043
40.40001,4,24.3043
40.5,0,211.26
40.50001,0,211.26
40.5,1,185.143
40.50001,1,196.162
40.5,2,37.4746
40.50001,2,37.4746
40.5,3,202.067
40.50001,3,202.067
40.5,4,24.3043
40.50001,4,24.3043
40.6,0,211.26
40.60001,0,211.26
40.6,1,196.162
40.60001,1,196.162
40.6,2,37.4746
40.60001,2,27.0204
40.6,3,202.067
40.60001,3,202.067
40.6,4,24.3043
40.60001,4,1.8281
40.7,0,211.26
40.70001,0,211.26
40.7,1,196.162
40.70001,1,196.162
40.7,2,27.0204
40.70001,2,27.0204
40.7,3,202.067
40.70001,3,197.899
40.7,4,1.8281
40.70001,4,1.8281
40.8,0,211.26
40.80001,0,211.26
40.8,1,196.162
40.80001,1,196.162
40.8,2,27.0204
40.80001,2,44.195
40.8,3,197.899
40.80001,3,197.899
40.8,4,1.8281
40.80001,4,1.8281
40.9,0,211.26
40.90001,0,211.26
40.9,1,196.162
40.90001,1,196.162
40.9,2,44.195
40.90001,2,53.1382
40.9,3,197.899
40.90001,3,197.899
40.9,4,1.8281
40.90001,4,1.8281
41,0,211.26
41.00001,0,211.26
41,1,196.162
41.00001,1,196.162
41,2,53.1382
41.00001,2,53.1382
41,3,197.899
41.00001,3,197.899
41,4,1.8281
41.00001,4,1.8281
41.1,0,211.26
41.10001,0,211.26
41.1,1,196.162
41.10001,1,196.162
41.1,2,53.1382
41.10001,2,53.1382
41.1,3,197.899
41.10001,3,197.899
41.1,4,1.8281
41.10001,4,1.8281
41.2,0,211.26
41.20001,0,204.874
41.2,1,196.162
41.20001,1,196.162
41.2,2,53.1382
41.20001,2,53.1382
41.2,3,197.899
41.20001,3,194.182
41.2,4,1.8281
41.20001,4,1.8281
41.3,0,204.874
41.30001,0,204.874
41.3,1,196.162
41.30001,1,196.162
41.3,2,53.1382
41.30001,2,53.1382
41.3,3,194.182
41.30001,3,174.648
41.3,4,1.8281
41.30001,4,1.8281
41.4,0,204.874
41.40001,0,204.874
41.4,1,196.162
41.40001,1,196.162
41.4,2,53.1382
41.40001,2,58.6554
41.4,3,174.648
41.40001,3,180.775
41.4,4,1.8281
41.40001,4,1.8281
41.5,0,204.874
41.50001,0,204.874
41.5,1,196.162
41.50001,1,196.162
41.5,2,58.6554
41.50001,2,58.6554
41.5,3,180.775
41.50001,3,180.775
41.5,4,1.8281
41.50001,4,0
41.6,0,204.874
41.60001,0,204.874
41.6,1,196.162
41.60001,1,196.162
41.6,2,58.6554
41.60001,2,77.3297
41.6,3,180.775
41.60001,3,180.775
41.6,4,0
41.60001,4,0
41.7,0,204.874
41.70001,0,211.008
41.7,1,196.162
41.70001,1,199.614
41.7,2,77.3297
41.70001,2,77.3297
41.7,3,180.775
41.70001,3,181.332
41.7,4,0
41.70001,4,0
41.8,0,211.008
41.80001,0,200.492
41.8,1,199.614
41.80001,1,175.578
41.8,2,77.3297
41.80001,2,77.3297
41.8,3,181.332
41.80001,3,181.332
41.8,4,0
41.80001,4,0
41.9,0,200.492
41.90001,0,196.785
41.9,1,175.578
41.90001,1,175.578
41.9,2,77.3297
41.90001,2,77.3297
41.9,3,181.332
41.90001,3,181.332
41.9,4,0
41.90001,4,0
42,0,196.785
42.00001,0,208.123
42,1,175.578
42.00001,1,175.578
42,2,77.3297
42.00001,2,77.3297
42,3,181.332
42.00001,3,166.442
42,4,0
42.00001,4,10.6264
42.1,0,208.123
42.10001,0,208.123
42.1,1,175.578
42.10001,1,183.174
42.1,2,77.3297
42.10001,2,80.7452
42.1,3,166.442
42.10001,3,166.442
42.1,4,10.6264
42.10001,4,10.6264
42.2,0,208.123
42.20001,0,208.123
42.2,1,183.174
42.20001,1,183.174
42.2,2,80.7452
42.20001,2,80.7452
42.2,3,166.442
42.20001,3,166.442
42.2,4,10.6264
42.20001,4,18.0085
42.3,0,208.123
42.30001,0,231.031
42.3,1,183.174
42.30001,1,183.174
42.3,2,80.7452
42.30001,2,80.7452
42.3,3,166.442
42.30001,3,185.347
42.3,4,18.0085
42.30001,4,18.0085
42.4,0,231.031
42.40001,0,231.031
42.4,1,183.174
42.40001,1,191.853
42.4,2,80.7452
42.40001,2,87.013
42.4,3,185.347
42.40001,3,185.347
42.4,4,18.0085
42.40001,4,18.0085
42.5,0,231.031
42.50001,0,215.237
42.5,1,191.853
42.50001,1,182.884
42.5,2,87.013
42.50001,2,87.013
42.5,3,185.347
42.50001,3,185.347
42.5,4,18.0085
42.50001,4,18.0085
42.6,0,215.237
42.60001,0,199.799
42.6,1,182.884
42.60001,1,182.884
42.6,2,87.013
42.60001,2,108.129
42.6,3,185.347
42.60001,3,185.347
42.6,4,18.0085
42.60001,4,18.0085
42.7,0,199.799
42.70001,0,199.799
42.7,1,182.884
42.70001,1,182.884
42.7,2,108.129
42.70001,2,108.129
42.7,3,185.347
42.70001,3,197.328
42.7,4,18.0085
42.70001,4,18.0085
42.8,0,199.799
42.80001,0,199.799
42.8,1,182.884
42.80001,1,182.884
42.8,2,108.129
42.80001,2,108.129
42.8,3,197.328
42.80001,3,197.328
42.8,4,18.0085
42.80001,4,18.0085
42.9,0,199.799
42.90001,0,207.86
42.9,1,182.884
42.90001,1,182.884
42.9,2,108.129
42.90001,2,108.129
42.9,3,197.328
42.90001,3,174.316
42.9,4,18.0085
42.90001,4,18.0085
43,0,207.86
43.00001,0,207.86
43,1,182.884
43.00001,1,182.884
43,2,108.129
43.00001,2,108.129
43,3,174.316
43.00001,3,174.316
43,4,18.0085
43.00001,4,18.0085
43.1,0,207.86
43.10001,0,214.29
43.1,1,182.884
43.10001,1,182.884
43.1,2,108.129
43.10001,2,108.129
43.1,3,174.316
43.10001,3,174.316
43.1,4,18.0085
43.10001,4,36.8453
43.2,0,214.29
43.20001,0,214.29
43.2,1,182.884
43.20001,1,182.884
43.2,2,108.129
43.20001,2,108.129
43.2,3,174.316
43.20001,3,174.316
43.2,4,36.8453
43.20001,4,36.8453
43.3,0,214.29
43.30001,0,211.517
43.3,1,182.884
43.30001,1,182.884
43.3,2,108.129
43.30001,2,108.129
43.3,3,174.316
43.30001,3,174.316
43.3,4,36.8453
43.30001,4,39.5135
43.4,0,211.517
43.40001,0,197.169
43.4,1,182.884
43.40001,1,182.884
43.4,2,108.129
43.40001,2,108.129
43.4,3,174.316
43.40001,3,177.305
43.4,4,39.5135
43.40001,4,30.0724
43.5,0,197.169
43.50001,0,197.169
43.5,1,182.884
43.50001,1,173.862
43.5,2,108.129
43.50001,2,120.77
43.5,3,177.305
43.50001,3,156.661
43.5,4,30.0724
43.50001,4,18.7452
43.6,0,197.169
43.60001,0,208.063
43.6,1,173.862
43.60001,1,173.862
43.6,2,120.77
43.60001,2,120.77
43.6,3,156.661
43.60001,3,174.284
43.6,4,18.7452
43.60001,4,18.7452
43.7,0,208.063
43.70001,0,183.912
43.7,1,173.862
43.70001,1,168.319
43.7,2,120.77
43.70001,2,120.77
43.7,3,174.284
43.70001,3,174.343
43.7,4,18.7452
43.70001,4,42.9898
43.8,0,183.912
43.80001,0,183.912
43.8,1,168.319
43.80001,1,168.319
43.8,2,120.77
43.80001,2,123.681
43.8,3,174.343
43.80001,3,174.343
43.8,4,42.9898
43.80001,4,42.9898
43.9,0,183.912
43.90001,0,183.912
43.9,1,168.319
43.90001,1,191.974
43.9,2,123.681
43.90001,2,123.681
43.9,3,174.343
43.90001,3,174.343
43.9,4,42.9898
43.90001,4,42.9898
44,0,183.912
44.00001,0,183.912
44,1,191.974
44.00001,1,191.974
44,2,123.681
44.00001,2,123.681
44,3,174.343
44.00001,3,174.343
44,4,42.9898
44.00001,4,39.6404
44.1,0,183.912
44.10001,0,203.227
44.1,1,191.974
44.10001,1,191.974
44.1,2,123.681
44.10001,2,123.681
44.1,3,174.343
44.10001,3,174.343
44.1,4,39.6404
44.10001,4,15.0402
44.2,0,203.227
44.20001,0,190.048
44.2,1,191.974
44.20001,1,191.974
44.2,2,123.681
44.20001,2,131.895
44.2,3,174.343
44.20001,3,174.343
44.2,4,15.0402
44.20001,4,15.0402
44.3,0,190.048
44.30001,0,177.53
44.3,1,191.974
44.30001,1,203.892
44.3,2,131.895
44.30001,2,156.526
44.3,3,174.343
44.30001,3,159.439
44.3,4,15.0402
44.30001,4,15.0402
44.4,0,177.53
44.40001,0,177.53
44.4,1,203.892
44.40001,1,193.255
44.4,2,156.526
44.40001,2,156.526
44.4,3,159.439
44.40001,3,159.439
44.4,4,15.0402
44.40001,4,15.0402
44.5,0,177.53
44.50001,0,163.667
44.5,1,193.255
44.50001,1,178.208
44.5,2,156.526
44.50001,2,156.526
44.5,3,159.439
44.50001,3,141.934
44.5,4,15.0402
44.50001,4,19.2275
44.6,0,163.667
44.60001,0,163.667
44.6,1,178.208
44.60001,1,158.18
44.6,2,156.526
44.60001,2,156.526
44.6,3,141.934
44.60001,3,141.934
44.6,4,19.2275
44.60001,4,19.2275
44.7,0,163.667
44.70001,0,163.667
44.7,1,158.18
44.70001,1,173.007
44.7,2,156.526
44.70001,2,156.526
44.7,3,141.934
44.70001,3,141.934
44.7,4,19.2275
44.70001,4,19.2275
44.8,0,163.667
44.80001,0,163.667
44.8,1,173.007
44.80001,1,180.301
44.8,2,156.526
44.80001,2,156.526
44.8,3,141.934
44.80001,3,141.934
44.8,4,19.2275
44.80001,4,19.2275
44.9,0,163.667
44.90001,0,163.667
44.9,1,180.301
44.90001,1,185.755
44.9,2,156.526
44.90001,2,156.526
44.9,3,141.934
44.90001,3,141.934
44.9,4,19.2275
44.90001,4,19.2275
45,0,163.667
45.00001,0,163.667
45,1,185.755
45.00001,1,185.755
45,2,156.526
45.00001,2,156.526
45,3,141.934
45.00001,3,141.934
45,4,19.2275
45.00001,4,19.2275
45.1,0,163.667
45.10001,0,163.667
45.1,1,185.755
45.10001,1,181.812
45.1,2,156.526
45.10001,2,156.526
45.1,3,141.934
45.10001,3,141.934
45.1,4,19.2275
45.10001,4,19.2275
45.2,0,163.667
45.20001,0,163.667
45.2,1,181.812
45.20001,1,192.022
45.2,2,156.526
45.20001,2,156.526
45.2,3,141.934
45.20001,3,141.934
45.2,4,19.2275
45.20001,4,19.2275
45.3,0,163.667
45.30001,0,155.611
45.3,1,192.022
45.30001,1,208.346
45.3,2,156.526
45.30001,2,156.526
45.3,3,141.934
45.30001,3,141.934
45.3,4,19.2275
45.30001,4,19.2275
45.4,0,155.611
45.40001,0,174.579
45.4,1,208.346
45.40001,1,186.041
45.4,2,156.526
45.40001,2,156.526
45.4,3,141.934
45.40001,3,141.934
45.4,4,19.2275
45.40001,4,10.5256
45.5,0,174.579
45.50001,0,174.579
45.5,1,186.041
45.50001,1,186.041
45.5,2,156.526
45.50001,2,156.526
45.5,3,141.934
45.50001,3,141.934
45.5,4,10.5256
45.50001,4,20.462
45.6,0,174.579
45.60001,0,174.579
45.6,1,186.041
45.60001,1,186.041
45.6,2,156.526
45.60001,2,156.526
45.6,3,141.934
45.60001,3,118.297
45.6,4,20.462
45.60001,4,42.1864
45.7,0,174.579
45.70001,0,174.579
45.7,1,186.041
45.70001,1,186.041
45.7,2,156.526
45.70001,2,156.526
45.7,3,118.297
45.70001,3,118.297
45.7,4,42.1864
45.70001,4,39.9545
45.8,0,174.579
45.80001,0,174.579
45.8,1,186.041
45.80001,1,186.041
45.8,2,156.526
45.80001,2,156.526
45.8,3,118.297
45.80001,3,132.593
45.8,4,39.9545
45.80001,4,59.4623
45.9,0,174.579
45.90001,0,174.579
45.9,1,186.041
45.90001,1,186.041
45.9,2,156.526
45.90001,2,161.072
45.9,3,132.593
45.90001,3,132.593
45.9,4,59.4623
45.90001,4,59.4623
46,0,174.579
46.00001,0,174.579
46,1,186.041
46.00001,1,186.041
46,2,161.072
46.00001,2,161.072
46,3,132.593
46.00001,3,132.593
46,4,59.4623
46.00001,4,44.5044
46.1,0,174.579
46.10001,0,174.579
46.1,1,186.041
46.10001,1,186.041
46.1,2,161.072
46.10001,2,161.072
46.1,3,132.593
46.10001,3,132.593
46.1,4,44.5044
46.10001,4,44.5044
46.2,0,174.579
46.20001,0,174.579
46.2,1,186.041
46.20001,1,192.488
46.2,2,161.072
46.20001,2,161.072
46.2,3,132.593
46.20001,3,154.955
46.2,4,44.5044
46.20001,4,44.5044
46.3,0,174.579
46.30001,0,174.579
46.3,1,192.488
46.30001,1,192.488
46.3,2,161.072
46.30001,2,161.072
46.3,3,154.955
46.30001,3,154.955
46.3,4,44.5044
46.30001,4,44.5044
46.4,0,174.579
46.40001,0,174.579
46.4,1,192.488
46.40001,1,199.5
46.4,2,161.072
46.40001,2,161.072
46.4,3,154.955
46.40001,3,154.955
46.4,4,44.5044
46.40001,4,44.5044
46.5,0,174.579
46.50001,0,165.389
46.5,1,199.5
46.50001,1,199.5
46.5,2,161.072
46.50001,2,161.072
46.5,3,154.955
46.50001,3,171.767
46.5,4,44.5044
46.50001,4,44.5044
46.6,0,165.389
46.60001,0,165.389
46.6,1,199.5
46.60001,1,199.5
46.6,2,161.072
46.60001,2,161.072
46.6,3,171.767
46.60001,3,171.767
46.6,4,44.5044
46.60001,4,44.5044
46.7,0,165.389
46.70001,0,165.389
46.7,1,199.5
46.70001,1,199.5
46.7,2,161.072
46.70001,2,161.072
46.7,3,171.767
46.70001,3,171.767
46.7,4,44.5044
46.70001,4,44.5044
46.8,0,165.389
46.80001,0,165.389
46.8,1,199.5
46.80001,1,184.311
46.8,2,161.072
46.80001,2,161.072
46.8,3,171.767
46.80001,3,171.767
46.8,4,44.5044
46.80001,4,25.061
46.9,0,165.389
46.90001,0,165.389
46.9,1,184.311
46.90001,1,184.311
46.9,2,161.072
46.90001,2,140.796
46.9,3,171.767
46.90001,3,171.767
46.9,4,25.061
46.90001,4,43.1759
47,0,165.389
47.00001,0,186.437
47,1,184.311
47.00001,1,184.311
47,2,140.796
47.00001,2,140.796
47,3,171.767
47.00001,3,171.767
47,4,43.1759
47.00001,4,43.1759
47.1,0,186.437
47.10001,0,186.437
47.1,1,184.311
47.10001,1,184.311
47.1,2,140.796
47.10001,2,142.384
47.1,3,171.767
47.10001,3,171.767
47.1,4,43.1759
47.10001,4,32.574
47.2,0,186.437
47.20001,0,186.437
47.2,1,184.311
47.20001,1,175.033
47.2,2,142.384
47.20001,2,142.384
47.2,3,171.767
47.20001,3,171.767
47.2,4,32.574
47.20001,4,32.574
47.3,0,186.437
47.30001,0,198.633
47.3,1,175.033
47.30001,1,187.93
47.3,2,142.384
47.30001,2,140.711
47.3,3,171.767
47.30001,3,171.767
47.3,4,32.574
47.30001,4,32.574
47.4,0,198.633
47.40001,0,192.975
47.4,1,187.93
47.40001,1,193.338
47.4,2,140.711
47.40001,2,161.563
47.4,3,171.767
47.40001,3,171.767
47.4,4,32.574
47.40001,4,46.8452
47.5,0,192.975
47.50001,0,192.975
47.5,1,193.338
47.50001,1,199.172
47.5,2,161.563
47.50001,2,161.563
47.5,3,171.767
47.50001,3,171.767
47.5,4,46.8452
47.50001,4,46.8452
47.6,0,192.975
47.60001,0,192.975
47.6,1,199.172
47.60001,1,203.678
47.6,2,161.563
47.60001,2,161.563
47.6,3,171.767
47.60001,3,171.767
47.6,4,46.8452
47.60001,4,46.8452
47.7,0,192.975
47.70001,0,192.975
47.7,1,203.678
47.70001,1,203.678
47.7,2,161.563
47.70001,2,161.563
47.7,3,171.767
47.70001,3,171.767
47.7,4,46.8452
47.70001,4,46.8452
47.8,0,192.975
47.80001,0,201.918
47.8,1,203.678
47.80001,1,203.678
47.8,2,161.563
47.80001,2,161.563
47.8,3,171.767
47.80001,3,171.767
47.8,4,46.8452
47.80001,4,44.8827
47.9,0,201.918
47.90001,0,201.918
47.9,1,203.678
47.90001,1,179.636
47.9,2,161.563
47.90001,2,161.563
47.9,3,171.767
47.90001,3,171.767
47.9,4,44.8827
47.90001,4,53.1729
48,0,201.918
48.00001,0,201.918
48,1,179.636
48.00001,1,179.636
48,2,161.563
48.00001,2,170.701
48,3,171.767
48.00001,3,171.767
48,4,53.1729
48.00001,4,53.1729
48.1,0,201.918
48.10001,0,206.845
48.1,1,179.636
48.10001,1,179.636
48.1,2,170.701
48.10001,2,170.701
48.1,3,171.767
48.10001,3,171.767
48.1,4,53.1729
48.10001,4,53.1729
48.2,0,206.845
48.20001,0,206.845
48.2,1,179.636
48.20001,1,179.636
48.2,2,170.701
48.20001,2,193.767
48.2,3,171.767
48.20001,3,171.767
48.2,4,53.1729
48.20001,4,53.1729
48.3,0,206.845
48.30001,0,206.845
48.3,1,179.636
48.30001,1,193.475
48.3,2,193.767
48.30001,2,193.767
48.3,3,171.767
48.30001,3,171.767
48.3,4,53.1729
48.30001,4,53.1729
48.4,0,206.845
48.40001,0,187.524
48.4,1,193.475
48.40001,1,193.475
48.4,2,193.767
48.40001,2,204.882
48.4,3,171.767
48.40001,3,171.767
48.4,4,53.1729
48.40001,4,53.1729
48.5,0,187.524
48.50001,0,169.548
48.5,1,193.475
48.50001,1,193.475
48.5,2,204.882
48.50001,2,204.882
48.5,3,171.767
48.50001,3,171.767
48.5,4,53.1729
48.50001,4,53.1729
48.6,0,169.548
48.60001,0,169.548
48.6,1,193.475
48.60001,1,193.475
48.6,2,204.882
48.60001,2,204.882
48.6,3,171.767
48.60001,3,175.786
48.6,4,53.1729
48.60001,4,53.1729
48.7,0,169.548
48.70001,0,169.548
48.7,1,193.475
48.70001,1,201.185
48.7,2,204.882
48.70001,2,204.882
48.7,3,175.786
48.70001,3,197.028
48.7,4,53.1729
48.70001,4,53.1729
48.8,0,169.548
48.80001,0,169.548
48.8,1,201.185
48.80001,1,184.186
48.8,2,204.882
48.80001,2,204.882
48.8,3,197.028
48.80001,3,197.028
48.8,4,53.1729
48.80001,4,53.1729
48.9,0,169.548
48.90001,0,169.548
48.9,1,184.186
48.90001,1,184.186
48.9,2,204.882
48.90001,2,204.882
48.9,3,197.028
48.90001,3,197.028
48.9,4,53.1729
48.90001,4,53.1729
49,0,169.548
49.00001,0,165.76
49,1,184.186
49.00001,1,184.186
49,2,204.882
49.00001,2,200.438
49,3,197.028
49.00001,3,179.118
49,4,53.1729
49.00001,4,53.1729
49.1,0,165.76
49.10001,0,165.76
49.1,1,184.186
49.10001,1,180.963
49.1,2,200.438
49.10001,2,200.438
49.1,3,179.118
49.10001,3,179.118
49.1,4,53.1729
49.10001,4,53.1729
49.2,0,165.76
49.20001,0,165.76
49.2,1,180.963
49.20001,1,180.963
49.2,2,200.438
49.20001,2,200.438
49.2,3,179.118
49.20001,3,201.766
49.2,4,53.1729
49.20001,4,53.1729
49.3,0,165.76
49.30001,0,165.76
49.3,1,180.963
49.30001,1,162.644
49.3,2,200.438
49.30001,2,200.438
49.3,3,201.766
49.30001,3,201.766
49.3,4,53.1729
49.30001,4,53.1729
49.4,0,165.76
49.40001,0,165.76
49.4,1,162.644
49.40001,1,162.644
49.4,2,200.438
49.40001,2,200.438
49.4,3,201.766
49.40001,3,212.547
49.4,4,53.1729
49.40001,4,40.6855
49.5,0,165.76
49.50001,0,165.76
49.5,1,162.644
49.50001,1,162.644
49.5,2,200.438
49.50001,2,200.438
49.5,3,212.547
49.50001,3,212.547
49.5,4,40.6855
49.50001,4,40.6855
49.6,0,165.76
49.60001,0,165.76
49.6,1,162.644
49.60001,1,162.644
49.6,2,200.438
49.60001,2,200.438
49.6,3,212.547
49.60001,3,212.547
49.6,4,40.6855
49.60001,4,40.6855
49.7,0,165.76
49.70001,0,165.76
49.7,1,162.644
49.70001,1,162.644
49.7,2,200.438
49.70001,2,200.438
49.7,3,212.547
49.70001,3,212.547
49.7,4,40.6855
49.70001,4,40.6855
49.8,0,165.76
49.80001,0,188.241
49.8,1,162.644
49.80001,1,150.251
49.8,2,200.438
49.80001,2,200.438
49.8,3,212.547
49.80001,3,212.547
49.8,4,40.6855
49.80001,4,43.7344
49.9,0,188.241
49.90001,0,188.241
49.9,1,150.251
49.90001,1,150.251
49.9,2,200.438
49.90001,2,200.438
49.9,3,212.547
49.90001,3,212.547
49.9,4,43.7344
49.90001,4,20.7618
50,0,188.241
50.00001,0,188.241
50,1,150.251
50.00001,1,150.251
50,2,200.438
50.00001,2,200.438
50,3,212.547
50.00001,3,212.547
50,4,20.7618
50.00001,4,20.7618
50.1,0,188.241
50.10001,0,188.241
50.1,1,150.251
50.10001,1,150.251
50.1,2,200.438
50.10001,2,200.438
50.1,3,212.547
50.10001,3,212.547
50.1,4,20.7618
50.10001,4,20.7618
50.2,0,188.241
50.20001,0,182.038
50.2,1,150.251
50.20001,1,150.251
50.2,2,200.438
50.20001,2,200.438
50.2,3,212.547
50.20001,3,200.544
50.2,4,20.7618
50.20001,4,20.7618
50.3,0,182.038
50.30001,0,195.075
50.3,1,150.251
50.30001,1,152.984
50.3,2,200.438
50.30001,2,200.438
50.3,3,200.544
50.30001,3,179.105
50.3,4,20.7618
50.30001,4,20.7618
50.4,0,195.075
50.40001,0,177.738
50.4,1,152.984
50.40001,1,152.984
50.4,2,200.438
50.40001,2,200.438
50.4,3,179.105
50.40001,3,179.105
50.4,4,20.7618
50.40001,4,38.4599
50.5,0,177.738
50.50001,0,177.738
50.5,1,152.984
50.50001,1,152.984
50.5,2,200.438
50.50001,2,200.438
50.5,3,179.105
50.50001,3,185.622
50.5,4,38.4599
50.50001,4,60.1915
50.6,0,177.738
50.60001,0,177.738
50.6,1,152.984
50.60001,1,152.984
50.6,2,200.438
50.60001,2,200.438
50.6,3,185.622
50.60001,3,185.622
50.6,4,60.1915
50.60001,4,74.123
50.7,0,177.738
50.70001,0,181.287
50.7,1,152.984
50.70001,1,152.984
50.7,2,200.438
50.70001,2,200.438
50.7,3,185.622
50.70001,3,185.622
50.7,4,74.123
50.70001,4,74.123
50.8,0,181.287
50.80001,0,191.085
50.8,1,152.984
50.80001,1,139.021
50.8,2,200.438
50.80001,2,200.438
50.8,3,185.622
50.80001,3,185.622
50.8,4,74.123
50.80001,4,74.123
50.9,0,191.085
50.90001,0,191.085
50.9,1,139.021
50.90001,1,139.021
50.9,2,200.438
50.90001,2,185.263
50.9,3,185.622
50.90001,3,185.622
50.9,4,74.123
50.90001,4,74.123
51,0,191.085
51.00001,0,191.085
51,1,139.021
51.00001,1,114.7
51,2,185.263
51.00001,2,161.929
51,3,185.622
51.00001,3,189.114
51,4,74.123
51.00001,4,82.2969
51.1,0,191.085
51.10001,0,191.085
51.1,1,114.7
51.10001,1,114.7
51.1,2,161.929
51.10001,2,139.041
51.1,3,189.114
51.10001,3,189.114
51.1,4,82.2969
51.10001,4,82.2969
51.2,0,191.085
51.20001,0,192.579
51.2,1,114.7
51.20001,1,134.187
51.2,2,139.041
51.20001,2,139.041
51.2,3,189.114
51.20001,3,172.535
51.2,4,82.2969
51.20001,4,82.2969
51.3,0,192.579
51.30001,0,217.479
51.3,1,134.187
51.30001,1,134.187
51.3,2,139.041
51.30001,2,137.477
51.3,3,172.535
51.30001,3,161.665
51.3,4,82.2969
51.30001,4,97.6293
51.4,0,217.479
51.40001,0,217.479
51.4,1,134.187
51.40001,1,134.187
51.4,2,137.477
51.40001,2,137.477
51.4,3,161.665
51.40001,3,150.593
51.4,4,97.6293
51.40001,4,116.369
51.5,0,217.479
51.50001,0,217.479
51.5,1,134.187
51.50001,1,134.187
51.5,2,137.477
51.50001,2,137.477
51.5,3,150.593
51.50001,3,150.593
51.5,4,116.369
51.50001,4,116.369
51.6,0,217.479
51.60001,0,230.357
51.6,1,134.187
51.60001,1,128.738
51.6,2,137.477
51.60001,2,117.648
51.6,3,150.593
51.60001,3,150.593
51.6,4,116.369
51.60001,4,116.369
51.7,0,230.357
51.70001,0,244.763
51.7,1,128.738
51.70001,1,128.738
51.7,2,117.648
51.70001,2,117.648
51.7,3,150.593
51.70001,3,150.593
51.7,4,116.369
51.70001,4,116.369
51.8,0,244.763
51.80001,0,244.763
51.8,1,128.738
51.80001,1,133.988
51.8,2,117.648
51.80001,2,117.648
51.8,3,150.593
51.80001,3,150.593
51.8,4,116.369
51.80001,4,116.369
51.9,0,244.763
51.90001,0,244.763
51.9,1,133.988
51.90001,1,133.988
51.9,2,117.648
51.90001,2,129.231
51.9,3,150.593
51.90001,3,150.593
51.9,4,116.369
51.90001,4,116.369
52,0,244.763
52.00001,0,254.666
52,1,133.988
52.00001,1,133.988
52,2,129.231
52.00001,2,129.231
52,3,150.593
52.00001,3,150.593
52,4,116.369
52.00001,4,104.618
52.1,0,254.666
52.10001,0,254.666
52.1,1,133.988
52.10001,1,155.095
52.1,2,129.231
52.10001,2,129.231
52.1,3,150.593
52.10001,3,153.875
52.1,4,104.618
52.10001,4,104.618
52.2,0,254.666
52.20001,0,254.666
52.2,1,155.095
52.20001,1,155.095
52.2,2,129.231
52.20001,2,129.231
52.2,3,153.875
52.20001,3,153.875
52.2,4,104.618
52.20001,4,104.618
52.3,0,254.666
52.30001,0,254.666
52.3,1,155.095
52.30001,1,155.095
52.3,2,129.231
52.30001,2,129.231
52.3,3,153.875
52.30001,3,153.875
52.3,4,104.618
52.30001,4,87.9249
52.4,0,254.666
52.40001,0,254.666
52.4,1,155.095
52.40001,1,155.095
52.4,2,129.231
52.40001,2,115.257
52.4,3,153.875
52.40001,3,153.875
52.4,4,87.9249
52.40001,4,87.9249
52.5,0,254.666
52.50001,0,235.08
52.5,1,155.095
52.50001,1,163.83
52.5,2,115.257
52.50001,2,115.257
52.5,3,153.875
52.50001,3,138.174
52.5,4,87.9249
52.50001,4,87.9249
52.6,0,235.08
52.60001,0,245.265
52.6,1,163.83
52.60001,1,163.83
52.6,2,115.257
52.60001,2,115.257
52.6,3,138.174
52.60001,3,138.174
52.6,4,87.9249
52.60001,4,87.9249
52.7,0,245.265
52.70001,0,245.265
52.7,1,163.83
52.70001,1,163.83
52.7,2,115.257
52.70001,2,109.093
52.7,3,138.174
52.70001,3,153.762
52.7,4,87.9249
52.70001,4,64.724
52.8,0,245.265
52.80001,0,225.482
52.8,1,163.83
52.80001,1,163.83
52.8,2,109.093
52.80001,2,109.093
52.8,3,153.762
52.80001,3,160.358
52.8,4,64.724
52.80001,4,64.724
52.9,0,225.482
52.90001,0,225.482
52.9,1,163.83
52.90001,1,161.271
52.9,2,109.093
52.90001,2,85.9323
52.9,3,160.358
52.90001,3,160.358
52.9,4,64.724
52.90001,4,74.4186
53,0,225.482
53.00001,0,225.482
53,1,161.271
53.00001,1,161.271
53,2,85.9323
53.00001,2,75.9694
53,3,160.358
53.00001,3,160.358
53,4,74.4186
53.00001,4,74.4186
53.1,0,225.482
53.10001,0,237.546
53.1,1,161.271
53.10001,1,161.271
53.1,2,75.9694
53.10001,2,75.9694
53.1,3,160.358
53.10001,3,160.358
53.1,4,74.4186
53.10001,4,74.4186
53.2,0,237.546
53.20001,0,237.546
53.2,1,161.271
53.20001,1,161.271
53.2,2,75.9694
53.20001,2,75.9694
53.2,3,160.358
53.20001,3,166.349
53.2,4,74.4186
53.20001,4,74.4186
53.3,0,237.546
53.30001,0,228.386
53.3,1,161.271
53.30001,1,161.271
53.3,2,75.9694
53.30001,2,75.9694
53.3,3,166.349
53.30001,3,166.349
53.3,4,74.4186
53.30001,4,74.4186
53.4,0,228.386
53.40001,0,228.386
53.4,1,161.271
53.40001,1,161.271
53.4,2,75.9694
53.40001,2,60.7014
53.4,3,166.349
53.40001,3,166.349
53.4,4,74.4186
53.40001,4,74.4186
53.5,0,228.386
53.50001,0,253.088
53.5,1,161.271
53.50001,1,161.271
53.5,2,60.7014
53.50001,2,60.7014
53.5,3,166.349
53.50001,3,166.349
53.5,4,74.4186
53.50001,4,74.4186
53.6,0,253.088
53.60001,0,253.088
53.6,1,161.271
53.60001,1,161.271
53.6,2,60.7014
53.60001,2,60.7014
53.6,3,166.349
53.60001,3,166.349
53.6,4,74.4186
53.60001,4,74.4186
53.7,0,253.088
53.70001,0,253.088
53.7,1,161.271
53.70001,1,161.271
53.7,2,60.7014
53.70001,2,82.1225
53.7,3,166.349
53.70001,3,154.407
53.7,4,74.4186
53.70001,4,74.4186
53.8,0,253.088
53.80001,0,253.088
53.8,1,161.271
53.80001,1,161.271
53.8,2,82.1225
53.80001,2,81.4139
53.8,3,154.407
53.80001,3,154.407
53.8,4,74.4186
53.80001,4,74.4186
53.9,0,253.088
53.90001,0,264.228
53.9,1,161.271
53.90001,1,161.271
53.9,2,81.4139
53.90001,2,81.4139
53.9,3,154.407
53.90001,3,154.407
53.9,4,74.4186
53.90001,4,74.4186
54,0,264.228
54.00001,0,264.228
54,1,161.271
54.00001,1,147.869
54,2,81.4139
54.00001,2,61.1626
54,3,154.407
54.00001,3,154.407
54,4,74.4186
54.00001,4,66.9333
54.1,0,264.228
54.10001,0,264.228
54.1,1,147.869
54.10001,1,147.869
54.1,2,61.1626
54.10001,2,61.1626
54.1,3,154.407
54.10001,3,154.407
54.1,4,66.9333
54.10001,4,66.9333
54.2,0,264.228
54.20001,0,264.228
54.2,1,147.869
54.20001,1,125.031
54.2,2,61.1626
54.20001,2,61.1626
54.2,3,154.407
54.20001,3,150.189
54.2,4,66.9333
54.20001,4,66.9333
54.3,0,264.228
54.30001,0,253.187
54.3,1,125.031
54.30001,1,149.413
54.3,2,61.1626
54.30001,2,85.6175
54.3,3,150.189
54.30001,3,150.189
54.3,4,66.9333
54.30001,4,66.9333
54.4,0,253.187
54.40001,0,253.187
54.4,1,149.413
54.40001,1,149.413
54.4,2,85.6175
54.40001,2,85.6175
54.4,3,150.189
54.40001,3,150.189
54.4,4,66.9333
54.40001,4,74.4161
54.5,0,253.187
54.50001,0,253.187
54.5,1,149.413
54.50001,1,149.413
54.5,2,85.6175
54.50001,2,85.6175
54.5,3,150.189
54.50001,3,150.189
54.5,4,74.4161
54.50001,4,74.4161
54.6,0,253.187
54.60001,0,253.187
54.6,1,149.413
54.60001,1,154.109
54.6,2,85.6175
54.60001,2,91.7508
54.6,3,150.189
54.60001,3,150.189
54.6,4,74.4161
54.60001,4,91.4501
54.7,0,253.187
54.70001,0,253.187
54.7,1,154.109
54.70001,1,154.109
54.7,2,91.7508
54.70001,2,91.7508
54.7,3,150.189
54.70001,3,150.189
54.7,4,91.4501
54.70001,4,77.0979
54.8,0,253.187
54.80001,0,253.187
54.8,1,154.109
54.80001,1,164.573
54.8,2,91.7508
54.80001,2,75.6898
54.8,3,150.189
54.80001,3,134.481
54.8,4,77.0979
54.80001,4,77.0979
54.9,0,253.187
54.90001,0,269.941
54.9,1,164.573
54.90001,1,164.573
54.9,2,75.6898
54.90001,2,75.6898
54.9,3,134.481
54.90001,3,116.764
54.9,4,77.0979
54.90001,4,77.0979
55,0,269.941
55.00001,0,269.941
55,1,164.573
55.00001,1,148.377
55,2,75.6898
55.00001,2,75.6898
55,3,116.764
55.00001,3,116.764
55,4,77.0979
55.00001,4,77.0979
55.1,0,269.941
55.10001,0,269.941
55.1,1,148.377
55.10001,1,164.072
55.1,2,75.6898
55.10001,2,58.0574
55.1,3,116.764
55.10001,3,116.764
55.1,4,77.0979
55.10001,4,77.0979
55.2,0,269.941
55.20001,0,245.352
55.2,1,164.072
55.20001,1,164.072
55.2,2,58.0574
55.20001,2,58.0574
55.2,3,116.764
55.20001,3,109.314
55.2,4,77.0979
55.20001,4,77.0979
55.3,0,245.352
55.30001,0,245.352
55.3,1,164.072
55.30001,1,164.072
55.3,2,58.0574
55.30001,2,58.0574
55.3,3,109.314
55.30001,3,109.314
55.3,4,77.0979
55.30001,4,92.5976
55.4,0,245.352
55.40001,0,245.352
55.4,1,164.072
55.40001,1,164.957
55.4,2,58.0574
55.40001,2,68.0239
55.4,3,109.314
55.40001,3,95.5237
55.4,4,92.5976
55.40001,4,85.8809
55.5,0,245.352
55.50001,0,245.352
55.5,1,164.957
55.50001,1,164.957
55.5,2,68.0239
55.50001,2,75.7629
55.5,3,95.5237
55.50001,3,95.5006
55.5,4,85.8809
55.50001,4,69.9093
55.6,0,245.352
55.60001,0,252.911
55.6,1,164.957
55.60001,1,186.165
55.6,2,75.7629
55.60001,2,74.6323
55.6,3,95.5006
55.60001,3,89.1282
55.6,4,69.9093
55.60001,4,69.9093
55.7,0,252.911
55.70001,0,270.976
55.7,1,186.165
55.70001,1,202.824
55.7,2,74.6323
55.70001,2,74.6323
55.7,3,89.1282
55.70001,3,89.1282
55.7,4,69.9093
55.70001,4,94.3437
55.8,0,270.976
55.80001,0,290.157
55.8,1,202.824
55.80001,1,202.824
55.8,2,74.6323
55.80001,2,74.6323
55.8,3,89.1282
55.80001,3,103.696
55.8,4,94.3437
55.80001,4,110.472
55.9,0,290.157
55.90001,0,284.523
55.9,1,202.824
55.90001,1,207.979
55.9,2,74.6323
55.90001,2,74.6323
55.9,3,103.696
55.90001,3,111.8
55.9,4,110.472
55.90001,4,110.472
56,0,284.523
56.00001,0,284.523
56,1,207.979
56.00001,1,207.979
56,2,74.6323
56.00001,2,96.1594
56,3,111.8
56.00001,3,111.8
56,4,110.472
56.00001,4,90.7811
56.1,0,284.523
56.10001,0,284.523
56.1,1,207.979
56.10001,1,207.979
56.1,2,96.1594
56.10001,2,98.2314
56.1,3,111.8
56.10001,3,132.157
56.1,4,90.7811
56.10001,4,90.7811
56.2,0,284.523
56.20001,0,284.523
56.2,1,207.979
56.20001,1,192.456
56.2,2,98.2314
56.20001,2,111.056
56.2,3,132.157
56.20001,3,122.19
56.2,4,90.7811
56.20001,4,110.669
56.3,0,284.523
56.30001,0,276.727
56.3,1,192.456
56.30001,1,178.25
56.3,2,111.056
56.30001,2,93.431
56.3,3,122.19
56.30001,3,122.19
56.3,4,110.669
56.30001,4,110.669
56.4,0,276.727
56.40001,0,271.636
56.4,1,178.25
56.40001,1,178.25
56.4,2,93.431
56.40001,2,93.431
56.4,3,122.19
56.40001,3,122.19
56.4,4,110.669
56.40001,4,110.669
56.5,0,271.636
56.50001,0,271.636
56.5,1,178.25
56.50001,1,178.25
56.5,2,93.431
56.50001,2,93.431
56.5,3,122.19
56.50001,3,122.19
56.5,4,110.669
56.50001,4,110.669
56.6,0,271.636
56.60001,0,249.868
56.6,1,178.25
56.60001,1,178.25
56.6,2,93.431
56.60001,2,93.431
56.6,3,122.19
56.60001,3,122.19
56.6,4,110.669
56.60001,4,110.669
56.7,0,249.868
56.70001,0,241
56.7,1,178.25
56.70001,1,178.25
56.7,2,93.431
56.70001,2,93.431
56.7,3,122.19
56.70001,3,122.19
56.7,4,110.669
56.70001,4,110.669
56.8,0,241
56.80001,0,241
56.8,1,178.25
56.80001,1,201.837
56.8,2,93.431
56.80001,2,93.431
56.8,3,122.19
56.80001,3,122.19
56.8,4,110.669
56.80001,4,110.669
56.9,0,241
56.90001,0,227.172
56.9,1,201.837
56.90001,1,186.141
56.9,2,93.431
56.90001,2,93.431
56.9,3,122.19
56.90001,3,122.19
56.9,4,110.669
56.90001,4,110.669
57,0,227.172
57.00001,0,224.11
57,1,186.141
57.00001,1,186.141
57,2,93.431
57.00001,2,83.1953
57,3,122.19
57.00001,3,97.5163
57,4,110.669
57.00001,4,110.669
57.1,0,224.11
57.10001,0,224.11
57.1,1,186.141
57.10001,1,186.141
57.1,2,83.1953
57.10001,2,83.1953
57.1,3,97.5163
57.10001,3,97.5163
57.1,4,110.669
57.10001,4,102.43
57.2,0,224.11
57.20001,0,224.11
57.2,1,186.141
57.20001,1,186.141
57.2,2,83.1953
57.20001,2,83.1953
57.2,3,97.5163
57.20001,3,93.0148
57.2,4,102.43
57.20001,4,102.43
57.3,0,224.11
57.30001,0,215.988
57.3,1,186.141
57.30001,1,182.116
57.3,2,83.1953
57.30001,2,83.1953
57.3,3,93.0148
57.30001,3,114.732
57.3,4,102.43
57.30001,4,102.43
57.4,0,215.988
57.40001,0,215.988
57.4,1,182.116
57.40001,1,182.116
57.4,2,83.1953
57.40001,2,77.212
57.4,3,114.732
57.40001,3,114.732
57.4,4,102.43
57.40001,4,102.43
57.5,0,215.988
57.50001,0,199.824
57.5,1,182.116
57.50001,1,182.116
57.5,2,77.212
57.50001,2,77.212
57.5,3,114.732
57.50001,3,114.732
57.5,4,102.43
57.50001,4,102.43
57.6,0,199.824
57.60001,0,179.152
57.6,1,182.116
57.60001,1,186.557
57.6,2,77.212
57.60001,2,85.087
57.6,3,114.732
57.60001,3,114.732
57.6,4,102.43
57.60001,4,102.43
57.7,0,179.152
57.70001,0,179.152
57.7,1,186.557
57.70001,1,186.557
57.7,2,85.087
57.70001,2,86.6813
57.7,3,114.732
57.70001,3,114.732
57.7,4,102.43
57.70001,4,102.43
57.8,0,179.152
57.80001,0,179.152
57.8,1,186.557
57.80001,1,186.557
57.8,2,86.6813
57.80001,2,81.4629
57.8,3,114.732
57.80001,3,114.732
57.8,4,102.43
57.80001,4,102.43
57.9,0,179.152
57.90001,0,179.152
57.9,1,186.557
57.90001,1,162.044
57.9,2,81.4629
57.90001,2,74.5926
57.9,3,114.732
57.90001,3,114.732
57.9,4,102.43
57.90001,4,102.201
58,0,179.152
58.00001,0,179.152
58,1,162.044
58.00001,1,163.892
58,2,74.5926
58.00001,2,74.5926
58,3,114.732
58.00001,3,114.732
58,4,102.201
58.00001,4,102.201
58.1,0,179.152
58.10001,0,179.152
58.1,1,163.892
58.10001,1,163.892
58.1,2,74.5926
58.10001,2,74.5926
58.1,3,114.732
58.10001,3,114.732
58.1,4,102.201
58.10001,4,102.7
58.2,0,179.152
58.20001,0,179.152
58.2,1,163.892
58.20001,1,163.892
58.2,2,74.5926
58.20001,2,74.5926
58.2,3,114.732
58.20001,3,114.732
58.2,4,102.7
58.20001,4,102.7
58.3,0,179.152
58.30001,0,198.247
58.3,1,163.892
58.30001,1,163.892
58.3,2,74.5926
58.30001,2,74.5926
58.3,3,114.732
58.30001,3,114.732
58.3,4,102.7
58.30001,4,109.545
58.4,0,198.247
58.40001,0,198.247
58.4,1,163.892
58.40001,1,144.554
58.4,2,74.5926
58.40001,2,70.8673
58.4,3,114.732
58.40001,3,114.732
58.4,4,109.545
58.40001,4,98.8894
58.5,0,198.247
58.50001,0,198.247
58.5,1,144.554
58.50001,1,151.403
58.5,2,70.8673
58.50001,2,71.8782
58.5,3,114.732
58.50001,3,111.642
58.5,4,98.8894
58.50001,4,98.8894
58.6,0,198.247
58.60001,0,222.522
58.6,1,151.403
58.60001,1,151.403
58.6,2,71.8782
58.60001,2,71.8782
58.6,3,111.642
58.60001,3,111.642
58.6,4,98.8894
58.60001,4,98.8894
58.7,0,222.522
58.70001,0,225.331
58.7,1,151.403
58.70001,1,165.068
58.7,2,71.8782
58.70001,2,71.8782
58.7,3,111.642
58.70001,3,135.575
58.7,4,98.8894
58.70001,4,98.8894
58.8,0,225.331
58.80001,0,250.131
58.8,1,165.068
58.80001,1,165.068
58.8,2,71.8782
58.80001,2,87.419
58.8,3,135.575
58.80001,3,151.387
58.8,4,98.8894
58.80001,4,98.8894
58.9,0,250.131
58.90001,0,250.131
58.9,1,165.068
58.90001,1,165.068
58.9,2,87.419
58.90001,2,87.419
58.9,3,151.387
58.90001,3,151.387
58.9,4,98.8894
58.90001,4,98.8894
59,0,250.131
59.00001,0,265.557
59,1,165.068
59.00001,1,165.068
59,2,87.419
59.00001,2,87.419
59,3,151.387
59.00001,3,169.424
59,4,98.8894
59.00001,4,87.4449
59.1,0,265.557
59.10001,0,265.557
59.1,1,165.068
59.10001,1,165.068
59.1,2,87.419
59.10001,2,87.419
59.1,3,169.424
59.10001,3,169.424
59.1,4,87.4449
59.10001,4,91.6915
59.2,0,265.557
59.20001,0,265.557
59.2,1,165.068
59.20001,1,165.068
59.2,2,87.419
59.20001,2,87.419
59.2,3,169.424
59.20001,3,169.424
59.2,4,91.6915
59.20001,4,91.6915
59.3,0,265.557
59.30001,0,265.557
59.3,1,165.068
59.30001,1,165.068
59.3,2,87.419
59.30001,2,73.4287
59.3,3,169.424
59.30001,3,169.424
59.3,4,91.6915
59.30001,4,105.849
59.4,0,265.557
59.40001,0,265.557
59.4,1,165.068
59.40001,1,164.022
59.4,2,73.4287
59.40001,2,73.4287
59.4,3,169.424
59.40001,3,169.424
59.4,4,105.849
59.40001,4,105.849
59.5,0,265.557
59.50001,0,265.557
59.5,1,164.022
59.50001,1,164.022
59.5,2,73.4287
59.50001,2,73.4287
59.5,3,169.424
59.50001,3,169.424
59.5,4,105.849
59.50001,4,105.849
59.6,0,265.557
59.60001,0,265.557
59.6,1,164.022
59.60001,1,187.259
59.6,2,73.4287
59.60001,2,73.4287
59.6,3,169.424
59.60001,3,169.424
59.6,4,105.849
59.60001,4,122.663
59.7,0,265.557
59.70001,0,265.557
59.7,1,187.259
59.70001,1,187.259
59.7,2,73.4287
59.70001,2,93.3846
59.7,3,169.424
59.70001,3,169.424
59.7,4,122.663
59.70001,4,122.663
59.8,0,265.557
59.80001,0,253.057
59.8,1,187.259
59.80001,1,187.259
59.8,2,93.3846
59.80001,2,93.3846
59.8,3,169.424
59.80001,3,169.424
59.8,4,122.663
59.80001,4,99.9985
59.9,0,253.057
59.90001,0,253.057
59.9,1,187.259
59.90001,1,187.259
59.9,2,93.3846
59.90001,2,93.3846
59.9,3,169.424
59.90001,3,187.047
59.9,4,99.9985
59.90001,4,99.9985
60,0,253.057
60.00001,0,253.057
60,1,187.259
60.00001,1,208.953
60,2,93.3846
60.00001,2,110.18
60,3,187.047
60.00001,3,163.887
60,4,99.9985
60.00001,4,99.9985
