simTime,MCCIndex,specWeatherModel
0.1,0,0
0.10001,0,0
0.1,1,0
0.10001,1,0
0.1,2,0
0.10001,2,0
0.1,3,0
0.10001,3,6.20733
0.1,4,2.50336
0.10001,4,1.80022
0.2,0,0
0.20001,0,0
0.2,1,0
0.20001,1,0
0.2,2,0
0.20001,2,0
0.2,3,6.20733
0.20001,3,6.20733
0.2,4,1.80022
0.20001,4,1.80022
0.3,0,0
0.30001,0,0
0.3,1,0
0.30001,1,6.45576
0.3,2,0
0.30001,2,0
0.3,3,6.20733
0.30001,3,0
0.3,4,1.80022
0.30001,4,0
0.4,0,0
0.40001,0,7.55643
0.4,1,6.45576
0.40001,1,6.45576
0.4,2,0
0.40001,2,0
0.4,3,0
0.40001,3,0
0.4,4,0
0.40001,4,0
0.5,0,7.55643
0.50001,0,0
0.5,1,6.45576
0.50001,1,26.3283
0.5,2,0
0.50001,2,0
0.5,3,0
0.50001,3,0
0.5,4,0
0.50001,4,0
0.6,0,0
0.60001,0,12.7779
0.6,1,26.3283
0.60001,1,26.3283
0.6,2,0
0.60001,2,0
0.6,3,0
0.60001,3,24.7001
0.6,4,0
0.60001,4,0
0.7,0,12.7779
0.70001,0,12.4074
0.7,1,26.3283
0.70001,1,26.3283
0.7,2,0
0.70001,2,0
0.7,3,24.7001
0.70001,3,24.7001
0.7,4,0
0.70001,4,0
0.8,0,12.4074
0.80001,0,12.4074
0.8,1,26.3283
0.80001,1,29.7875
0.8,2,0
0.80001,2,24.0992
0.8,3,24.7001
0.80001,3,24.7001
0.8,4,0
0.80001,4,0
0.9,0,12.4074
0.90001,0,6.28905
0.9,1,29.7875
0.90001,1,29.7875
0.9,2,24.0992
0.90001,2,24.0992
0.9,3,24.7001
0.90001,3,24.7001
0.9,4,0
0.90001,4,9.14676
1,0,6.28905
1.00001,0,6.28905
1,1,29.7875
1.00001,1,29.7875
1,2,24.0992
1.00001,2,41.3012
1,3,24.7001
1.00001,3,24.7001
1,4,9.14676
1.00001,4,9.14676
1.1,0,6.28905
1.10001,0,0
1.1,1,29.7875
1.10001,1,29.7875
1.1,2,41.3012
1.10001,2,41.3012
1.1,3,24.7001
1.10001,3,24.7001
1.1,4,9.14676
1.10001,4,9.14676
1.2,0,0
1.20001,0,0
1.2,1,29.7875
1.20001,1,53.0592
1.2,2,41.3012
1.20001,2,41.3012
1.2,3,24.7001
1.20001,3,24.7001
1.2,4,9.14676
1.20001,4,9.14676
1.3,0,0
1.30001,0,0
1.3,1,53.0592
1.30001,1,53.0592
1.3,2,41.3012
1.30001,2,41.3012
1.3,3,24.7001
1.30001,3,24.7001
1.3,4,9.14676
1.30001,4,0
1.4,0,0
1.40001,0,0
1.4,1,53.0592
1.40001,1,53.0592
1.4,2,41.3012
1.40001,2,41.3012
1.4,3,24.7001
1.40001,3,24.7001
1.4,4,0
1.40001,4,0
1.5,0,0
1.50001,0,14.5502
1.5,1,53.0592
1.50001,1,53.0592
1.5,2,41.3012
1.50001,2,41.3012
1.5,3,24.7001
1.50001,3,30.7768
1.5,4,0
1.50001,4,0
1.6,0,14.5502
1.60001,0,14.5502
1.6,1,53.0592
1.60001,1,53.0592
1.6,2,41.3012
1.60001,2,41.3012
1.6,3,30.7768
1.60001,3,30.7768
1.6,4,0
1.60001,4,10.0205
1.7,0,14.5502
1.70001,0,14.5502
1.7,1,53.0592
1.70001,1,53.0592
1.7,2,41.3012
1.70001,2,41.3012
1.7,3,30.7768
1.70001,3,26.3163
1.7,4,10.0205
1.70001,4,0
1.8,0,14.5502
1.80001,0,14.5502
1.8,1,53.0592
1.80001,1,53.0592
1.8,2,41.3012
1.80001,2,48.0859
1.8,3,26.3163
1.80001,3,26.3163
1.8,4,0
1.80001,4,12.2134
1.9,0,14.5502
1.90001,0,0.173079
1.9,1,53.0592
1.90001,1,53.0592
1.9,2,48.0859
1.90001,2,48.0859
1.9,3,26.3163
1.90001,3,26.3163
1.9,4,12.2134
1.90001,4,12.2134
2,0,0.173079
2.00001,0,0.173079
2,1,53.0592
2.00001,1,53.0592
2,2,48.0859
2.00001,2,48.0859
2,3,26.3163
2.00001,3,20.5563
2,4,12.2134
2.00001,4,12.2134
2.1,0,0.173079
2.10001,0,0
2.1,1,53.0592
2.10001,1,42.2138
2.1,2,48.0859
2.10001,2,38.7394
2.1,3,20.5563
2.10001,3,20.5563
2.1,4,12.2134
2.10001,4,12.2134
2.2,0,0
2.20001,0,2.31678
2.2,1,42.2138
2.20001,1,42.2138
2.2,2,38.7394
2.20001,2,38.7394
2.2,3,20.5563
2.20001,3,20.5563
2.2,4,12.2134
2.20001,4,12.2134
2.3,0,2.31678
2.30001,0,2.31678
2.3,1,42.2138
2.30001,1,42.2138
2.3,2,38.7394
2.30001,2,38.7394
2.3,3,20.5563
2.30001,3,20.5563
2.3,4,12.2134
2.30001,4,12.2134
2.4,0,2.31678
2.40001,0,6.21503
2.4,1,42.2138
2.40001,1,42.2138
2.4,2,38.7394
2.40001,2,38.7394
2.4,3,20.5563
2.40001,3,20.5563
2.4,4,12.2134
2.40001,4,0
2.5,0,6.21503
2.50001,0,9.4175
2.5,1,42.2138
2.50001,1,42.2138
2.5,2,38.7394
2.50001,2,16.2257
2.5,3,20.5563
2.50001,3,20.5563
2.5,4,0
2.50001,4,0
2.6,0,9.4175
2.60001,0,18.3623
2.6,1,42.2138
2.60001,1,25.4385
2.6,2,16.2257
2.60001,2,18.4971
2.6,3,20.5563
2.60001,3,7.86028
2.6,4,0
2.60001,4,0
2.7,0,18.3623
2.70001,0,1.17743
2.7,1,25.4385
2.70001,1,18.0852
2.7,2,18.4971
2.70001,2,18.4971
2.7,3,7.86028
2.70001,3,7.86028
2.7,4,0
2.70001,4,0
2.8,0,1.17743
2.80001,0,1.17743
2.8,1,18.0852
2.80001,1,38.4995
2.8,2,18.4971
2.80001,2,5.41904
2.8,3,7.86028
2.80001,3,6.14656
2.8,4,0
2.80001,4,0
2.9,0,1.17743
2.90001,0,1.17743
2.9,1,38.4995
2.90001,1,38.4995
2.9,2,5.41904
2.90001,2,4.48516
2.9,3,6.14656
2.90001,3,0
2.9,4,0
2.90001,4,0
3,0,1.17743
3.00001,0,1.17743
3,1,38.4995
3.00001,1,16.5574
3,2,4.48516
3.00001,2,0
3,3,0
3.00001,3,17.8898
3,4,0
3.00001,4,0
3.1,0,1.17743
3.10001,0,4.94615
3.1,1,16.5574
3.10001,1,17.1003
3.1,2,0
3.10001,2,0
3.1,3,17.8898
3.10001,3,17.8898
3.1,4,0
3.10001,4,0
3.2,0,4.94615
3.20001,0,4.94615
3.2,1,17.1003
3.20001,1,0
3.2,2,0
3.20001,2,0
3.2,3,17.8898
3.20001,3,17.8898
3.2,4,0
3.20001,4,0
3.3,0,4.94615
3.30001,0,4.94615
3.3,1,0
3.30001,1,0
3.3,2,0
3.30001,2,0
3.3,3,17.8898
3.30001,3,17.8898
3.3,4,0
3.30001,4,0
3.4,0,4.94615
3.40001,0,4.94615
3.4,1,0
3.40001,1,0
3.4,2,0
3.40001,2,0
3.4,3,17.8898
3.40001,3,17.8898
3.4,4,0
3.40001,4,24.02
3.5,0,4.94615
3.50001,0,4.94615
3.5,1,0
3.50001,1,0
3.5,2,0
3.50001,2,0
3.5,3,17.8898
3.50001,3,17.8898
3.5,4,24.02
3.50001,4,24.02
3.6,0,4.94615
3.60001,0,0
3.6,1,0
3.60001,1,0
3.6,2,0
3.60001,2,0
3.6,3,17.8898
3.60001,3,17.8898
3.6,4,24.02
3.60001,4,24.02
3.7,0,0
3.70001,0,0
3.7,1,0
3.70001,1,0
3.7,2,0
3.70001,2,0
3.7,3,17.8898
3.70001,3,17.8898
3.7,4,24.02
3.70001,4,5.50804
3.8,0,0
3.80001,0,0
3.8,1,0
3.80001,1,17.2649
3.8,2,0
3.80001,2,0
3.8,3,17.8898
3.80001,3,17.8898
3.8,4,5.50804
3.80001,4,17.6936
3.9,0,0
3.90001,0,1.50895
3.9,1,17.2649
3.90001,1,17.2649
3.9,2,0
3.90001,2,0
3.9,3,17.8898
3.90001,3,17.8898
3.9,4,17.6936
3.90001,4,11.4109
4,0,1.50895
4.00001,0,1.50895
4,1,17.2649
4.00001,1,5.49633
4,2,0
4.00001,2,0
4,3,17.8898
4.00001,3,34.6219
4,4,11.4109
4.00001,4,11.4109
4.1,0,1.50895
4.10001,0,15.6757
4.1,1,5.49633
4.10001,1,5.49633
4.1,2,0
4.10001,2,0
4.1,3,34.6219
4.10001,3,34.6219
4.1,4,11.4109
4.10001,4,11.4109
4.2,0,15.6757
4.20001,0,15.6757
4.2,1,5.49633
4.20001,1,5.49633
4.2,2,0
4.20001,2,0
4.2,3,34.6219
4.20001,3,34.6219
4.2,4,11.4109
4.20001,4,11.4109
4.3,0,15.6757
4.30001,0,15.6757
4.3,1,5.49633
4.30001,1,5.49633
4.3,2,0
4.30001,2,22.1391
4.3,3,34.6219
4.30001,3,34.6219
4.3,4,11.4109
4.30001,4,23.372
4.4,0,15.6757
4.40001,0,13.8965
4.4,1,5.49633
4.40001,1,5.49633
4.4,2,22.1391
4.40001,2,0
4.4,3,34.6219
4.40001,3,34.6219
4.4,4,23.372
4.40001,4,23.372
4.5,0,13.8965
4.50001,0,13.8965
4.5,1,5.49633
4.50001,1,28.1742
4.5,2,0
4.50001,2,0
4.5,3,34.6219
4.50001,3,37.164
4.5,4,23.372
4.50001,4,23.372
4.6,0,13.8965
4.60001,0,13.8965
4.6,1,28.1742
4.60001,1,28.1742
4.6,2,0
4.60001,2,14.488
4.6,3,37.164
4.60001,3,37.164
4.6,4,23.372
4.60001,4,23.372
4.7,0,13.8965
4.70001,0,7.88489
4.7,1,28.1742
4.70001,1,28.1742
4.7,2,14.488
4.70001,2,23.5013
4.7,3,37.164
4.70001,3,37.164
4.7,4,23.372
4.70001,4,31.8787
4.8,0,7.88489
4.80001,0,8.52072
4.8,1,28.1742
4.80001,1,28.1742
4.8,2,23.5013
4.80001,2,23.5013
4.8,3,37.164
4.80001,3,37.164
4.8,4,31.8787
4.80001,4,28.5956
4.9,0,8.52072
4.90001,0,8.52072
4.9,1,28.1742
4.90001,1,10.501
4.9,2,23.5013
4.90001,2,34.7956
4.9,3,37.164
4.90001,3,37.164
4.9,4,28.5956
4.90001,4,28.5956
5,0,8.52072
5.00001,0,14.0434
5,1,10.501
5.00001,1,10.501
5,2,34.7956
5.00001,2,34.7956
5,3,37.164
5.00001,3,37.164
5,4,28.5956
5.00001,4,28.5956
5.1,0,14.0434
5.10001,0,14.0434
5.1,1,10.501
5.10001,1,23.0696
5.1,2,34.7956
5.10001,2,34.7956
5.1,3,37.164
5.10001,3,37.164
5.1,4,28.5956
5.10001,4,28.5956
5.2,0,14.0434
5.20001,0,9.50089
5.2,1,23.0696
5.20001,1,37.1736
5.2,2,34.7956
5.20001,2,34.7956
5.2,3,37.164
5.20001,3,37.164
5.2,4,28.5956
5.20001,4,28.5956
5.3,0,9.50089
5.30001,0,9.50089
5.3,1,37.1736
5.30001,1,37.1736
5.3,2,34.7956
5.30001,2,34.7956
5.3,3,37.164
5.30001,3,37.164
5.3,4,28.5956
5.30001,4,28.5956
5.4,0,9.50089
5.40001,0,9.50089
5.4,1,37.1736
5.40001,1,37.1736
5.4,2,34.7956
5.40001,2,34.7956
5.4,3,37.164
5.40001,3,37.164
5.4,4,28.5956
5.40001,4,19.6423
5.5,0,9.50089
5.50001,0,9.50089
5.5,1,37.1736
5.50001,1,37.1736
5.5,2,34.7956
5.50001,2,13.8114
5.5,3,37.164
5.50001,3,39.8732
5.5,4,19.6423
5.50001,4,19.6423
5.6,0,9.50089
5.60001,0,9.50089
5.6,1,37.1736
5.60001,1,30.7342
5.6,2,13.8114
5.60001,2,13.8114
5.6,3,39.8732
5.60001,3,39.8732
5.6,4,19.6423
5.60001,4,13.1591
5.7,0,9.50089
5.70001,0,9.50089
5.7,1,30.7342
5.70001,1,30.7342
5.7,2,13.8114
5.70001,2,13.8114
5.7,3,39.8732
5.70001,3,39.8732
5.7,4,13.1591
5.70001,4,0
5.8,0,9.50089
5.80001,0,0
5.8,1,30.7342
5.80001,1,42.8494
5.8,2,13.8114
5.80001,2,2.41946
5.8,3,39.8732
5.80001,3,39.8732
5.8,4,0
5.80001,4,0
5.9,0,0
5.90001,0,0
5.9,1,42.8494
5.90001,1,42.8494
5.9,2,2.41946
5.90001,2,2.41946
5.9,3,39.8732
5.90001,3,39.8732
5.9,4,0
5.90001,4,2.68695
6,0,0
6.00001,0,0
6,1,42.8494
6.00001,1,42.8494
6,2,2.41946
6.00001,2,2.41946
6,3,39.8732
6.00001,3,39.8732
6,4,2.68695
6.00001,4,0
6.1,0,0
6.10001,0,20.3267
6.1,1,42.8494
6.10001,1,42.8494
6.1,2,2.41946
6.10001,2,2.41946
6.1,3,39.8732
6.10001,3,27.9711
6.1,4,0
6.10001,4,0
6.2,0,20.3267
6.20001,0,33.4309
6.2,1,42.8494
6.20001,1,42.8494
6.2,2,2.41946
6.20001,2,2.41946
6.2,3,27.9711
6.20001,3,42.9018
6.2,4,0
6.20001,4,0
6.3,0,33.4309
6.30001,0,17.7871
6.3,1,42.8494
6.30001,1,54.7865
6.3,2,2.41946
6.30001,2,2.41946
6.3,3,42.9018
6.30001,3,42.9018
6.3,4,0
6.30001,4,0
6.4,0,17.7871
6.40001,0,17.7871
6.4,1,54.7865
6.40001,1,54.7865
6.4,2,2.41946
6.40001,2,2.41946
6.4,3,42.9018
6.40001,3,67.2294
6.4,4,0
6.40001,4,0
6.5,0,17.7871
6.50001,0,20.9023
6.5,1,54.7865
6.50001,1,40.4948
6.5,2,2.41946
6.50001,2,2.41946
6.5,3,67.2294
6.50001,3,67.2294
6.5,4,0
6.50001,4,2.77901
6.6,0,20.9023
6.60001,0,12.4717
6.6,1,40.4948
6.60001,1,40.4948
6.6,2,2.41946
6.60001,2,0
6.6,3,67.2294
6.60001,3,67.2294
6.6,4,2.77901
6.60001,4,2.77901
6.7,0,12.4717
6.70001,0,12.4717
6.7,1,40.4948
6.70001,1,27.6711
6.7,2,0
6.70001,2,0
6.7,3,67.2294
6.70001,3,67.2294
6.7,4,2.77901
6.70001,4,0
6.8,0,12.4717
6.80001,0,12.4717
6.8,1,27.6711
6.80001,1,27.6711
6.8,2,0
6.80001,2,0
6.8,3,67.2294
6.80001,3,62.342
6.8,4,0
6.80001,4,0
6.9,0,12.4717
6.90001,0,12.4717
6.9,1,27.6711
6.90001,1,27.6711
6.9,2,0
6.90001,2,12.9376
6.9,3,62.342
6.90001,3,42.1122
6.9,4,0
6.90001,4,0
7,0,12.4717
7.00001,0,12.4717
7,1,27.6711
7.00001,1,27.6711
7,2,12.9376
7.00001,2,0
7,3,42.1122
7.00001,3,42.1122
7,4,0
7.00001,4,0
7.1,0,12.4717
7.10001,0,12.4717
7.1,1,27.6711
7.10001,1,16.2543
7.1,2,0
7.10001,2,0
7.1,3,42.1122
7.10001,3,42.1122
7.1,4,0
7.10001,4,0
7.2,0,12.4717
7.20001,0,0
7.2,1,16.2543
7.20001,1,0.593598
7.2,2,0
7.20001,2,20.8026
7.2,3,42.1122
7.20001,3,42.1122
7.2,4,0
7.20001,4,0
7.3,0,0
7.30001,0,0
7.3,1,0.593598
7.30001,1,0.593598
7.3,2,20.8026
7.30001,2,1.16079
7.3,3,42.1122
7.30001,3,52.7892
7.3,4,0
7.30001,4,0
7.4,0,0
7.40001,0,0
7.4,1,0.593598
7.40001,1,0
7.4,2,1.16079
7.40001,2,0
7.4,3,52.7892
7.40001,3,52.7892
7.4,4,0
7.40001,4,0
7.5,0,0
7.50001,0,14.7869
7.5,1,0
7.50001,1,13.5044
7.5,2,0
7.50001,2,0
7.5,3,52.7892
7.50001,3,52.7892
7.5,4,0
7.50001,4,0
7.6,0,14.7869
7.60001,0,38.9934
7.6,1,13.5044
7.60001,1,13.5044
7.6,2,0
7.60001,2,0
7.6,3,52.7892
7.60001,3,52.7892
7.6,4,0
7.60001,4,0
7.7,0,38.9934
7.70001,0,38.9934
7.7,1,13.5044
7.70001,1,13.5044
7.7,2,0
7.70001,2,0
7.7,3,52.7892
7.70001,3,68.8315
7.7,4,0
7.70001,4,0
7.8,0,38.9934
7.80001,0,38.9934
7.8,1,13.5044
7.80001,1,13.5044
7.8,2,0
7.80001,2,1.69602
7.8,3,68.8315
7.80001,3,81.8729
7.8,4,0
7.80001,4,0
7.9,0,38.9934
7.90001,0,38.9934
7.9,1,13.5044
7.90001,1,13.5044
7.9,2,1.69602
7.90001,2,1.69602
7.9,3,81.8729
7.90001,3,98.7764
7.9,4,0
7.90001,4,0
8,0,38.9934
8.00001,0,38.9934
8,1,13.5044
8.00001,1,13.5044
8,2,1.69602
8.00001,2,0
8,3,98.7764
8.00001,3,96.3934
8,4,0
8.00001,4,0
8.1,0,38.9934
8.10001,0,38.9934
8.1,1,13.5044
8.10001,1,37.6118
8.1,2,0
8.10001,2,0
8.1,3,96.3934
8.10001,3,96.3934
8.1,4,0
8.10001,4,0
8.2,0,38.9934
8.20001,0,51.3573
8.2,1,37.6118
8.20001,1,44.6754
8.2,2,0
8.20001,2,0
8.2,3,96.3934
8.20001,3,81.3542
8.2,4,0
8.20001,4,0
8.3,0,51.3573
8.30001,0,51.3573
8.3,1,44.6754
8.30001,1,24.2327
8.3,2,0
8.30001,2,0
8.3,3,81.3542
8.30001,3,86.2578
8.3,4,0
8.30001,4,0
8.4,0,51.3573
8.40001,0,51.3573
8.4,1,24.2327
8.40001,1,24.2327
8.4,2,0
8.40001,2,8.84025
8.4,3,86.2578
8.40001,3,86.2578
8.4,4,0
8.40001,4,17.048
8.5,0,51.3573
8.50001,0,51.1225
8.5,1,24.2327
8.50001,1,24.2327
8.5,2,8.84025
8.50001,2,26.9273
8.5,3,86.2578
8.50001,3,101.279
8.5,4,17.048
8.50001,4,0
8.6,0,51.1225
8.60001,0,51.1225
8.6,1,24.2327
8.60001,1,24.2327
8.6,2,26.9273
8.60001,2,28.8661
8.6,3,101.279
8.60001,3,101.279
8.6,4,0
8.60001,4,0
8.7,0,51.1225
8.70001,0,51.1225
8.7,1,24.2327
8.70001,1,4.90321
8.7,2,28.8661
8.70001,2,52.413
8.7,3,101.279
8.70001,3,78.3228
8.7,4,0
8.70001,4,0
8.8,0,51.1225
8.80001,0,51.1225
8.8,1,4.90321
8.80001,1,0
8.8,2,52.413
8.80001,2,53.2359
8.8,3,78.3228
8.80001,3,78.3228
8.8,4,0
8.80001,4,0
8.9,0,51.1225
8.90001,0,51.1225
8.9,1,0
8.90001,1,0
8.9,2,53.2359
8.90001,2,53.2359
8.9,3,78.3228
8.90001,3,78.3228
8.9,4,0
8.90001,4,15.0312
9,0,51.1225
9.00001,0,51.1225
9,1,0
9.00001,1,0
9,2,53.2359
9.00001,2,53.2359
9,3,78.3228
9.00001,3,101.433
9,4,15.0312
9.00001,4,15.0312
9.1,0,51.1225
9.10001,0,51.1225
9.1,1,0
9.10001,1,0
9.1,2,53.2359
9.10001,2,53.2359
9.1,3,101.433
9.10001,3,101.433
9.1,4,15.0312
9.10001,4,15.0312
9.2,0,51.1225
9.20001,0,51.1225
9.2,1,0
9.20001,1,0
9.2,2,53.2359
9.20001,2,53.2359
9.2,3,101.433
9.20001,3,101.433
9.2,4,15.0312
9.20001,4,15.0312
9.3,0,51.1225
9.30001,0,51.1225
9.3,1,0
9.30001,1,18.5443
9.3,2,53.2359
9.30001,2,53.2359
9.3,3,101.433
9.30001,3,93.5735
9.3,4,15.0312
9.30001,4,15.0312
9.4,0,51.1225
9.40001,0,55.2742
9.4,1,18.5443
9.40001,1,18.5443
9.4,2,53.2359
9.40001,2,58.9713
9.4,3,93.5735
9.40001,3,93.5735
9.4,4,15.0312
9.40001,4,28.4455
9.5,0,55.2742
9.50001,0,55.2742
9.5,1,18.5443
9.50001,1,18.5443
9.5,2,58.9713
9.50001,2,68.5133
9.5,3,93.5735
9.50001,3,93.5735
9.5,4,28.4455
9.50001,4,28.4455
9.6,0,55.2742
9.60001,0,55.2742
9.6,1,18.5443
9.60001,1,18.5443
9.6,2,68.5133
9.60001,2,68.5133
9.6,3,93.5735
9.60001,3,112.832
9.6,4,28.4455
9.60001,4,9.62407
9.7,0,55.2742
9.70001,0,55.2742
9.7,1,18.5443
9.70001,1,18.5443
9.7,2,68.5133
9.70001,2,68.5133
9.7,3,112.832
9.70001,3,88.403
9.7,4,9.62407
9.70001,4,9.62407
9.8,0,55.2742
9.80001,0,55.2742
9.8,1,18.5443
9.80001,1,18.5443
9.8,2,68.5133
9.80001,2,68.5133
9.8,3,88.403
9.80001,3,88.403
9.8,4,9.62407
9.80001,4,9.62407
9.9,0,55.2742
9.90001,0,55.2742
9.9,1,18.5443
9.90001,1,18.5443
9.9,2,68.5133
9.90001,2,68.5133
9.9,3,88.403
9.90001,3,88.403
9.9,4,9.62407
9.90001,4,9.62407
10,0,55.2742
10.00001,0,55.2742
10,1,18.5443
10.00001,1,14.3262
10,2,68.5133
10.00001,2,68.5133
10,3,88.403
10.00001,3,88.403
10,4,9.62407
10.00001,4,30.7255
10.1,0,55.2742
10.10001,0,55.2742
10.1,1,14.3262
10.10001,1,14.3262
10.1,2,68.5133
10.10001,2,68.5133
10.1,3,88.403
10.10001,3,94.8144
10.1,4,30.7255
10.10001,4,30.7255
10.2,0,55.2742
10.20001,0,55.2742
10.2,1,14.3262
10.20001,1,14.3262
10.2,2,68.5133
10.20001,2,68.5133
10.2,3,94.8144
10.20001,3,94.8144
10.2,4,30.7255
10.20001,4,30.7255
10.3,0,55.2742
10.30001,0,46.1625
10.3,1,14.3262
10.30001,1,14.3262
10.3,2,68.5133
10.30001,2,68.5133
10.3,3,94.8144
10.30001,3,99.1445
10.3,4,30.7255
10.30001,4,30.7255
10.4,0,46.1625
10.40001,0,46.1625
10.4,1,14.3262
10.40001,1,14.3262
10.4,2,68.5133
10.40001,2,68.5133
10.4,3,99.1445
10.40001,3,98.1687
10.4,4,30.7255
10.40001,4,30.7255
10.5,0,46.1625
10.50001,0,46.1625
10.5,1,14.3262
10.50001,1,36.6332
10.5,2,68.5133
10.50001,2,68.5133
10.5,3,98.1687
10.50001,3,98.1687
10.5,4,30.7255
10.50001,4,18.2365
10.6,0,46.1625
10.60001,0,46.1625
10.6,1,36.6332
10.60001,1,47.8706
10.6,2,68.5133
10.60001,2,68.5133
10.6,3,98.1687
10.60001,3,98.1687
10.6,4,18.2365
10.60001,4,18.2365
10.7,0,46.1625
10.70001,0,39.1422
10.7,1,47.8706
10.70001,1,47.8706
10.7,2,68.5133
10.70001,2,68.5133
10.7,3,98.1687
10.70001,3,98.1687
10.7,4,18.2365
10.70001,4,18.2365
10.8,0,39.1422
10.80001,0,39.1422
10.8,1,47.8706
10.80001,1,29.5335
10.8,2,68.5133
10.80001,2,68.5133
10.8,3,98.1687
10.80001,3,98.1687
10.8,4,18.2365
10.80001,4,18.2365
10.9,0,39.1422
10.90001,0,17.1366
10.9,1,29.5335
10.90001,1,46.401
10.9,2,68.5133
10.90001,2,68.5133
10.9,3,98.1687
10.90001,3,98.1687
10.9,4,18.2365
10.90001,4,18.2365
11,0,17.1366
11.00001,0,17.1366
11,1,46.401
11.00001,1,43.3657
11,2,68.5133
11.00001,2,59.9035
11,3,98.1687
11.00001,3,81.8184
11,4,18.2365
11.00001,4,18.2365
11.1,0,17.1366
11.10001,0,11.0372
11.1,1,43.3657
11.10001,1,43.3657
11.1,2,59.9035
11.10001,2,82.5312
11.1,3,81.8184
11.10001,3,81.8184
11.1,4,18.2365
11.10001,4,18.2365
11.2,0,11.0372
11.20001,0,11.0372
11.2,1,43.3657
11.20001,1,53.8971
11.2,2,82.5312
11.20001,2,82.5312
11.2,3,81.8184
11.20001,3,81.8184
11.2,4,18.2365
11.20001,4,18.2365
11.3,0,11.0372
11.30001,0,11.0372
11.3,1,53.8971
11.30001,1,53.8971
11.3,2,82.5312
11.30001,2,93.3479
11.3,3,81.8184
11.30001,3,62.2003
11.3,4,18.2365
11.30001,4,18.2365
11.4,0,11.0372
11.40001,0,11.0372
11.4,1,53.8971
11.40001,1,53.8971
11.4,2,93.3479
11.40001,2,93.3479
11.4,3,62.2003
11.40001,3,62.2003
11.4,4,18.2365
11.40001,4,18.2365
11.5,0,11.0372
11.50001,0,11.0372
11.5,1,53.8971
11.50001,1,53.8971
11.5,2,93.3479
11.50001,2,89.2013
11.5,3,62.2003
11.50001,3,62.2003
11.5,4,18.2365
11.50001,4,18.2365
11.6,0,11.0372
11.60001,0,0
11.6,1,53.8971
11.60001,1,53.8971
11.6,2,89.2013
11.60001,2,72.5043
11.6,3,62.2003
11.60001,3,83.5731
11.6,4,18.2365
11.60001,4,2.12322
11.7,0,0
11.70001,0,0
11.7,1,53.8971
11.70001,1,53.8971
11.7,2,72.5043
11.70001,2,72.5043
11.7,3,83.5731
11.70001,3,83.5731
11.7,4,2.12322
11.70001,4,2.12322
11.8,0,0
11.80001,0,0
11.8,1,53.8971
11.80001,1,53.8971
11.8,2,72.5043
11.80001,2,72.5043
11.8,3,83.5731
11.80001,3,73.9157
11.8,4,2.12322
11.80001,4,15.9695
11.9,0,0
11.90001,0,0
11.9,1,53.8971
11.90001,1,53.8971
11.9,2,72.5043
11.90001,2,72.5043
11.9,3,73.9157
11.90001,3,73.9157
11.9,4,15.9695
11.90001,4,15.9695
12,0,0
12.00001,0,0
12,1,53.8971
12.00001,1,53.8971
12,2,72.5043
12.00001,2,72.5043
12,3,73.9157
12.00001,3,73.9157
12,4,15.9695
12.00001,4,15.9695
12.1,0,0
12.10001,0,0
12.1,1,53.8971
12.10001,1,53.8971
12.1,2,72.5043
12.10001,2,72.5043
12.1,3,73.9157
12.10001,3,73.9157
12.1,4,15.9695
12.10001,4,15.9695
12.2,0,0
12.20001,0,7.51101
12.2,1,53.8971
12.20001,1,53.8971
12.2,2,72.5043
12.20001,2,91.6032
12.2,3,73.9157
12.20001,3,73.9157
12.2,4,15.9695
12.20001,4,19.5521
12.3,0,7.51101
12.30001,0,0
12.3,1,53.8971
12.30001,1,37.0847
12.3,2,91.6032
12.30001,2,98.8942
12.3,3,73.9157
12.30001,3,73.9157
12.3,4,19.5521
12.30001,4,19.5521
12.4,0,0
12.40001,0,0
12.4,1,37.0847
12.40001,1,37.0847
12.4,2,98.8942
12.40001,2,98.8942
12.4,3,73.9157
12.40001,3,73.9157
12.4,4,19.5521
12.40001,4,43.5252
12.5,0,0
12.50001,0,0
12.5,1,37.0847
12.50001,1,60.4931
12.5,2,98.8942
12.50001,2,98.8942
12.5,3,73.9157
12.50001,3,66.3042
12.5,4,43.5252
12.50001,4,43.5252
12.6,0,0
12.60001,0,0
12.6,1,60.4931
12.60001,1,72.5541
12.6,2,98.8942
12.60001,2,80.0956
12.6,3,66.3042
12.60001,3,66.3042
12.6,4,43.5252
12.60001,4,43.5252
12.7,0,0
12.70001,0,0
12.7,1,72.5541
12.70001,1,72.5541
12.7,2,80.0956
12.70001,2,88.2168
12.7,3,66.3042
12.70001,3,74.3608
12.7,4,43.5252
12.70001,4,31.6889
12.8,0,0
12.80001,0,0
12.8,1,72.5541
12.80001,1,72.5541
12.8,2,88.2168
12.80001,2,96.537
12.8,3,74.3608
12.80001,3,74.3608
12.8,4,31.6889
12.80001,4,6.78342
12.9,0,0
12.90001,0,0
12.9,1,72.5541
12.90001,1,72.5541
12.9,2,96.537
12.90001,2,96.537
12.9,3,74.3608
12.90001,3,74.3608
12.9,4,6.78342
12.90001,4,6.78342
13,0,0
13.00001,0,0
13,1,72.5541
13.00001,1,72.5541
13,2,96.537
13.00001,2,96.537
13,3,74.3608
13.00001,3,91.0568
13,4,6.78342
13.00001,4,0
13.1,0,0
13.10001,0,0
13.1,1,72.5541
13.10001,1,72.5541
13.1,2,96.537
13.10001,2,96.537
13.1,3,91.0568
13.10001,3,91.0568
13.1,4,0
13.10001,4,3.60271
13.2,0,0
13.20001,0,0
13.2,1,72.5541
13.20001,1,72.5541
13.2,2,96.537
13.20001,2,96.537
13.2,3,91.0568
13.20001,3,91.0568
13.2,4,3.60271
13.20001,4,22.9483
13.3,0,0
13.30001,0,0
13.3,1,72.5541
13.30001,1,72.5541
13.3,2,96.537
13.30001,2,96.537
13.3,3,91.0568
13.30001,3,91.0568
13.3,4,22.9483
13.30001,4,22.9483
13.4,0,0
13.40001,0,0
13.4,1,72.5541
13.40001,1,72.5541
13.4,2,96.537
13.40001,2,120.859
13.4,3,91.0568
13.40001,3,86.4847
13.4,4,22.9483
13.40001,4,22.9483
13.5,0,0
13.50001,0,0
13.5,1,72.5541
13.50001,1,89.4845
13.5,2,120.859
13.50001,2,120.859
13.5,3,86.4847
13.50001,3,103.474
13.5,4,22.9483
13.50001,4,22.9483
13.6,0,0
13.60001,0,12.4464
13.6,1,89.4845
13.60001,1,89.4845
13.6,2,120.859
13.60001,2,107.431
13.6,3,103.474
13.60001,3,103.474
13.6,4,22.9483
13.60001,4,22.9483
13.7,0,12.4464
13.70001,0,12.4464
13.7,1,89.4845
13.70001,1,92.8708
13.7,2,107.431
13.70001,2,107.431
13.7,3,103.474
13.70001,3,103.474
13.7,4,22.9483
13.70001,4,40.9446
13.8,0,12.4464
13.80001,0,12.4464
13.8,1,92.8708
13.80001,1,92.8708
13.8,2,107.431
13.80001,2,98.8383
13.8,3,103.474
13.80001,3,103.474
13.8,4,40.9446
13.80001,4,30.3461
13.9,0,12.4464
13.90001,0,12.4464
13.9,1,92.8708
13.90001,1,92.8708
13.9,2,98.8383
13.90001,2,102.665
13.9,3,103.474
13.90001,3,103.474
13.9,4,30.3461
13.90001,4,44.9682
14,0,12.4464
14.00001,0,6.96042
14,1,92.8708
14.00001,1,104.458
14,2,102.665
14.00001,2,84.6062
14,3,103.474
14.00001,3,103.474
14,4,44.9682
14.00001,4,44.9682
14.1,0,6.96042
14.10001,0,3.24907
14.1,1,104.458
14.10001,1,104.458
14.1,2,84.6062
14.10001,2,84.6062
14.1,3,103.474
14.10001,3,103.474
14.1,4,44.9682
14.10001,4,43.1485
14.2,0,3.24907
14.20001,0,3.24907
14.2,1,104.458
14.20001,1,104.458
14.2,2,84.6062
14.20001,2,101.744
14.2,3,103.474
14.20001,3,103.474
14.2,4,43.1485
14.20001,4,43.1485
14.3,0,3.24907
14.30001,0,3.24907
14.3,1,104.458
14.30001,1,100.009
14.3,2,101.744
14.30001,2,101.744
14.3,3,103.474
14.30001,3,103.474
14.3,4,43.1485
14.30001,4,61.0432
14.4,0,3.24907
14.40001,0,3.24907
14.4,1,100.009
14.40001,1,100.009
14.4,2,101.744
14.40001,2,101.744
14.4,3,103.474
14.40001,3,103.474
14.4,4,61.0432
14.40001,4,61.0432
14.5,0,3.24907
14.50001,0,3.24907
14.5,1,100.009
14.50001,1,100.009
14.5,2,101.744
14.50001,2,101.744
14.5,3,103.474
14.50001,3,103.474
14.5,4,61.0432
14.50001,4,61.0432
14.6,0,3.24907
14.60001,0,0
14.6,1,100.009
14.60001,1,100.009
14.6,2,101.744
14.60001,2,101.744
14.6,3,103.474
14.60001,3,78.8449
14.6,4,61.0432
14.60001,4,61.0432
14.7,0,0
14.70001,0,0
14.7,1,100.009
14.70001,1,100.009
14.7,2,101.744
14.70001,2,101.744
14.7,3,78.8449
14.70001,3,78.8449
14.7,4,61.0432
14.70001,4,39.5795
14.8,0,0
14.80001,0,0
14.8,1,100.009
14.80001,1,100.009
14.8,2,101.744
14.80001,2,101.744
14.8,3,78.8449
14.80001,3,78.8449
14.8,4,39.5795
14.80001,4,39.5795
14.9,0,0
14.90001,0,0
14.9,1,100.009
14.90001,1,100.009
14.9,2,101.744
14.90001,2,101.744
14.9,3,78.8449
14.90001,3,98.4417
14.9,4,39.5795
14.90001,4,39.5795
15,0,0
15.00001,0,0
15,1,100.009
15.00001,1,100.009
15,2,101.744
15.00001,2,123.742
15,3,98.4417
15.00001,3,98.4417
15,4,39.5795
15.00001,4,63.4103
15.1,0,0
15.10001,0,0
15.1,1,100.009
15.10001,1,100.009
15.1,2,123.742
15.10001,2,123.742
15.1,3,98.4417
15.10001,3,98.4417
15.1,4,63.4103
15.10001,4,50.7531
15.2,0,0
15.20001,0,0
15.2,1,100.009
15.20001,1,100.009
15.2,2,123.742
15.20001,2,123.742
15.2,3,98.4417
15.20001,3,98.4417
15.2,4,50.7531
15.20001,4,39.6118
15.3,0,0
15.30001,0,14.8125
15.3,1,100.009
15.30001,1,100.009
15.3,2,123.742
15.30001,2,123.742
15.3,3,98.4417
15.30001,3,98.4417
15.3,4,39.6118
15.30001,4,54.5364
15.4,0,14.8125
15.40001,0,6.64808
15.4,1,100.009
15.40001,1,110.338
15.4,2,123.742
15.40001,2,130.734
15.4,3,98.4417
15.40001,3,121.599
15.4,4,54.5364
15.40001,4,32.2103
15.5,0,6.64808
15.50001,0,6.64808
15.5,1,110.338
15.50001,1,110.338
15.5,2,130.734
15.50001,2,118.222
15.5,3,121.599
15.50001,3,121.599
15.5,4,32.2103
15.50001,4,32.2103
15.6,0,6.64808
15.60001,0,6.64808
15.6,1,110.338
15.60001,1,105.553
15.6,2,118.222
15.60001,2,118.222
15.6,3,121.599
15.60001,3,121.599
15.6,4,32.2103
15.60001,4,32.2103
15.7,0,6.64808
15.70001,0,6.64808
15.7,1,105.553
15.70001,1,117.92
15.7,2,118.222
15.70001,2,130.896
15.7,3,121.599
15.70001,3,121.599
15.7,4,32.2103
15.70001,4,32.2103
15.8,0,6.64808
15.80001,0,6.64808
15.8,1,117.92
15.80001,1,117.92
15.8,2,130.896
15.80001,2,130.896
15.8,3,121.599
15.80001,3,121.599
15.8,4,32.2103
15.80001,4,32.2103
15.9,0,6.64808
15.90001,0,6.64808
15.9,1,117.92
15.90001,1,117.92
15.9,2,130.896
15.90001,2,130.896
15.9,3,121.599
15.90001,3,121.599
15.9,4,32.2103
15.90001,4,46.4609
16,0,6.64808
16.00001,0,6.64808
16,1,117.92
16.00001,1,117.92
16,2,130.896
16.00001,2,111.142
16,3,121.599
16.00001,3,121.599
16,4,46.4609
16.00001,4,46.4609
16.1,0,6.64808
16.10001,0,6.64808
16.1,1,117.92
16.10001,1,117.92
16.1,2,111.142
16.10001,2,111.142
16.1,3,121.599
16.10001,3,121.599
16.1,4,46.4609
16.10001,4,46.4609
16.2,0,6.64808
16.20001,0,28.9223
16.2,1,117.92
16.20001,1,120.916
16.2,2,111.142
16.20001,2,135.194
16.2,3,121.599
16.20001,3,121.599
16.2,4,46.4609
16.20001,4,33.9227
16.3,0,28.9223
16.30001,0,30.3123
16.3,1,120.916
16.30001,1,120.916
16.3,2,135.194
16.30001,2,113.959
16.3,3,121.599
16.30001,3,121.599
16.3,4,33.9227
16.30001,4,33.9227
16.4,0,30.3123
16.40001,0,44.9629
16.4,1,120.916
16.40001,1,120.916
16.4,2,113.959
16.40001,2,113.959
16.4,3,121.599
16.40001,3,113.791
16.4,4,33.9227
16.40001,4,33.9227
16.5,0,44.9629
16.50001,0,51.3436
16.5,1,120.916
16.50001,1,120.916
16.5,2,113.959
16.50001,2,113.368
16.5,3,113.791
16.50001,3,113.791
16.5,4,33.9227
16.50001,4,33.9227
16.6,0,51.3436
16.60001,0,36.934
16.6,1,120.916
16.60001,1,120.916
16.6,2,113.368
16.60001,2,113.368
16.6,3,113.791
16.60001,3,92.6027
16.6,4,33.9227
16.60001,4,46.4052
16.7,0,36.934
16.70001,0,33.8514
16.7,1,120.916
16.70001,1,120.916
16.7,2,113.368
16.70001,2,113.368
16.7,3,92.6027
16.70001,3,92.6027
16.7,4,46.4052
16.70001,4,46.4052
16.8,0,33.8514
16.80001,0,33.8514
16.8,1,120.916
16.80001,1,120.916
16.8,2,113.368
16.80001,2,113.368
16.8,3,92.6027
16.80001,3,92.6027
16.8,4,46.4052
16.80001,4,53.7572
16.9,0,33.8514
16.90001,0,33.8514
16.9,1,120.916
16.90001,1,120.916
16.9,2,113.368
16.90001,2,137.263
16.9,3,92.6027
16.90001,3,92.6027
16.9,4,53.7572
16.90001,4,53.7572
17,0,33.8514
17.00001,0,33.8514
17,1,120.916
17.00001,1,145.649
17,2,137.263
17.00001,2,137.263
17,3,92.6027
17.00001,3,69.724
17,4,53.7572
17.00001,4,53.7572
17.1,0,33.8514
17.10001,0,33.8514
17.1,1,145.649
17.10001,1,145.649
17.1,2,137.263
17.10001,2,122.154
17.1,3,69.724
17.10001,3,69.724
17.1,4,53.7572
17.10001,4,53.7572
17.2,0,33.8514
17.20001,0,29.2751
17.2,1,145.649
17.20001,1,145.649
17.2,2,122.154
17.20001,2,111.468
17.2,3,69.724
17.20001,3,69.724
17.2,4,53.7572
17.20001,4,45.1387
17.3,0,29.2751
17.30001,0,33.2805
17.3,1,145.649
17.30001,1,145.649
17.3,2,111.468
17.30001,2,111.468
17.3,3,69.724
17.30001,3,69.724
17.3,4,45.1387
17.30001,4,56.4638
17.4,0,33.2805
17.40001,0,43.5504
17.4,1,145.649
17.40001,1,152.983
17.4,2,111.468
17.40001,2,111.468
17.4,3,69.724
17.40001,3,69.724
17.4,4,56.4638
17.40001,4,33.3338
17.5,0,43.5504
17.50001,0,33.193
17.5,1,152.983
17.50001,1,152.983
17.5,2,111.468
17.50001,2,111.468
17.5,3,69.724
17.50001,3,69.724
17.5,4,33.3338
17.50001,4,33.3338
17.6,0,33.193
17.60001,0,57.1849
17.6,1,152.983
17.60001,1,152.983
17.6,2,111.468
17.60001,2,111.468
17.6,3,69.724
17.60001,3,69.9415
17.6,4,33.3338
17.60001,4,17.4734
17.7,0,57.1849
17.70001,0,39.318
17.7,1,152.983
17.70001,1,152.983
17.7,2,111.468
17.70001,2,124.196
17.7,3,69.9415
17.70001,3,69.9415
17.7,4,17.4734
17.70001,4,17.4734
17.8,0,39.318
17.80001,0,19.316
17.8,1,152.983
17.80001,1,152.983
17.8,2,124.196
17.80001,2,124.196
17.8,3,69.9415
17.80001,3,50.7465
17.8,4,17.4734
17.80001,4,17.4734
17.9,0,19.316
17.90001,0,19.316
17.9,1,152.983
17.90001,1,152.983
17.9,2,124.196
17.90001,2,124.196
17.9,3,50.7465
17.90001,3,50.7465
17.9,4,17.4734
17.90001,4,17.4734
18,0,19.316
18.00001,0,19.316
18,1,152.983
18.00001,1,152.983
18,2,124.196
18.00001,2,124.196
18,3,50.7465
18.00001,3,50.7465
18,4,17.4734
18.00001,4,17.4734
18.1,0,19.316
18.10001,0,19.316
18.1,1,152.983
18.10001,1,152.096
18.1,2,124.196
18.10001,2,124.196
18.1,3,50.7465
18.10001,3,50.7465
18.1,4,17.4734
18.10001,4,17.4734
18.2,0,19.316
18.20001,0,22.394
18.2,1,152.096
18.20001,1,152.096
18.2,2,124.196
18.20001,2,124.196
18.2,3,50.7465
18.20001,3,52.0641
18.2,4,17.4734
18.20001,4,35.1639
18.3,0,22.394
18.30001,0,22.394
18.3,1,152.096
18.30001,1,137.659
18.3,2,124.196
18.30001,2,124.196
18.3,3,52.0641
18.30001,3,52.0641
18.3,4,35.1639
18.30001,4,35.1639
18.4,0,22.394
18.40001,0,22.394
18.4,1,137.659
18.40001,1,137.659
18.4,2,124.196
18.40001,2,124.196
18.4,3,52.0641
18.40001,3,64.1998
18.4,4,35.1639
18.40001,4,35.1639
18.5,0,22.394
18.50001,0,22.394
18.5,1,137.659
18.50001,1,137.659
18.5,2,124.196
18.50001,2,124.196
18.5,3,64.1998
18.50001,3,64.1998
18.5,4,35.1639
18.50001,4,35.1639
18.6,0,22.394
18.60001,0,22.394
18.6,1,137.659
18.60001,1,160.68
18.6,2,124.196
18.60001,2,124.196
18.6,3,64.1998
18.60001,3,64.1998
18.6,4,35.1639
18.60001,4,35.1639
18.7,0,22.394
18.70001,0,22.394
18.7,1,160.68
18.70001,1,160.953
18.7,2,124.196
18.70001,2,105.847
18.7,3,64.1998
18.70001,3,64.1998
18.7,4,35.1639
18.70001,4,35.1639
18.8,0,22.394
18.80001,0,0.123589
18.8,1,160.953
18.80001,1,182.402
18.8,2,105.847
18.80001,2,105.847
18.8,3,64.1998
18.80001,3,64.1998
18.8,4,35.1639
18.80001,4,35.1639
18.9,0,0.123589
18.90001,0,0.123589
18.9,1,182.402
18.90001,1,182.402
18.9,2,105.847
18.90001,2,105.847
18.9,3,64.1998
18.90001,3,64.1998
18.9,4,35.1639
18.90001,4,35.1639
19,0,0.123589
19.00001,0,0.123589
19,1,182.402
19.00001,1,182.402
19,2,105.847
19.00001,2,105.847
19,3,64.1998
19.00001,3,64.1998
19,4,35.1639
19.00001,4,35.1639
19.1,0,0.123589
19.10001,0,0.123589
19.1,1,182.402
19.10001,1,198.995
19.1,2,105.847
19.10001,2,105.847
19.1,3,64.1998
19.10001,3,64.1998
19.1,4,35.1639
19.10001,4,35.1639
19.2,0,0.123589
19.20001,0,2.35322
19.2,1,198.995
19.20001,1,201.837
19.2,2,105.847
19.20001,2,105.847
19.2,3,64.1998
19.20001,3,64.1998
19.2,4,35.1639
19.20001,4,35.1639
19.3,0,2.35322
19.30001,0,2.35322
19.3,1,201.837
19.30001,1,201.837
19.3,2,105.847
19.30001,2,105.847
19.3,3,64.1998
19.30001,3,64.1998
19.3,4,35.1639
19.30001,4,35.1639
19.4,0,2.35322
19.40001,0,2.35322
19.4,1,201.837
19.40001,1,203.236
19.4,2,105.847
19.40001,2,105.847
19.4,3,64.1998
19.40001,3,52.1866
19.4,4,35.1639
19.40001,4,35.1639
19.5,0,2.35322
19.50001,0,0
19.5,1,203.236
19.50001,1,203.236
19.5,2,105.847
19.50001,2,105.847
19.5,3,52.1866
19.50001,3,49.9
19.5,4,35.1639
19.50001,4,55.424
19.6,0,0
19.60001,0,0
19.6,1,203.236
19.60001,1,185.493
19.6,2,105.847
19.60001,2,103.672
19.6,3,49.9
19.60001,3,49.9
19.6,4,55.424
19.60001,4,55.424
19.7,0,0
19.70001,0,0
19.7,1,185.493
19.70001,1,185.493
19.7,2,103.672
19.70001,2,103.672
19.7,3,49.9
19.70001,3,49.9
19.7,4,55.424
19.70001,4,80.4192
19.8,0,0
19.80001,0,0
19.8,1,185.493
19.80001,1,180.265
19.8,2,103.672
19.80001,2,102.113
19.8,3,49.9
19.80001,3,65.7881
19.8,4,80.4192
19.80001,4,95.884
19.9,0,0
19.90001,0,0
19.9,1,180.265
19.90001,1,180.265
19.9,2,102.113
19.90001,2,102.113
19.9,3,65.7881
19.90001,3,60.1603
19.9,4,95.884
19.90001,4,99.7563
20,0,0
20.00001,0,0
20,1,180.265
20.00001,1,166.461
20,2,102.113
20.00001,2,102.113
20,3,60.1603
20.00001,3,60.1603
20,4,99.7563
20.00001,4,94.2955
20.1,0,0
20.10001,0,0
20.1,1,166.461
20.10001,1,166.764
20.1,2,102.113
20.10001,2,102.113
20.1,3,60.1603
20.10001,3,60.1603
20.1,4,94.2955
20.10001,4,94.2955
20.2,0,0
20.20001,0,0
20.2,1,166.764
20.20001,1,186.456
20.2,2,102.113
20.20001,2,102.113
20.2,3,60.1603
20.20001,3,60.1603
20.2,4,94.2955
20.20001,4,94.2955
20.3,0,0
20.30001,0,2.8219
20.3,1,186.456
20.30001,1,186.456
20.3,2,102.113
20.30001,2,102.113
20.3,3,60.1603
20.30001,3,60.1603
20.3,4,94.2955
20.30001,4,94.2955
20.4,0,2.8219
20.40001,0,2.8219
20.4,1,186.456
20.40001,1,186.456
20.4,2,102.113
20.40001,2,102.684
20.4,3,60.1603
20.40001,3,61.2632
20.4,4,94.2955
20.40001,4,113.147
20.5,0,2.8219
20.50001,0,0
20.5,1,186.456
20.50001,1,186.456
20.5,2,102.684
20.50001,2,102.684
20.5,3,61.2632
20.50001,3,50.3553
20.5,4,113.147
20.50001,4,113.147
20.6,0,0
20.60001,0,0
20.6,1,186.456
20.60001,1,186.456
20.6,2,102.684
20.60001,2,102.684
20.6,3,50.3553
20.60001,3,50.3553
20.6,4,113.147
20.60001,4,92.1314
20.7,0,0
20.70001,0,0
20.7,1,186.456
20.70001,1,186.456
20.7,2,102.684
20.70001,2,118.685
20.7,3,50.3553
20.70001,3,71.2666
20.7,4,92.1314
20.70001,4,92.1314
20.8,0,0
20.80001,0,15.3639
20.8,1,186.456
20.80001,1,186.456
20.8,2,118.685
20.80001,2,125.774
20.8,3,71.2666
20.80001,3,49.3951
20.8,4,92.1314
20.80001,4,92.1314
20.9,0,15.3639
20.90001,0,15.3639
20.9,1,186.456
20.90001,1,186.456
20.9,2,125.774
20.90001,2,143.27
20.9,3,49.3951
20.90001,3,49.3951
20.9,4,92.1314
20.90001,4,92.1314
21,0,15.3639
21.00001,0,15.3205
21,1,186.456
21.00001,1,186.456
21,2,143.27
21.00001,2,143.27
21,3,49.3951
21.00001,3,49.3951
21,4,92.1314
21.00001,4,92.1314
21.1,0,15.3205
21.10001,0,22.0895
21.1,1,186.456
21.10001,1,186.456
21.1,2,143.27
21.10001,2,143.27
21.1,3,49.3951
21.10001,3,50.2114
21.1,4,92.1314
21.10001,4,74.5719
21.2,0,22.0895
21.20001,0,22.0895
21.2,1,186.456
21.20001,1,186.456
21.2,2,143.27
21.20001,2,143.27
21.2,3,50.2114
21.20001,3,50.2114
21.2,4,74.5719
21.20001,4,74.5719
21.3,0,22.0895
21.30001,0,22.0895
21.3,1,186.456
21.30001,1,186.456
21.3,2,143.27
21.30001,2,157.625
21.3,3,50.2114
21.30001,3,50.2114
21.3,4,74.5719
21.30001,4,74.5719
21.4,0,22.0895
21.40001,0,22.0895
21.4,1,186.456
21.40001,1,186.456
21.4,2,157.625
21.40001,2,181.325
21.4,3,50.2114
21.40001,3,50.2114
21.4,4,74.5719
21.40001,4,72.0319
21.5,0,22.0895
21.50001,0,22.0895
21.5,1,186.456
21.50001,1,190.87
21.5,2,181.325
21.50001,2,181.325
21.5,3,50.2114
21.50001,3,50.2114
21.5,4,72.0319
21.50001,4,59.9097
21.6,0,22.0895
21.60001,0,30.7524
21.6,1,190.87
21.60001,1,185.521
21.6,2,181.325
21.60001,2,174.947
21.6,3,50.2114
21.60001,3,47.2468
21.6,4,59.9097
21.60001,4,59.9097
21.7,0,30.7524
21.70001,0,36.1015
21.7,1,185.521
21.70001,1,185.521
21.7,2,174.947
21.70001,2,186.816
21.7,3,47.2468
21.70001,3,47.2468
21.7,4,59.9097
21.70001,4,59.9097
21.8,0,36.1015
21.80001,0,36.1015
21.8,1,185.521
21.80001,1,185.521
21.8,2,186.816
21.80001,2,186.816
21.8,3,47.2468
21.80001,3,47.2468
21.8,4,59.9097
21.80001,4,59.9097
21.9,0,36.1015
21.90001,0,36.1015
21.9,1,185.521
21.90001,1,185.521
21.9,2,186.816
21.90001,2,186.816
21.9,3,47.2468
21.90001,3,47.2468
21.9,4,59.9097
21.90001,4,59.9097
22,0,36.1015
22.00001,0,48.2795
22,1,185.521
22.00001,1,185.521
22,2,186.816
22.00001,2,181.711
22,3,47.2468
22.00001,3,47.2468
22,4,59.9097
22.00001,4,38.8837
22.1,0,48.2795
22.10001,0,48.2795
22.1,1,185.521
22.10001,1,185.521
22.1,2,181.711
22.10001,2,181.711
22.1,3,47.2468
22.10001,3,47.2468
22.1,4,38.8837
22.10001,4,38.8837
22.2,0,48.2795
22.20001,0,48.2795
22.2,1,185.521
22.20001,1,185.521
22.2,2,181.711
22.20001,2,181.359
22.2,3,47.2468
22.20001,3,43.8722
22.2,4,38.8837
22.20001,4,38.8837
22.3,0,48.2795
22.30001,0,48.2795
22.3,1,185.521
22.30001,1,185.521
22.3,2,181.359
22.30001,2,177.432
22.3,3,43.8722
22.30001,3,43.8722
22.3,4,38.8837
22.30001,4,38.8837
22.4,0,48.2795
22.40001,0,32.9676
22.4,1,185.521
22.40001,1,185.521
22.4,2,177.432
22.40001,2,177.432
22.4,3,43.8722
22.40001,3,43.8722
22.4,4,38.8837
22.40001,4,24.1902
22.5,0,32.9676
22.50001,0,29.7787
22.5,1,185.521
22.50001,1,185.521
22.5,2,177.432
22.50001,2,177.432
22.5,3,43.8722
22.50001,3,43.8722
22.5,4,24.1902
22.50001,4,24.1902
22.6,0,29.7787
22.60001,0,29.7787
22.6,1,185.521
22.60001,1,185.521
22.6,2,177.432
22.60001,2,194.952
22.6,3,43.8722
22.60001,3,43.8722
22.6,4,24.1902
22.60001,4,7.30881
22.7,0,29.7787
22.70001,0,29.7787
22.7,1,185.521
22.70001,1,185.521
22.7,2,194.952
22.70001,2,194.952
22.7,3,43.8722
22.70001,3,43.8722
22.7,4,7.30881
22.70001,4,7.30881
22.8,0,29.7787
22.80001,0,29.7787
22.8,1,185.521
22.80001,1,181.189
22.8,2,194.952
22.80001,2,176.321
22.8,3,43.8722
22.80001,3,43.8722
22.8,4,7.30881
22.80001,4,16.7719
22.9,0,29.7787
22.90001,0,45.3622
22.9,1,181.189
22.90001,1,181.189
22.9,2,176.321
22.90001,2,191.127
22.9,3,43.8722
22.90001,3,43.8722
22.9,4,16.7719
22.90001,4,33.1243
23,0,45.3622
23.00001,0,52.0877
23,1,181.189
23.00001,1,181.189
23,2,191.127
23.00001,2,191.127
23,3,43.8722
23.00001,3,43.8722
23,4,33.1243
23.00001,4,33.1243
23.1,0,52.0877
23.10001,0,52.0877
23.1,1,181.189
23.10001,1,181.189
23.1,2,191.127
23.10001,2,191.127
23.1,3,43.8722
23.10001,3,43.8722
23.1,4,33.1243
23.10001,4,33.1243
23.2,0,52.0877
23.20001,0,52.0877
23.2,1,181.189
23.20001,1,163.622
23.2,2,191.127
23.20001,2,191.127
23.2,3,43.8722
23.20001,3,44.2688
23.2,4,33.1243
23.20001,4,36.8517
23.3,0,52.0877
23.30001,0,52.0877
23.3,1,163.622
23.30001,1,163.622
23.3,2,191.127
23.30001,2,191.127
23.3,3,44.2688
23.30001,3,44.2688
23.3,4,36.8517
23.30001,4,51.7161
23.4,0,52.0877
23.40001,0,52.0877
23.4,1,163.622
23.40001,1,163.622
23.4,2,191.127
23.40001,2,191.127
23.4,3,44.2688
23.40001,3,44.2688
23.4,4,51.7161
23.40001,4,69.4302
23.5,0,52.0877
23.50001,0,52.0877
23.5,1,163.622
23.50001,1,178.117
23.5,2,191.127
23.50001,2,184.684
23.5,3,44.2688
23.50001,3,44.2688
23.5,4,69.4302
23.50001,4,69.4302
23.6,0,52.0877
23.60001,0,51.3507
23.6,1,178.117
23.60001,1,178.117
23.6,2,184.684
23.60001,2,184.684
23.6,3,44.2688
23.60001,3,46.283
23.6,4,69.4302
23.60001,4,94.2091
23.7,0,51.3507
23.70001,0,51.3507
23.7,1,178.117
23.70001,1,178.117
23.7,2,184.684
23.70001,2,195.776
23.7,3,46.283
23.70001,3,46.283
23.7,4,94.2091
23.70001,4,94.2091
23.8,0,51.3507
23.80001,0,53.662
23.8,1,178.117
23.80001,1,175.967
23.8,2,195.776
23.80001,2,220.758
23.8,3,46.283
23.80001,3,46.283
23.8,4,94.2091
23.80001,4,94.2091
23.9,0,53.662
23.90001,0,53.662
23.9,1,175.967
23.90001,1,175.967
23.9,2,220.758
23.90001,2,205.596
23.9,3,46.283
23.90001,3,45.2007
23.9,4,94.2091
23.90001,4,113.764
24,0,53.662
24.00001,0,57.529
24,1,175.967
24.00001,1,164.259
24,2,205.596
24.00001,2,205.596
24,3,45.2007
24.00001,3,45.2007
24,4,113.764
24.00001,4,128.577
24.1,0,57.529
24.10001,0,57.529
24.1,1,164.259
24.10001,1,164.259
24.1,2,205.596
24.10001,2,205.596
24.1,3,45.2007
24.10001,3,57.3454
24.1,4,128.577
24.10001,4,128.577
24.2,0,57.529
24.20001,0,57.529
24.2,1,164.259
24.20001,1,164.259
24.2,2,205.596
24.20001,2,205.596
24.2,3,57.3454
24.20001,3,57.3454
24.2,4,128.577
24.20001,4,121.268
24.3,0,57.529
24.30001,0,57.529
24.3,1,164.259
24.30001,1,164.259
24.3,2,205.596
24.30001,2,209.387
24.3,3,57.3454
24.30001,3,57.3454
24.3,4,121.268
24.30001,4,100.738
24.4,0,57.529
24.40001,0,57.529
24.4,1,164.259
24.40001,1,188.659
24.4,2,209.387
24.40001,2,209.387
24.4,3,57.3454
24.40001,3,57.3454
24.4,4,100.738
24.40001,4,100.738
24.5,0,57.529
24.50001,0,57.529
24.5,1,188.659
24.50001,1,192.039
24.5,2,209.387
24.50001,2,209.387
24.5,3,57.3454
24.50001,3,57.3454
24.5,4,100.738
24.50001,4,100.738
24.6,0,57.529
24.60001,0,57.529
24.6,1,192.039
24.60001,1,192.039
24.6,2,209.387
24.60001,2,203.361
24.6,3,57.3454
24.60001,3,57.3454
24.6,4,100.738
24.60001,4,100.738
24.7,0,57.529
24.70001,0,74.7327
24.7,1,192.039
24.70001,1,192.039
24.7,2,203.361
24.70001,2,203.361
24.7,3,57.3454
24.70001,3,57.3454
24.7,4,100.738
24.70001,4,100.738
24.8,0,74.7327
24.80001,0,74.7327
24.8,1,192.039
24.80001,1,192.039
24.8,2,203.361
24.80001,2,220.797
24.8,3,57.3454
24.80001,3,57.3454
24.8,4,100.738
24.80001,4,100.738
24.9,0,74.7327
24.90001,0,74.7327
24.9,1,192.039
24.90001,1,192.039
24.9,2,220.797
24.90001,2,226.991
24.9,3,57.3454
24.90001,3,75.8155
24.9,4,100.738
24.90001,4,100.738
25,0,74.7327
25.00001,0,74.7327
25,1,192.039
25.00001,1,213.421
25,2,226.991
25.00001,2,226.991
25,3,75.8155
25.00001,3,75.8155
25,4,100.738
25.00001,4,100.738
25.1,0,74.7327
25.10001,0,72.2233
25.1,1,213.421
25.10001,1,213.421
25.1,2,226.991
25.10001,2,226.991
25.1,3,75.8155
25.10001,3,54.5244
25.1,4,100.738
25.10001,4,100.738
25.2,0,72.2233
25.20001,0,54.8514
25.2,1,213.421
25.20001,1,213.421
25.2,2,226.991
25.20001,2,226.991
25.2,3,54.5244
25.20001,3,54.5244
25.2,4,100.738
25.20001,4,100.738
25.3,0,54.8514
25.30001,0,54.8514
25.3,1,213.421
25.30001,1,213.421
25.3,2,226.991
25.30001,2,212.481
25.3,3,54.5244
25.30001,3,54.5244
25.3,4,100.738
25.30001,4,100.738
25.4,0,54.8514
25.40001,0,53.0334
25.4,1,213.421
25.40001,1,229.906
25.4,2,212.481
25.40001,2,212.481
25.4,3,54.5244
25.40001,3,44.8138
25.4,4,100.738
25.40001,4,100.738
25.5,0,53.0334
25.50001,0,53.0334
25.5,1,229.906
25.50001,1,229.906
25.5,2,212.481
25.50001,2,190.074
25.5,3,44.8138
25.50001,3,44.8138
25.5,4,100.738
25.50001,4,100.738
25.6,0,53.0334
25.60001,0,31.1905
25.6,1,229.906
25.60001,1,229.906
25.6,2,190.074
25.60001,2,190.074
25.6,3,44.8138
25.60001,3,44.8138
25.6,4,100.738
25.60001,4,100.738
25.7,0,31.1905
25.70001,0,34.519
25.7,1,229.906
25.70001,1,223.934
25.7,2,190.074
25.70001,2,190.074
25.7,3,44.8138
25.70001,3,44.8138
25.7,4,100.738
25.70001,4,121.2
25.8,0,34.519
25.80001,0,34.519
25.8,1,223.934
25.80001,1,223.934
25.8,2,190.074
25.80001,2,197.773
25.8,3,44.8138
25.80001,3,44.8138
25.8,4,121.2
25.80001,4,121.2
25.9,0,34.519
25.90001,0,50.3432
25.9,1,223.934
25.90001,1,239.947
25.9,2,197.773
25.90001,2,197.773
25.9,3,44.8138
25.90001,3,44.8138
25.9,4,121.2
25.90001,4,121.2
26,0,50.3432
26.00001,0,50.3432
26,1,239.947
26.00001,1,239.947
26,2,197.773
26.00001,2,197.773
26,3,44.8138
26.00001,3,44.8138
26,4,121.2
26.00001,4,137.86
26.1,0,50.3432
26.10001,0,50.3432
26.1,1,239.947
26.10001,1,227.537
26.1,2,197.773
26.10001,2,197.773
26.1,3,44.8138
26.10001,3,44.8138
26.1,4,137.86
26.10001,4,137.86
26.2,0,50.3432
26.20001,0,50.3432
26.2,1,227.537
26.20001,1,227.537
26.2,2,197.773
26.20001,2,191.32
26.2,3,44.8138
26.20001,3,44.8138
26.2,4,137.86
26.20001,4,140.199
26.3,0,50.3432
26.30001,0,50.3432
26.3,1,227.537
26.30001,1,238.378
26.3,2,191.32
26.30001,2,191.32
26.3,3,44.8138
26.30001,3,44.8138
26.3,4,140.199
26.30001,4,140.199
26.4,0,50.3432
26.40001,0,38.0033
26.4,1,238.378
26.40001,1,238.378
26.4,2,191.32
26.40001,2,191.32
26.4,3,44.8138
26.40001,3,44.8138
26.4,4,140.199
26.40001,4,140.199
26.5,0,38.0033
26.50001,0,38.0033
26.5,1,238.378
26.50001,1,238.916
26.5,2,191.32
26.50001,2,191.32
26.5,3,44.8138
26.50001,3,44.8138
26.5,4,140.199
26.50001,4,140.199
26.6,0,38.0033
26.60001,0,38.0033
26.6,1,238.916
26.60001,1,238.916
26.6,2,191.32
26.60001,2,191.32
26.6,3,44.8138
26.60001,3,44.8138
26.6,4,140.199
26.60001,4,140.199
26.7,0,38.0033
26.70001,0,38.0033
26.7,1,238.916
26.70001,1,238.916
26.7,2,191.32
26.70001,2,193.637
26.7,3,44.8138
26.70001,3,44.8138
26.7,4,140.199
26.70001,4,140.199
26.8,0,38.0033
26.80001,0,59.3898
26.8,1,238.916
26.80001,1,231.758
26.8,2,193.637
26.80001,2,193.637
26.8,3,44.8138
26.80001,3,44.8138
26.8,4,140.199
26.80001,4,133.072
26.9,0,59.3898
26.90001,0,40.3355
26.9,1,231.758
26.90001,1,231.758
26.9,2,193.637
26.90001,2,193.637
26.9,3,44.8138
26.90001,3,44.8138
26.9,4,133.072
26.90001,4,133.072
27,0,40.3355
27.00001,0,40.3355
27,1,231.758
27.00001,1,231.758
27,2,193.637
27.00001,2,202.347
27,3,44.8138
27.00001,3,44.8138
27,4,133.072
27.00001,4,151.974
27.1,0,40.3355
27.10001,0,40.3355
27.1,1,231.758
27.10001,1,220.36
27.1,2,202.347
27.10001,2,184.292
27.1,3,44.8138
27.10001,3,47.5217
27.1,4,151.974
27.10001,4,151.974
27.2,0,40.3355
27.20001,0,40.3355
27.2,1,220.36
27.20001,1,233.88
27.2,2,184.292
27.20001,2,184.292
27.2,3,47.5217
27.20001,3,47.5217
27.2,4,151.974
27.20001,4,151.974
27.3,0,40.3355
27.30001,0,24.568
27.3,1,233.88
27.30001,1,222.423
27.3,2,184.292
27.30001,2,184.292
27.3,3,47.5217
27.30001,3,57.1999
27.3,4,151.974
27.30001,4,171.95
27.4,0,24.568
27.40001,0,24.568
27.4,1,222.423
27.40001,1,222.423
27.4,2,184.292
27.40001,2,192.002
27.4,3,57.1999
27.40001,3,57.1999
27.4,4,171.95
27.40001,4,163.801
27.5,0,24.568
27.50001,0,24.568
27.5,1,222.423
27.50001,1,222.423
27.5,2,192.002
27.50001,2,192.002
27.5,3,57.1999
27.50001,3,39.8393
27.5,4,163.801
27.50001,4,163.801
27.6,0,24.568
27.60001,0,24.568
27.6,1,222.423
27.60001,1,222.423
27.6,2,192.002
27.60001,2,192.002
27.6,3,39.8393
27.60001,3,60.2569
27.6,4,163.801
27.60001,4,174.276
27.7,0,24.568
27.70001,0,34.8394
27.7,1,222.423
27.70001,1,209.252
27.7,2,192.002
27.70001,2,192.002
27.7,3,60.2569
27.70001,3,56.3565
27.7,4,174.276
27.70001,4,174.276
27.8,0,34.8394
27.80001,0,26.4281
27.8,1,209.252
27.80001,1,189.681
27.8,2,192.002
27.80001,2,192.002
27.8,3,56.3565
27.80001,3,56.3565
27.8,4,174.276
27.80001,4,174.276
27.9,0,26.4281
27.90001,0,47.4135
27.9,1,189.681
27.90001,1,177.709
27.9,2,192.002
27.90001,2,201.083
27.9,3,56.3565
27.90001,3,67.6572
27.9,4,174.276
27.90001,4,174.276
28,0,47.4135
28.00001,0,43.4054
28,1,177.709
28.00001,1,158.035
28,2,201.083
28.00001,2,179.215
28,3,67.6572
28.00001,3,67.6572
28,4,174.276
28.00001,4,174.276
28.1,0,43.4054
28.10001,0,43.4054
28.1,1,158.035
28.10001,1,158.035
28.1,2,179.215
28.10001,2,179.215
28.1,3,67.6572
28.10001,3,60.4044
28.1,4,174.276
28.10001,4,174.276
28.2,0,43.4054
28.20001,0,43.4054
28.2,1,158.035
28.20001,1,155.414
28.2,2,179.215
28.20001,2,179.215
28.2,3,60.4044
28.20001,3,60.4044
28.2,4,174.276
28.20001,4,174.276
28.3,0,43.4054
28.30001,0,35.6693
28.3,1,155.414
28.30001,1,155.414
28.3,2,179.215
28.30001,2,179.215
28.3,3,60.4044
28.30001,3,60.4044
28.3,4,174.276
28.30001,4,179.074
28.4,0,35.6693
28.40001,0,35.6693
28.4,1,155.414
28.40001,1,155.414
28.4,2,179.215
28.40001,2,179.215
28.4,3,60.4044
28.40001,3,60.4044
28.4,4,179.074
28.40001,4,191.503
28.5,0,35.6693
28.50001,0,45.2154
28.5,1,155.414
28.50001,1,155.414
28.5,2,179.215
28.50001,2,179.215
28.5,3,60.4044
28.50001,3,60.2402
28.5,4,191.503
28.50001,4,191.503
28.6,0,45.2154
28.60001,0,44.3951
28.6,1,155.414
28.60001,1,169.611
28.6,2,179.215
28.60001,2,179.215
28.6,3,60.2402
28.60001,3,60.2402
28.6,4,191.503
28.60001,4,191.503
28.7,0,44.3951
28.70001,0,44.3951
28.7,1,169.611
28.70001,1,169.611
28.7,2,179.215
28.70001,2,179.215
28.7,3,60.2402
28.70001,3,43.2738
28.7,4,191.503
28.70001,4,177.641
28.8,0,44.3951
28.80001,0,44.3951
28.8,1,169.611
28.80001,1,169.611
28.8,2,179.215
28.80001,2,179.215
28.8,3,43.2738
28.80001,3,19.4191
28.8,4,177.641
28.80001,4,177.641
28.9,0,44.3951
28.90001,0,54.0996
28.9,1,169.611
28.90001,1,166.152
28.9,2,179.215
28.90001,2,194.748
28.9,3,19.4191
28.90001,3,19.4191
28.9,4,177.641
28.90001,4,177.641
29,0,54.0996
29.00001,0,54.0996
29,1,166.152
29.00001,1,168.131
29,2,194.748
29.00001,2,180.717
29,3,19.4191
29.00001,3,19.4191
29,4,177.641
29.00001,4,177.641
29.1,0,54.0996
29.10001,0,69.7031
29.1,1,168.131
29.10001,1,168.131
29.1,2,180.717
29.10001,2,180.717
29.1,3,19.4191
29.10001,3,13.1654
29.1,4,177.641
29.10001,4,171.425
29.2,0,69.7031
29.20001,0,87.9976
29.2,1,168.131
29.20001,1,187.217
29.2,2,180.717
29.20001,2,180.717
29.2,3,13.1654
29.20001,3,13.1654
29.2,4,171.425
29.20001,4,171.425
29.3,0,87.9976
29.30001,0,87.9976
29.3,1,187.217
29.30001,1,187.217
29.3,2,180.717
29.30001,2,170.664
29.3,3,13.1654
29.30001,3,13.1654
29.3,4,171.425
29.30001,4,171.425
29.4,0,87.9976
29.40001,0,87.9976
29.4,1,187.217
29.40001,1,187.217
29.4,2,170.664
29.40001,2,170.664
29.4,3,13.1654
29.40001,3,37.8972
29.4,4,171.425
29.40001,4,171.425
29.5,0,87.9976
29.50001,0,87.9976
29.5,1,187.217
29.50001,1,187.217
29.5,2,170.664
29.50001,2,170.664
29.5,3,37.8972
29.50001,3,34.1993
29.5,4,171.425
29.50001,4,171.425
29.6,0,87.9976
29.60001,0,90.7335
29.6,1,187.217
29.60001,1,187.217
29.6,2,170.664
29.60001,2,170.664
29.6,3,34.1993
29.60001,3,56.3593
29.6,4,171.425
29.60001,4,160.285
29.7,0,90.7335
29.70001,0,90.7335
29.7,1,187.217
29.70001,1,173.875
29.7,2,170.664
29.70001,2,184.15
29.7,3,56.3593
29.70001,3,56.3593
29.7,4,160.285
29.70001,4,139.6
29.8,0,90.7335
29.80001,0,90.7335
29.8,1,173.875
29.80001,1,173.875
29.8,2,184.15
29.80001,2,166.122
29.8,3,56.3593
29.80001,3,66.1997
29.8,4,139.6
29.80001,4,139.6
29.9,0,90.7335
29.90001,0,90.7335
29.9,1,173.875
29.90001,1,173.875
29.9,2,166.122
29.90001,2,166.122
29.9,3,66.1997
29.90001,3,58.2486
29.9,4,139.6
29.90001,4,139.6
30,0,90.7335
30.00001,0,90.7335
30,1,173.875
30.00001,1,173.875
30,2,166.122
30.00001,2,166.122
30,3,58.2486
30.00001,3,58.2486
30,4,139.6
30.00001,4,121.854
30.1,0,90.7335
30.10001,0,90.7335
30.1,1,173.875
30.10001,1,149.516
30.1,2,166.122
30.10001,2,166.122
30.1,3,58.2486
30.10001,3,58.2486
30.1,4,121.854
30.10001,4,121.854
30.2,0,90.7335
30.20001,0,90.7335
30.2,1,149.516
30.20001,1,149.516
30.2,2,166.122
30.20001,2,166.122
30.2,3,58.2486
30.20001,3,58.247
30.2,4,121.854
30.20001,4,123.227
30.3,0,90.7335
30.30001,0,90.7335
30.3,1,149.516
30.30001,1,141.762
30.3,2,166.122
30.30001,2,166.122
30.3,3,58.247
30.30001,3,58.247
30.3,4,123.227
30.30001,4,114.009
30.4,0,90.7335
30.40001,0,90.7335
30.4,1,141.762
30.40001,1,141.762
30.4,2,166.122
30.40001,2,166.122
30.4,3,58.247
30.40001,3,58.247
30.4,4,114.009
30.40001,4,116.268
30.5,0,90.7335
30.50001,0,93.2073
30.5,1,141.762
30.50001,1,141.762
30.5,2,166.122
30.50001,2,166.122
30.5,3,58.247
30.50001,3,58.247
30.5,4,116.268
30.50001,4,116.268
30.6,0,93.2073
30.60001,0,93.2073
30.6,1,141.762
30.60001,1,141.762
30.6,2,166.122
30.60001,2,190.331
30.6,3,58.247
30.60001,3,58.247
30.6,4,116.268
30.60001,4,116.268
30.7,0,93.2073
30.70001,0,93.2073
30.7,1,141.762
30.70001,1,141.762
30.7,2,190.331
30.70001,2,190.331
30.7,3,58.247
30.70001,3,58.247
30.7,4,116.268
30.70001,4,116.268
30.8,0,93.2073
30.80001,0,93.2073
30.8,1,141.762
30.80001,1,141.762
30.8,2,190.331
30.80001,2,190.331
30.8,3,58.247
30.80001,3,76.6354
30.8,4,116.268
30.80001,4,116.268
30.9,0,93.2073
30.90001,0,93.2073
30.9,1,141.762
30.90001,1,141.762
30.9,2,190.331
30.90001,2,190.331
30.9,3,76.6354
30.90001,3,76.6354
30.9,4,116.268
30.90001,4,116.268
31,0,93.2073
31.00001,0,103.135
31,1,141.762
31.00001,1,117.746
31,2,190.331
31.00001,2,190.331
31,3,76.6354
31.00001,3,58.386
31,4,116.268
31.00001,4,116.268
31.1,0,103.135
31.10001,0,80.3176
31.1,1,117.746
31.10001,1,117.746
31.1,2,190.331
31.10001,2,190.331
31.1,3,58.386
31.10001,3,60.5317
31.1,4,116.268
31.10001,4,116.268
31.2,0,80.3176
31.20001,0,59.2384
31.2,1,117.746
31.20001,1,140.79
31.2,2,190.331
31.20001,2,190.331
31.2,3,60.5317
31.20001,3,60.5317
31.2,4,116.268
31.20001,4,116.268
31.3,0,59.2384
31.30001,0,59.2384
31.3,1,140.79
31.30001,1,133.547
31.3,2,190.331
31.30001,2,170.294
31.3,3,60.5317
31.30001,3,60.5317
31.3,4,116.268
31.30001,4,116.268
31.4,0,59.2384
31.40001,0,46.0703
31.4,1,133.547
31.40001,1,141.587
31.4,2,170.294
31.40001,2,160.252
31.4,3,60.5317
31.40001,3,64.6881
31.4,4,116.268
31.40001,4,116.268
31.5,0,46.0703
31.50001,0,43.9966
31.5,1,141.587
31.50001,1,141.587
31.5,2,160.252
31.50001,2,160.252
31.5,3,64.6881
31.50001,3,64.6881
31.5,4,116.268
31.50001,4,116.268
31.6,0,43.9966
31.60001,0,61.3794
31.6,1,141.587
31.60001,1,130.361
31.6,2,160.252
31.60001,2,176.548
31.6,3,64.6881
31.60001,3,64.6881
31.6,4,116.268
31.60001,4,116.268
31.7,0,61.3794
31.70001,0,61.3794
31.7,1,130.361
31.70001,1,130.361
31.7,2,176.548
31.70001,2,176.548
31.7,3,64.6881
31.70001,3,84.4345
31.7,4,116.268
31.70001,4,127.594
31.8,0,61.3794
31.80001,0,61.3794
31.8,1,130.361
31.80001,1,129.905
31.8,2,176.548
31.80001,2,176.548
31.8,3,84.4345
31.80001,3,84.4345
31.8,4,127.594
31.80001,4,127.594
31.9,0,61.3794
31.90001,0,61.3794
31.9,1,129.905
31.90001,1,147.606
31.9,2,176.548
31.90001,2,176.548
31.9,3,84.4345
31.90001,3,84.4345
31.9,4,127.594
31.90001,4,150.817
32,0,61.3794
32.00001,0,61.3794
32,1,147.606
32.00001,1,160.967
32,2,176.548
32.00001,2,176.548
32,3,84.4345
32.00001,3,84.4345
32,4,150.817
32.00001,4,163.194
32.1,0,61.3794
32.10001,0,61.3794
32.1,1,160.967
32.10001,1,156.87
32.1,2,176.548
32.10001,2,153.76
32.1,3,84.4345
32.10001,3,84.4345
32.1,4,163.194
32.10001,4,163.194
32.2,0,61.3794
32.20001,0,63.8372
32.2,1,156.87
32.20001,1,156.87
32.2,2,153.76
32.20001,2,153.76
32.2,3,84.4345
32.20001,3,84.4345
32.2,4,163.194
32.20001,4,184.906
32.3,0,63.8372
32.30001,0,63.8372
32.3,1,156.87
32.30001,1,180.796
32.3,2,153.76
32.30001,2,131.599
32.3,3,84.4345
32.30001,3,84.4345
32.3,4,184.906
32.30001,4,184.906
32.4,0,63.8372
32.40001,0,63.8372
32.4,1,180.796
32.40001,1,187.298
32.4,2,131.599
32.40001,2,109.115
32.4,3,84.4345
32.40001,3,84.4345
32.4,4,184.906
32.40001,4,184.906
32.5,0,63.8372
32.50001,0,63.8372
32.5,1,187.298
32.50001,1,187.298
32.5,2,109.115
32.50001,2,88.1188
32.5,3,84.4345
32.50001,3,84.4345
32.5,4,184.906
32.50001,4,204.366
32.6,0,63.8372
32.60001,0,63.8372
32.6,1,187.298
32.60001,1,205.324
32.6,2,88.1188
32.60001,2,78.5033
32.6,3,84.4345
32.60001,3,84.4345
32.6,4,204.366
32.60001,4,217.185
32.7,0,63.8372
32.70001,0,63.8372
32.7,1,205.324
32.70001,1,194.494
32.7,2,78.5033
32.70001,2,78.5033
32.7,3,84.4345
32.70001,3,82.2563
32.7,4,217.185
32.70001,4,217.185
32.8,0,63.8372
32.80001,0,63.8372
32.8,1,194.494
32.80001,1,169.784
32.8,2,78.5033
32.80001,2,78.5033
32.8,3,82.2563
32.80001,3,82.2563
32.8,4,217.185
32.80001,4,217.185
32.9,0,63.8372
32.90001,0,63.8372
32.9,1,169.784
32.90001,1,169.784
32.9,2,78.5033
32.90001,2,78.5033
32.9,3,82.2563
32.90001,3,82.2563
32.9,4,217.185
32.90001,4,217.185
33,0,63.8372
33.00001,0,63.8372
33,1,169.784
33.00001,1,169.784
33,2,78.5033
33.00001,2,87.5007
33,3,82.2563
33.00001,3,82.2563
33,4,217.185
33.00001,4,217.185
33.1,0,63.8372
33.10001,0,63.8372
33.1,1,169.784
33.10001,1,169.784
33.1,2,87.5007
33.10001,2,87.5007
33.1,3,82.2563
33.10001,3,82.2563
33.1,4,217.185
33.10001,4,216.913
33.2,0,63.8372
33.20001,0,63.8372
33.2,1,169.784
33.20001,1,169.784
33.2,2,87.5007
33.20001,2,87.5007
33.2,3,82.2563
33.20001,3,82.2563
33.2,4,216.913
33.20001,4,216.913
33.3,0,63.8372
33.30001,0,63.8372
33.3,1,169.784
33.30001,1,169.784
33.3,2,87.5007
33.30001,2,79.8539
33.3,3,82.2563
33.30001,3,82.2563
33.3,4,216.913
33.30001,4,216.913
33.4,0,63.8372
33.40001,0,45.1238
33.4,1,169.784
33.40001,1,169.784
33.4,2,79.8539
33.40001,2,79.8539
33.4,3,82.2563
33.40001,3,82.2563
33.4,4,216.913
33.40001,4,216.801
33.5,0,45.1238
33.50001,0,45.1238
33.5,1,169.784
33.50001,1,186.371
33.5,2,79.8539
33.50001,2,66.6314
33.5,3,82.2563
33.50001,3,99.0688
33.5,4,216.801
33.50001,4,216.801
33.6,0,45.1238
33.60001,0,45.1238
33.6,1,186.371
33.60001,1,186.371
33.6,2,66.6314
33.60001,2,66.6314
33.6,3,99.0688
33.60001,3,99.0688
33.6,4,216.801
33.60001,4,225.181
33.7,0,45.1238
33.70001,0,45.1238
33.7,1,186.371
33.70001,1,183.81
33.7,2,66.6314
33.70001,2,66.6314
33.7,3,99.0688
33.70001,3,99.0688
33.7,4,225.181
33.70001,4,225.181
33.8,0,45.1238
33.80001,0,45.1238
33.8,1,183.81
33.80001,1,183.81
33.8,2,66.6314
33.80001,2,66.6314
33.8,3,99.0688
33.80001,3,99.0688
33.8,4,225.181
33.80001,4,235.9
33.9,0,45.1238
33.90001,0,46.2365
33.9,1,183.81
33.90001,1,183.81
33.9,2,66.6314
33.90001,2,66.6314
33.9,3,99.0688
33.90001,3,99.0688
33.9,4,235.9
33.90001,4,235.9
34,0,46.2365
34.00001,0,22.8216
34,1,183.81
34.00001,1,183.81
34,2,66.6314
34.00001,2,70.8094
34,3,99.0688
34.00001,3,99.0688
34,4,235.9
34.00001,4,235.9
34.1,0,22.8216
34.10001,0,22.8216
34.1,1,183.81
34.10001,1,181.05
34.1,2,70.8094
34.10001,2,49.3416
34.1,3,99.0688
34.10001,3,99.0688
34.1,4,235.9
34.10001,4,229.911
34.2,0,22.8216
34.20001,0,31.7721
34.2,1,181.05
34.20001,1,181.05
34.2,2,49.3416
34.20001,2,49.3416
34.2,3,99.0688
34.20001,3,81.0042
34.2,4,229.911
34.20001,4,229.911
34.3,0,31.7721
34.30001,0,31.7721
34.3,1,181.05
34.30001,1,181.05
34.3,2,49.3416
34.30001,2,49.3416
34.3,3,81.0042
34.30001,3,81.0042
34.3,4,229.911
34.30001,4,229.911
34.4,0,31.7721
34.40001,0,31.7721
34.4,1,181.05
34.40001,1,170.913
34.4,2,49.3416
34.40001,2,49.3416
34.4,3,81.0042
34.40001,3,81.0042
34.4,4,229.911
34.40001,4,229.911
34.5,0,31.7721
34.50001,0,31.7721
34.5,1,170.913
34.50001,1,156.226
34.5,2,49.3416
34.50001,2,49.3416
34.5,3,81.0042
34.50001,3,95.6313
34.5,4,229.911
34.50001,4,229.911
34.6,0,31.7721
34.60001,0,49.136
34.6,1,156.226
34.60001,1,156.226
34.6,2,49.3416
34.60001,2,49.3416
34.6,3,95.6313
34.60001,3,119.163
34.6,4,229.911
34.60001,4,229.911
34.7,0,49.136
34.70001,0,33.6134
34.7,1,156.226
34.70001,1,156.226
34.7,2,49.3416
34.70001,2,49.3416
34.7,3,119.163
34.70001,3,113.725
34.7,4,229.911
34.70001,4,229.911
34.8,0,33.6134
34.80001,0,33.6134
34.8,1,156.226
34.80001,1,164.768
34.8,2,49.3416
34.80001,2,49.3416
34.8,3,113.725
34.80001,3,113.725
34.8,4,229.911
34.80001,4,233.614
34.9,0,33.6134
34.90001,0,33.6134
34.9,1,164.768
34.90001,1,164.768
34.9,2,49.3416
34.90001,2,49.3416
34.9,3,113.725
34.90001,3,113.725
34.9,4,233.614
34.90001,4,249.087
35,0,33.6134
35.00001,0,33.6134
35,1,164.768
35.00001,1,164.768
35,2,49.3416
35.00001,2,69.8072
35,3,113.725
35.00001,3,113.725
35,4,249.087
35.00001,4,249.087
35.1,0,33.6134
35.10001,0,33.6134
35.1,1,164.768
35.10001,1,164.768
35.1,2,69.8072
35.10001,2,69.8072
35.1,3,113.725
35.10001,3,113.725
35.1,4,249.087
35.10001,4,270.536
35.2,0,33.6134
35.20001,0,33.911
35.2,1,164.768
35.20001,1,164.768
35.2,2,69.8072
35.20001,2,69.8072
35.2,3,113.725
35.20001,3,113.725
35.2,4,270.536
35.20001,4,266.858
35.3,0,33.911
35.30001,0,16.2742
35.3,1,164.768
35.30001,1,153.82
35.3,2,69.8072
35.30001,2,69.8072
35.3,3,113.725
35.30001,3,113.725
35.3,4,266.858
35.30001,4,266.858
35.4,0,16.2742
35.40001,0,16.2742
35.4,1,153.82
35.40001,1,153.82
35.4,2,69.8072
35.40001,2,91.2106
35.4,3,113.725
35.40001,3,119.63
35.4,4,266.858
35.40001,4,263.733
35.5,0,16.2742
35.50001,0,16.2742
35.5,1,153.82
35.50001,1,137.729
35.5,2,91.2106
35.50001,2,91.2106
35.5,3,119.63
35.50001,3,130.564
35.5,4,263.733
35.50001,4,263.733
35.6,0,16.2742
35.60001,0,25.6999
35.6,1,137.729
35.60001,1,123.239
35.6,2,91.2106
35.60001,2,84.9906
35.6,3,130.564
35.60001,3,130.564
35.6,4,263.733
35.60001,4,263.733
35.7,0,25.6999
35.70001,0,25.6999
35.7,1,123.239
35.70001,1,133.147
35.7,2,84.9906
35.70001,2,84.9906
35.7,3,130.564
35.70001,3,130.564
35.7,4,263.733
35.70001,4,263.733
35.8,0,25.6999
35.80001,0,25.6999
35.8,1,133.147
35.80001,1,133.147
35.8,2,84.9906
35.80001,2,66.492
35.8,3,130.564
35.80001,3,152.129
35.8,4,263.733
35.80001,4,263.733
35.9,0,25.6999
35.90001,0,25.6999
35.9,1,133.147
35.90001,1,133.147
35.9,2,66.492
35.90001,2,66.492
35.9,3,152.129
35.90001,3,152.129
35.9,4,263.733
35.90001,4,262.669
36,0,25.6999
36.00001,0,25.6999
36,1,133.147
36.00001,1,146.138
36,2,66.492
36.00001,2,57.9669
36,3,152.129
36.00001,3,152.129
36,4,262.669
36.00001,4,262.669
36.1,0,25.6999
36.10001,0,25.6999
36.1,1,146.138
36.10001,1,146.138
36.1,2,57.9669
36.10001,2,47.1805
36.1,3,152.129
36.10001,3,152.129
36.1,4,262.669
36.10001,4,264.214
36.2,0,25.6999
36.20001,0,40.3169
36.2,1,146.138
36.20001,1,146.138
36.2,2,47.1805
36.20001,2,47.1805
36.2,3,152.129
36.20001,3,152.129
36.2,4,264.214
36.20001,4,264.214
36.3,0,40.3169
36.30001,0,39.1799
36.3,1,146.138
36.30001,1,151.138
36.3,2,47.1805
36.30001,2,47.1805
36.3,3,152.129
36.30001,3,142.07
36.3,4,264.214
36.30001,4,264.214
36.4,0,39.1799
36.40001,0,39.1799
36.4,1,151.138
36.40001,1,151.138
36.4,2,47.1805
36.40001,2,47.1805
36.4,3,142.07
36.40001,3,120.701
36.4,4,264.214
36.40001,4,264.214
36.5,0,39.1799
36.50001,0,39.1799
36.5,1,151.138
36.50001,1,151.138
36.5,2,47.1805
36.50001,2,54.5255
36.5,3,120.701
36.50001,3,111.729
36.5,4,264.214
36.50001,4,264.214
36.6,0,39.1799
36.60001,0,22.0814
36.6,1,151.138
36.60001,1,175.855
36.6,2,54.5255
36.60001,2,54.5255
36.6,3,111.729
36.60001,3,111.729
36.6,4,264.214
36.60001,4,264.214
36.7,0,22.0814
36.70001,0,22.0814
36.7,1,175.855
36.70001,1,175.855
36.7,2,54.5255
36.70001,2,54.5255
36.7,3,111.729
36.70001,3,111.729
36.7,4,264.214
36.70001,4,264.214
36.8,0,22.0814
36.80001,0,22.0814
36.8,1,175.855
36.80001,1,175.855
36.8,2,54.5255
36.80001,2,54.5255
36.8,3,111.729
36.80001,3,111.729
36.8,4,264.214
36.80001,4,253.09
36.9,0,22.0814
36.90001,0,14.7982
36.9,1,175.855
36.90001,1,189.648
36.9,2,54.5255
36.90001,2,54.5255
36.9,3,111.729
36.90001,3,111.729
36.9,4,253.09
36.90001,4,253.09
37,0,14.7982
37.00001,0,14.7982
37,1,189.648
37.00001,1,179.575
37,2,54.5255
37.00001,2,54.5255
37,3,111.729
37.00001,3,111.729
37,4,253.09
37.00001,4,260.913
37.1,0,14.7982
37.10001,0,14.7982
37.1,1,179.575
37.10001,1,179.575
37.1,2,54.5255
37.10001,2,54.5255
37.1,3,111.729
37.10001,3,134.559
37.1,4,260.913
37.10001,4,271.965
37.2,0,14.7982
37.20001,0,3.7385
37.2,1,179.575
37.20001,1,194.109
37.2,2,54.5255
37.20001,2,46.906
37.2,3,134.559
37.20001,3,134.559
37.2,4,271.965
37.20001,4,271.965
37.3,0,3.7385
37.30001,0,19.9903
37.3,1,194.109
37.30001,1,194.109
37.3,2,46.906
37.30001,2,46.906
37.3,3,134.559
37.30001,3,118.013
37.3,4,271.965
37.30001,4,269.914
37.4,0,19.9903
37.40001,0,19.9903
37.4,1,194.109
37.40001,1,194.109
37.4,2,46.906
37.40001,2,46.906
37.4,3,118.013
37.40001,3,118.013
37.4,4,269.914
37.40001,4,269.914
37.5,0,19.9903
37.50001,0,43.6043
37.5,1,194.109
37.50001,1,182.804
37.5,2,46.906
37.50001,2,46.906
37.5,3,118.013
37.50001,3,118.013
37.5,4,269.914
37.50001,4,278.641
37.6,0,43.6043
37.60001,0,43.6043
37.6,1,182.804
37.60001,1,182.804
37.6,2,46.906
37.60001,2,27.2856
37.6,3,118.013
37.60001,3,141.321
37.6,4,278.641
37.60001,4,100.454
37.7,0,43.6043
37.70001,0,53.4959
37.7,1,182.804
37.70001,1,181.144
37.7,2,27.2856
37.70001,2,48.5072
37.7,3,141.321
37.70001,3,141.321
37.7,4,100.454
37.70001,4,82.4469
37.8,0,53.4959
37.80001,0,53.4959
37.8,1,181.144
37.80001,1,181.144
37.8,2,48.5072
37.80001,2,48.5072
37.8,3,141.321
37.80001,3,141.321
37.8,4,82.4469
37.80001,4,82.4469
37.9,0,53.4959
37.90001,0,53.4959
37.9,1,181.144
37.90001,1,181.144
37.9,2,48.5072
37.90001,2,48.5072
37.9,3,141.321
37.90001,3,141.321
37.9,4,82.4469
37.90001,4,88.2148
38,0,53.4959
38.00001,0,53.4959
38,1,181.144
38.00001,1,181.144
38,2,48.5072
38.00001,2,48.5072
38,3,141.321
38.00001,3,142.043
38,4,88.2148
38.00001,4,88.2148
38.1,0,53.4959
38.10001,0,53.4959
38.1,1,181.144
38.10001,1,181.144
38.1,2,48.5072
38.10001,2,34.9863
38.1,3,142.043
38.10001,3,142.043
38.1,4,88.2148
38.10001,4,101.436
38.2,0,53.4959
38.20001,0,53.4959
38.2,1,181.144
38.20001,1,181.144
38.2,2,34.9863
38.20001,2,34.9863
38.2,3,142.043
38.20001,3,142.043
38.2,4,101.436
38.20001,4,101.436
38.3,0,53.4959
38.30001,0,53.4959
38.3,1,181.144
38.30001,1,181.144
38.3,2,34.9863
38.30001,2,45.1651
38.3,3,142.043
38.30001,3,123.146
38.3,4,101.436
38.30001,4,85.7275
38.4,0,53.4959
38.40001,0,53.4959
38.4,1,181.144
38.40001,1,181.144
38.4,2,45.1651
38.40001,2,45.1651
38.4,3,123.146
38.40001,3,123.146
38.4,4,85.7275
38.40001,4,85.7275
38.5,0,53.4959
38.50001,0,50.2083
38.5,1,181.144
38.50001,1,181.144
38.5,2,45.1651
38.50001,2,45.1651
38.5,3,123.146
38.50001,3,126.113
38.5,4,85.7275
38.50001,4,85.7275
38.6,0,50.2083
38.60001,0,50.2083
38.6,1,181.144
38.60001,1,181.144
38.6,2,45.1651
38.60001,2,45.1651
38.6,3,126.113
38.60001,3,136.372
38.6,4,85.7275
38.60001,4,85.7275
38.7,0,50.2083
38.70001,0,50.2083
38.7,1,181.144
38.70001,1,181.144
38.7,2,45.1651
38.70001,2,47.9414
38.7,3,136.372
38.70001,3,136.372
38.7,4,85.7275
38.70001,4,62.7975
38.8,0,50.2083
38.80001,0,50.2083
38.8,1,181.144
38.80001,1,181.144
38.8,2,47.9414
38.80001,2,47.9414
38.8,3,136.372
38.80001,3,136.372
38.8,4,62.7975
38.80001,4,69.538
38.9,0,50.2083
38.90001,0,50.2083
38.9,1,181.144
38.90001,1,162.507
38.9,2,47.9414
38.90001,2,49.5687
38.9,3,136.372
38.90001,3,131.962
38.9,4,69.538
38.90001,4,65.9798
39,0,50.2083
39.00001,0,61.4417
39,1,162.507
39.00001,1,162.507
39,2,49.5687
39.00001,2,38.7622
39,3,131.962
39.00001,3,115.843
39,4,65.9798
39.00001,4,65.9798
39.1,0,61.4417
39.10001,0,61.4417
39.1,1,162.507
39.10001,1,162.507
39.1,2,38.7622
39.10001,2,38.7622
39.1,3,115.843
39.10001,3,135.568
39.1,4,65.9798
39.10001,4,80.4601
39.2,0,61.4417
39.20001,0,41.3391
39.2,1,162.507
39.20001,1,175.2
39.2,2,38.7622
39.20001,2,38.7622
39.2,3,135.568
39.20001,3,132.57
39.2,4,80.4601
39.20001,4,80.4601
39.3,0,41.3391
39.30001,0,41.3391
39.3,1,175.2
39.30001,1,175.2
39.3,2,38.7622
39.30001,2,57.1923
39.3,3,132.57
39.30001,3,132.57
39.3,4,80.4601
39.30001,4,80.4601
39.4,0,41.3391
39.40001,0,59.8593
39.4,1,175.2
39.40001,1,161.444
39.4,2,57.1923
39.40001,2,57.1923
39.4,3,132.57
39.40001,3,112.039
39.4,4,80.4601
39.40001,4,69.1884
39.5,0,59.8593
39.50001,0,70.8529
39.5,1,161.444
39.50001,1,161.444
39.5,2,57.1923
39.50001,2,73.7354
39.5,3,112.039
39.50001,3,112.039
39.5,4,69.1884
39.50001,4,69.1884
39.6,0,70.8529
39.60001,0,54.9846
39.6,1,161.444
39.60001,1,161.444
39.6,2,73.7354
39.60001,2,73.7354
39.6,3,112.039
39.60001,3,112.039
39.6,4,69.1884
39.60001,4,60.1271
39.7,0,54.9846
39.70001,0,54.9846
39.7,1,161.444
39.70001,1,161.444
39.7,2,73.7354
39.70001,2,93.5173
39.7,3,112.039
39.70001,3,94.2134
39.7,4,60.1271
39.70001,4,60.1271
39.8,0,54.9846
39.80001,0,67.7044
39.8,1,161.444
39.80001,1,161.444
39.8,2,93.5173
39.80001,2,93.5173
39.8,3,94.2134
39.80001,3,94.2134
39.8,4,60.1271
39.80001,4,60.1271
39.9,0,67.7044
39.90001,0,67.7044
39.9,1,161.444
39.90001,1,161.444
39.9,2,93.5173
39.90001,2,106.165
39.9,3,94.2134
39.90001,3,94.2134
39.9,4,60.1271
39.90001,4,60.1271
40,0,67.7044
40.00001,0,61.7213
40,1,161.444
40.00001,1,149.476
40,2,106.165
40.00001,2,106.165
40,3,94.2134
40.00001,3,94.2134
40,4,60.1271
40.00001,4,60.1271
40.1,0,61.7213
40.10001,0,61.7213
40.1,1,149.476
40.10001,1,149.476
40.1,2,106.165
40.10001,2,106.165
40.1,3,94.2134
40.10001,3,94.2134
40.1,4,60.1271
40.10001,4,60.1271
40.2,0,61.7213
40.20001,0,61.7213
40.2,1,149.476
40.20001,1,149.476
40.2,2,106.165
40.20001,2,106.165
40.2,3,94.2134
40.20001,3,94.2134
40.2,4,60.1271
40.20001,4,70.596
40.3,0,61.7213
40.30001,0,61.7213
40.3,1,149.476
40.30001,1,149.476
40.3,2,106.165
40.30001,2,105.757
40.3,3,94.2134
40.30001,3,79.0665
40.3,4,70.596
40.30001,4,70.596
40.4,0,61.7213
40.40001,0,42.4355
40.4,1,149.476
40.40001,1,149.476
40.4,2,105.757
40.40001,2,105.757
40.4,3,79.0665
40.40001,3,77.6541
40.4,4,70.596
40.40001,4,70.596
40.5,0,42.4355
40.50001,0,47.47
40.5,1,149.476
40.50001,1,149.476
40.5,2,105.757
40.50001,2,107.32
40.5,3,77.6541
40.50001,3,58.2722
40.5,4,70.596
40.50001,4,70.596
40.6,0,47.47
40.60001,0,34.7816
40.6,1,149.476
40.60001,1,149.476
40.6,2,107.32
40.60001,2,107.32
40.6,3,58.2722
40.60001,3,58.2722
40.6,4,70.596
40.60001,4,70.596
40.7,0,34.7816
40.70001,0,34.7816
40.7,1,149.476
40.70001,1,149.476
40.7,2,107.32
40.70001,2,107.627
40.7,3,58.2722
40.70001,3,58.2722
40.7,4,70.596
40.70001,4,70.596
40.8,0,34.7816
40.80001,0,34.7816
40.8,1,149.476
40.80001,1,128.847
40.8,2,107.627
40.80001,2,107.627
40.8,3,58.2722
40.80001,3,58.2722
40.8,4,70.596
40.80001,4,70.2178
40.9,0,34.7816
40.90001,0,39.785
40.9,1,128.847
40.90001,1,128.847
40.9,2,107.627
40.90001,2,107.627
40.9,3,58.2722
40.90001,3,58.2722
40.9,4,70.2178
40.90001,4,64.9761
41,0,39.785
41.00001,0,39.785
41,1,128.847
41.00001,1,126.853
41,2,107.627
41.00001,2,93.0304
41,3,58.2722
41.00001,3,58.2722
41,4,64.9761
41.00001,4,64.9761
41.1,0,39.785
41.10001,0,57.3819
41.1,1,126.853
41.10001,1,126.853
41.1,2,93.0304
41.10001,2,93.0304
41.1,3,58.2722
41.10001,3,58.2722
41.1,4,64.9761
41.10001,4,54.8619
41.2,0,57.3819
41.20001,0,71.5183
41.2,1,126.853
41.20001,1,148.478
41.2,2,93.0304
41.20001,2,76.9306
41.2,3,58.2722
41.20001,3,58.2722
41.2,4,54.8619
41.20001,4,54.8619
41.3,0,71.5183
41.30001,0,71.5183
41.3,1,148.478
41.30001,1,148.478
41.3,2,76.9306
41.30001,2,57.1848
41.3,3,58.2722
41.30001,3,65.5011
41.3,4,54.8619
41.30001,4,54.8619
41.4,0,71.5183
41.40001,0,71.5183
41.4,1,148.478
41.40001,1,148.478
41.4,2,57.1848
41.40001,2,57.1848
41.4,3,65.5011
41.40001,3,60.1167
41.4,4,54.8619
41.40001,4,54.8619
41.5,0,71.5183
41.50001,0,71.5183
41.5,1,148.478
41.50001,1,148.478
41.5,2,57.1848
41.50001,2,53.704
41.5,3,60.1167
41.50001,3,60.1167
41.5,4,54.8619
41.50001,4,54.8619
41.6,0,71.5183
41.60001,0,71.5183
41.6,1,148.478
41.60001,1,148.478
41.6,2,53.704
41.60001,2,32.282
41.6,3,60.1167
41.60001,3,60.1167
41.6,4,54.8619
41.60001,4,78.8618
41.7,0,71.5183
41.70001,0,71.5183
41.7,1,148.478
41.70001,1,148.478
41.7,2,32.282
41.70001,2,10.1464
41.7,3,60.1167
41.70001,3,60.1167
41.7,4,78.8618
41.70001,4,78.8618
41.8,0,71.5183
41.80001,0,71.5183
41.8,1,148.478
41.80001,1,170.769
41.8,2,10.1464
41.80001,2,10.1464
41.8,3,60.1167
41.80001,3,60.1167
41.8,4,78.8618
41.80001,4,78.8618
41.9,0,71.5183
41.90001,0,71.5183
41.9,1,170.769
41.90001,1,170.769
41.9,2,10.1464
41.90001,2,10.1464
41.9,3,60.1167
41.90001,3,60.1167
41.9,4,78.8618
41.90001,4,78.8618
42,0,71.5183
42.00001,0,71.5183
42,1,170.769
42.00001,1,170.769
42,2,10.1464
42.00001,2,0
42,3,60.1167
42.00001,3,38.1128
42,4,78.8618
42.00001,4,92.3791
42.1,0,71.5183
42.10001,0,75.7438
42.1,1,170.769
42.10001,1,170.769
42.1,2,0
42.10001,2,0
42.1,3,38.1128
42.10001,3,29.358
42.1,4,92.3791
42.10001,4,92.3791
42.2,0,75.7438
42.20001,0,75.7438
42.2,1,170.769
42.20001,1,157.823
42.2,2,0
42.20001,2,0
42.2,3,29.358
42.20001,3,29.358
42.2,4,92.3791
42.20001,4,92.7685
42.3,0,75.7438
42.30001,0,75.7438
42.3,1,157.823
42.30001,1,157.823
42.3,2,0
42.30001,2,0
42.3,3,29.358
42.30001,3,29.358
42.3,4,92.7685
42.30001,4,92.7685
42.4,0,75.7438
42.40001,0,75.7438
42.4,1,157.823
42.40001,1,157.823
42.4,2,0
42.40001,2,0
42.4,3,29.358
42.40001,3,36.5087
42.4,4,92.7685
42.40001,4,92.7685
42.5,0,75.7438
42.50001,0,71.1037
42.5,1,157.823
42.50001,1,137.62
42.5,2,0
42.50001,2,0
42.5,3,36.5087
42.50001,3,36.5087
42.5,4,92.7685
42.50001,4,94.5082
42.6,0,71.1037
42.60001,0,71.1037
42.6,1,137.62
42.60001,1,155.735
42.6,2,0
42.60001,2,0
42.6,3,36.5087
42.60001,3,36.5087
42.6,4,94.5082
42.60001,4,94.5082
42.7,0,71.1037
42.70001,0,71.1037
42.7,1,155.735
42.70001,1,155.735
42.7,2,0
42.70001,2,0
42.7,3,36.5087
42.70001,3,36.5087
42.7,4,94.5082
42.70001,4,94.5082
42.8,0,71.1037
42.80001,0,49.1643
42.8,1,155.735
42.80001,1,132.936
42.8,2,0
42.80001,2,0
42.8,3,36.5087
42.80001,3,36.5087
42.8,4,94.5082
42.80001,4,94.5082
42.9,0,49.1643
42.90001,0,29.1566
42.9,1,132.936
42.90001,1,132.936
42.9,2,0
42.90001,2,0
42.9,3,36.5087
42.90001,3,57.8915
42.9,4,94.5082
42.90001,4,94.5082
43,0,29.1566
43.00001,0,29.1566
43,1,132.936
43.00001,1,132.936
43,2,0
43.00001,2,0
43,3,57.8915
43.00001,3,80.6055
43,4,94.5082
43.00001,4,94.5082
43.1,0,29.1566
43.10001,0,29.1566
43.1,1,132.936
43.10001,1,142.254
43.1,2,0
43.10001,2,17.4202
43.1,3,80.6055
43.10001,3,80.6055
43.1,4,94.5082
43.10001,4,94.5082
43.2,0,29.1566
43.20001,0,29.1566
43.2,1,142.254
43.20001,1,142.254
43.2,2,17.4202
43.20001,2,17.4202
43.2,3,80.6055
43.20001,3,80.6055
43.2,4,94.5082
43.20001,4,106.23
43.3,0,29.1566
43.30001,0,52.3136
43.3,1,142.254
43.30001,1,142.254
43.3,2,17.4202
43.30001,2,39.7317
43.3,3,80.6055
43.30001,3,69.0175
43.3,4,106.23
43.30001,4,99.9579
43.4,0,52.3136
43.40001,0,52.3136
43.4,1,142.254
43.40001,1,142.254
43.4,2,39.7317
43.40001,2,51.7207
43.4,3,69.0175
43.40001,3,48.6396
43.4,4,99.9579
43.40001,4,99.9579
43.5,0,52.3136
43.50001,0,52.3136
43.5,1,142.254
43.50001,1,142.254
43.5,2,51.7207
43.50001,2,41.8622
43.5,3,48.6396
43.50001,3,45.5117
43.5,4,99.9579
43.50001,4,76.1157
43.6,0,52.3136
43.60001,0,52.3136
43.6,1,142.254
43.60001,1,142.254
43.6,2,41.8622
43.60001,2,41.8622
43.6,3,45.5117
43.60001,3,45.5117
43.6,4,76.1157
43.60001,4,76.1157
43.7,0,52.3136
43.70001,0,52.3136
43.7,1,142.254
43.70001,1,142.254
43.7,2,41.8622
43.70001,2,37.0563
43.7,3,45.5117
43.70001,3,45.5117
43.7,4,76.1157
43.70001,4,76.1157
43.8,0,52.3136
43.80001,0,52.3136
43.8,1,142.254
43.80001,1,141.014
43.8,2,37.0563
43.80001,2,33.105
43.8,3,45.5117
43.80001,3,45.5117
43.8,4,76.1157
43.80001,4,53.2977
43.9,0,52.3136
43.90001,0,52.3136
43.9,1,141.014
43.90001,1,141.014
43.9,2,33.105
43.90001,2,33.105
43.9,3,45.5117
43.90001,3,45.5117
43.9,4,53.2977
43.90001,4,43.7804
44,0,52.3136
44.00001,0,52.3136
44,1,141.014
44.00001,1,137.755
44,2,33.105
44.00001,2,36.6935
44,3,45.5117
44.00001,3,45.5117
44,4,43.7804
44.00001,4,43.7804
44.1,0,52.3136
44.10001,0,52.3136
44.1,1,137.755
44.10001,1,148.09
44.1,2,36.6935
44.10001,2,36.6935
44.1,3,45.5117
44.10001,3,55.8153
44.1,4,43.7804
44.10001,4,43.7804
44.2,0,52.3136
44.20001,0,52.3136
44.2,1,148.09
44.20001,1,148.09
44.2,2,36.6935
44.20001,2,36.6935
44.2,3,55.8153
44.20001,3,72.0874
44.2,4,43.7804
44.20001,4,52.4246
44.3,0,52.3136
44.30001,0,52.3136
44.3,1,148.09
44.30001,1,148.09
44.3,2,36.6935
44.30001,2,36.6935
44.3,3,72.0874
44.30001,3,96.5077
44.3,4,52.4246
44.30001,4,52.4246
44.4,0,52.3136
44.40001,0,37.1656
44.4,1,148.09
44.40001,1,172.995
44.4,2,36.6935
44.40001,2,60.6346
44.4,3,96.5077
44.40001,3,96.5077
44.4,4,52.4246
44.40001,4,52.4246
44.5,0,37.1656
44.50001,0,36.8357
44.5,1,172.995
44.50001,1,172.995
44.5,2,60.6346
44.50001,2,60.6346
44.5,3,96.5077
44.50001,3,96.5077
44.5,4,52.4246
44.50001,4,52.4246
44.6,0,36.8357
44.60001,0,36.8357
44.6,1,172.995
44.60001,1,172.995
44.6,2,60.6346
44.60001,2,60.6346
44.6,3,96.5077
44.60001,3,96.5077
44.6,4,52.4246
44.60001,4,52.4246
44.7,0,36.8357
44.70001,0,13.1836
44.7,1,172.995
44.70001,1,172.995
44.7,2,60.6346
44.70001,2,60.6346
44.7,3,96.5077
44.70001,3,96.5077
44.7,4,52.4246
44.70001,4,52.4246
44.8,0,13.1836
44.80001,0,28.5051
44.8,1,172.995
44.80001,1,172.995
44.8,2,60.6346
44.80001,2,40.7739
44.8,3,96.5077
44.80001,3,96.5077
44.8,4,52.4246
44.80001,4,52.4246
44.9,0,28.5051
44.90001,0,11.2272
44.9,1,172.995
44.90001,1,188.581
44.9,2,40.7739
44.90001,2,40.7739
44.9,3,96.5077
44.90001,3,96.5077
44.9,4,52.4246
44.90001,4,39.4357
45,0,11.2272
45.00001,0,0
45,1,188.581
45.00001,1,188.581
45,2,40.7739
45.00001,2,40.7739
45,3,96.5077
45.00001,3,96.5077
45,4,39.4357
45.00001,4,39.4357
45.1,0,0
45.10001,0,0
45.1,1,188.581
45.10001,1,202.842
45.1,2,40.7739
45.10001,2,31.6983
45.1,3,96.5077
45.10001,3,96.5077
45.1,4,39.4357
45.10001,4,39.4357
45.2,0,0
45.20001,0,0
45.2,1,202.842
45.20001,1,203.073
45.2,2,31.6983
45.20001,2,31.6983
45.2,3,96.5077
45.20001,3,96.5077
45.2,4,39.4357
45.20001,4,39.4357
45.3,0,0
45.30001,0,0
45.3,1,203.073
45.30001,1,203.073
45.3,2,31.6983
45.30001,2,46.3162
45.3,3,96.5077
45.30001,3,96.5077
45.3,4,39.4357
45.30001,4,37.0963
45.4,0,0
45.40001,0,0
45.4,1,203.073
45.40001,1,203.073
45.4,2,46.3162
45.40001,2,29.0533
45.4,3,96.5077
45.40001,3,96.5077
45.4,4,37.0963
45.40001,4,57.2429
45.5,0,0
45.50001,0,0
45.5,1,203.073
45.50001,1,203.073
45.5,2,29.0533
45.50001,2,26.4102
45.5,3,96.5077
45.50001,3,96.5077
45.5,4,57.2429
45.50001,4,56.4466
45.6,0,0
45.60001,0,0
45.6,1,203.073
45.60001,1,203.073
45.6,2,26.4102
45.60001,2,26.4102
45.6,3,96.5077
45.60001,3,96.5077
45.6,4,56.4466
45.60001,4,56.4466
45.7,0,0
45.70001,0,0
45.7,1,203.073
45.70001,1,203.073
45.7,2,26.4102
45.70001,2,26.4102
45.7,3,96.5077
45.70001,3,96.5077
45.7,4,56.4466
45.70001,4,56.4466
45.8,0,0
45.80001,0,13.463
45.8,1,203.073
45.80001,1,203.073
45.8,2,26.4102
45.80001,2,26.4102
45.8,3,96.5077
45.80001,3,96.5077
45.8,4,56.4466
45.80001,4,39.5129
45.9,0,13.463
45.90001,0,31.4121
45.9,1,203.073
45.90001,1,203.073
45.9,2,26.4102
45.90001,2,31.5588
45.9,3,96.5077
45.90001,3,96.5077
45.9,4,39.5129
45.90001,4,57.7719
46,0,31.4121
46.00001,0,31.4121
46,1,203.073
46.00001,1,206.632
46,2,31.5588
46.00001,2,31.5588
46,3,96.5077
46.00001,3,96.5077
46,4,57.7719
46.00001,4,57.7719
46.1,0,31.4121
46.10001,0,29.8387
46.1,1,206.632
46.10001,1,206.632
46.1,2,31.5588
46.10001,2,31.5588
46.1,3,96.5077
46.10001,3,73.5231
46.1,4,57.7719
46.10001,4,57.7719
46.2,0,29.8387
46.20001,0,29.8387
46.2,1,206.632
46.20001,1,206.632
46.2,2,31.5588
46.20001,2,17.3845
46.2,3,73.5231
46.20001,3,73.5231
46.2,4,57.7719
46.20001,4,57.7719
46.3,0,29.8387
46.30001,0,48.5344
46.3,1,206.632
46.30001,1,206.632
46.3,2,17.3845
46.30001,2,17.3845
46.3,3,73.5231
46.30001,3,73.5231
46.3,4,57.7719
46.30001,4,57.7719
46.4,0,48.5344
46.40001,0,57.3995
46.4,1,206.632
46.40001,1,206.632
46.4,2,17.3845
46.40001,2,17.3845
46.4,3,73.5231
46.40001,3,73.5231
46.4,4,57.7719
46.40001,4,57.7719
46.5,0,57.3995
46.50001,0,57.3995
46.5,1,206.632
46.50001,1,206.632
46.5,2,17.3845
46.50001,2,19.5942
46.5,3,73.5231
46.50001,3,59.78
46.5,4,57.7719
46.50001,4,57.7719
46.6,0,57.3995
46.60001,0,57.3995
46.6,1,206.632
46.60001,1,206.632
46.6,2,19.5942
46.60001,2,19.5942
46.6,3,59.78
46.60001,3,76.1591
46.6,4,57.7719
46.60001,4,57.7719
46.7,0,57.3995
46.70001,0,46.3611
46.7,1,206.632
46.70001,1,206.632
46.7,2,19.5942
46.70001,2,19.5942
46.7,3,76.1591
46.70001,3,76.1591
46.7,4,57.7719
46.70001,4,65.6886
46.8,0,46.3611
46.80001,0,46.3611
46.8,1,206.632
46.80001,1,206.632
46.8,2,19.5942
46.80001,2,39.182
46.8,3,76.1591
46.80001,3,63.9557
46.8,4,65.6886
46.80001,4,60.8195
46.9,0,46.3611
46.90001,0,46.3611
46.9,1,206.632
46.90001,1,206.632
46.9,2,39.182
46.90001,2,44.8531
46.9,3,63.9557
46.90001,3,63.9557
46.9,4,60.8195
46.90001,4,60.8195
47,0,46.3611
47.00001,0,46.3611
47,1,206.632
47.00001,1,206.632
47,2,44.8531
47.00001,2,53.8765
47,3,63.9557
47.00001,3,44.1613
47,4,60.8195
47.00001,4,60.8195
47.1,0,46.3611
47.10001,0,21.7239
47.1,1,206.632
47.10001,1,206.632
47.1,2,53.8765
47.10001,2,68.4051
47.1,3,44.1613
47.10001,3,44.1613
47.1,4,60.8195
47.10001,4,60.8195
47.2,0,21.7239
47.20001,0,21.7239
47.2,1,206.632
47.20001,1,206.632
47.2,2,68.4051
47.20001,2,71.6015
47.2,3,44.1613
47.20001,3,44.1613
47.2,4,60.8195
47.20001,4,60.8195
47.3,0,21.7239
47.30001,0,21.7239
47.3,1,206.632
47.30001,1,212.697
47.3,2,71.6015
47.30001,2,71.6015
47.3,3,44.1613
47.30001,3,46.1205
47.3,4,60.8195
47.30001,4,60.8195
47.4,0,21.7239
47.40001,0,43.4775
47.4,1,212.697
47.40001,1,212.697
47.4,2,71.6015
47.40001,2,71.6015
47.4,3,46.1205
47.40001,3,46.1205
47.4,4,60.8195
47.40001,4,60.8195
47.5,0,43.4775
47.50001,0,51.3429
47.5,1,212.697
47.50001,1,224.143
47.5,2,71.6015
47.50001,2,71.6015
47.5,3,46.1205
47.50001,3,46.1205
47.5,4,60.8195
47.50001,4,36.0855
47.6,0,51.3429
47.60001,0,51.3429
47.6,1,224.143
47.60001,1,247.04
47.6,2,71.6015
47.60001,2,71.6015
47.6,3,46.1205
47.60001,3,46.1205
47.6,4,36.0855
47.60001,4,36.0855
47.7,0,51.3429
47.70001,0,51.3429
47.7,1,247.04
47.70001,1,247.04
47.7,2,71.6015
47.70001,2,71.6015
47.7,3,46.1205
47.70001,3,39.8949
47.7,4,36.0855
47.70001,4,22.6761
47.8,0,51.3429
47.80001,0,51.3429
47.8,1,247.04
47.80001,1,247.04
47.8,2,71.6015
47.80001,2,71.6015
47.8,3,39.8949
47.80001,3,39.8949
47.8,4,22.6761
47.80001,4,22.6761
47.9,0,51.3429
47.90001,0,51.3429
47.9,1,247.04
47.90001,1,247.04
47.9,2,71.6015
47.90001,2,87.6337
47.9,3,39.8949
47.90001,3,39.8949
47.9,4,22.6761
47.90001,4,22.6761
48,0,51.3429
48.00001,0,72.8659
48,1,247.04
48.00001,1,247.04
48,2,87.6337
48.00001,2,100.931
48,3,39.8949
48.00001,3,56.9905
48,4,22.6761
48.00001,4,22.6761
48.1,0,72.8659
48.10001,0,89.6056
48.1,1,247.04
48.10001,1,260.722
48.1,2,100.931
48.10001,2,100.931
48.1,3,56.9905
48.10001,3,56.9905
48.1,4,22.6761
48.10001,4,22.6761
48.2,0,89.6056
48.20001,0,89.6056
48.2,1,260.722
48.20001,1,276.636
48.2,2,100.931
48.20001,2,100.931
48.2,3,56.9905
48.20001,3,56.9905
48.2,4,22.6761
48.20001,4,22.6761
48.3,0,89.6056
48.30001,0,112.109
48.3,1,276.636
48.30001,1,276.636
48.3,2,100.931
48.30001,2,100.931
48.3,3,56.9905
48.30001,3,79.2305
48.3,4,22.6761
48.30001,4,22.6761
48.4,0,112.109
48.40001,0,112.109
48.4,1,276.636
48.40001,1,299.687
48.4,2,100.931
48.40001,2,100.931
48.4,3,79.2305
48.40001,3,79.2305
48.4,4,22.6761
48.40001,4,22.6761
48.5,0,112.109
48.50001,0,112.109
48.5,1,299.687
48.50001,1,299.687
48.5,2,100.931
48.50001,2,100.931
48.5,3,79.2305
48.50001,3,79.2305
48.5,4,22.6761
48.50001,4,22.6761
48.6,0,112.109
48.60001,0,112.109
48.6,1,299.687
48.60001,1,299.687
48.6,2,100.931
48.60001,2,98.6416
48.6,3,79.2305
48.60001,3,79.2305
48.6,4,22.6761
48.60001,4,22.6761
48.7,0,112.109
48.70001,0,118.871
48.7,1,299.687
48.70001,1,299.687
48.7,2,98.6416
48.70001,2,98.6416
48.7,3,79.2305
48.70001,3,79.2305
48.7,4,22.6761
48.70001,4,20.4981
48.8,0,118.871
48.80001,0,98.5109
48.8,1,299.687
48.80001,1,299.687
48.8,2,98.6416
48.80001,2,98.6416
48.8,3,79.2305
48.80001,3,91.0233
48.8,4,20.4981
48.80001,4,20.4981
48.9,0,98.5109
48.90001,0,98.5109
48.9,1,299.687
48.90001,1,299.687
48.9,2,98.6416
48.90001,2,98.6416
48.9,3,91.0233
48.90001,3,91.0233
48.9,4,20.4981
48.90001,4,20.4981
49,0,98.5109
49.00001,0,98.5109
49,1,299.687
49.00001,1,299.687
49,2,98.6416
49.00001,2,98.6416
49,3,91.0233
49.00001,3,83.6665
49,4,20.4981
49.00001,4,0
49.1,0,98.5109
49.10001,0,98.5109
49.1,1,299.687
49.10001,1,290.198
49.1,2,98.6416
49.10001,2,120.248
49.1,3,83.6665
49.10001,3,107.847
49.1,4,0
49.10001,4,0
49.2,0,98.5109
49.20001,0,98.5109
49.2,1,290.198
49.20001,1,280.973
49.2,2,120.248
49.20001,2,120.248
49.2,3,107.847
49.20001,3,107.847
49.2,4,0
49.20001,4,0
49.3,0,98.5109
49.30001,0,76.5842
49.3,1,280.973
49.30001,1,293.728
49.3,2,120.248
49.30001,2,120.248
49.3,3,107.847
49.30001,3,127.612
49.3,4,0
49.30001,4,19.9508
49.4,0,76.5842
49.40001,0,76.5842
49.4,1,293.728
49.40001,1,293.728
49.4,2,120.248
49.40001,2,124.333
49.4,3,127.612
49.40001,3,127.612
49.4,4,19.9508
49.40001,4,19.9508
49.5,0,76.5842
49.50001,0,58.4132
49.5,1,293.728
49.50001,1,293.728
49.5,2,124.333
49.50001,2,131.067
49.5,3,127.612
49.50001,3,127.612
49.5,4,19.9508
49.50001,4,4.29948
49.6,0,58.4132
49.60001,0,58.4132
49.6,1,293.728
49.60001,1,103.454
49.6,2,131.067
49.60001,2,131.067
49.6,3,127.612
49.60001,3,127.612
49.6,4,4.29948
49.60001,4,4.29948
49.7,0,58.4132
49.70001,0,58.4132
49.7,1,103.454
49.70001,1,85.2731
49.7,2,131.067
49.70001,2,131.067
49.7,3,127.612
49.70001,3,127.612
49.7,4,4.29948
49.70001,4,4.29948
49.8,0,58.4132
49.80001,0,58.4132
49.8,1,85.2731
49.80001,1,85.2731
49.8,2,131.067
49.80001,2,154.852
49.8,3,127.612
49.80001,3,127.612
49.8,4,4.29948
49.80001,4,4.29948
49.9,0,58.4132
49.90001,0,58.4132
49.9,1,85.2731
49.90001,1,75.9552
49.9,2,154.852
49.90001,2,154.852
49.9,3,127.612
49.90001,3,127.612
49.9,4,4.29948
49.90001,4,4.29948
50,0,58.4132
50.00001,0,58.4132
50,1,75.9552
50.00001,1,75.9552
50,2,154.852
50.00001,2,154.852
50,3,127.612
50.00001,3,127.612
50,4,4.29948
50.00001,4,4.29948
50.1,0,58.4132
50.10001,0,42.1361
50.1,1,75.9552
50.10001,1,53.3029
50.1,2,154.852
50.10001,2,154.852
50.1,3,127.612
50.10001,3,127.612
50.1,4,4.29948
50.10001,4,4.29948
50.2,0,42.1361
50.20001,0,42.1361
50.2,1,53.3029
50.20001,1,53.3029
50.2,2,154.852
50.20001,2,168.842
50.2,3,127.612
50.20001,3,127.612
50.2,4,4.29948
50.20001,4,0
50.3,0,42.1361
50.30001,0,42.1361
50.3,1,53.3029
50.30001,1,53.3029
50.3,2,168.842
50.30001,2,168.842
50.3,3,127.612
50.30001,3,104.467
50.3,4,0
50.30001,4,0
50.4,0,42.1361
50.40001,0,42.1361
50.4,1,53.3029
50.40001,1,53.3029
50.4,2,168.842
50.40001,2,168.842
50.4,3,104.467
50.40001,3,124.178
50.4,4,0
50.40001,4,0
50.5,0,42.1361
50.50001,0,42.1361
50.5,1,53.3029
50.50001,1,53.3029
50.5,2,168.842
50.50001,2,192.763
50.5,3,124.178
50.50001,3,124.178
50.5,4,0
50.50001,4,0
50.6,0,42.1361
50.60001,0,42.1361
50.6,1,53.3029
50.60001,1,58.088
50.6,2,192.763
50.60001,2,192.763
50.6,3,124.178
50.60001,3,124.178
50.6,4,0
50.60001,4,0
50.7,0,42.1361
50.70001,0,42.1361
50.7,1,58.088
50.70001,1,58.088
50.7,2,192.763
50.70001,2,192.763
50.7,3,124.178
50.70001,3,124.178
50.7,4,0
50.70001,4,0
50.8,0,42.1361
50.80001,0,42.1361
50.8,1,58.088
50.80001,1,44.5786
50.8,2,192.763
50.80001,2,192.763
50.8,3,124.178
50.80001,3,124.178
50.8,4,0
50.80001,4,0
50.9,0,42.1361
50.90001,0,42.1361
50.9,1,44.5786
50.90001,1,44.5786
50.9,2,192.763
50.90001,2,190.812
50.9,3,124.178
50.90001,3,139.086
50.9,4,0
50.90001,4,0
51,0,42.1361
51.00001,0,46.8982
51,1,44.5786
51.00001,1,44.5786
51,2,190.812
51.00001,2,190.812
51,3,139.086
51.00001,3,122.886
51,4,0
51.00001,4,2.82786
51.1,0,46.8982
51.10001,0,46.0603
51.1,1,44.5786
51.10001,1,44.5786
51.1,2,190.812
51.10001,2,190.812
51.1,3,122.886
51.10001,3,122.886
51.1,4,2.82786
51.10001,4,2.82786
51.2,0,46.0603
51.20001,0,46.0603
51.2,1,44.5786
51.20001,1,22.304
51.2,2,190.812
51.20001,2,195.752
51.2,3,122.886
51.20001,3,144.267
51.2,4,2.82786
51.20001,4,2.82786
51.3,0,46.0603
51.30001,0,46.0603
51.3,1,22.304
51.30001,1,22.304
51.3,2,195.752
51.30001,2,195.752
51.3,3,144.267
51.30001,3,144.267
51.3,4,2.82786
51.30001,4,2.82786
51.4,0,46.0603
51.40001,0,46.0603
51.4,1,22.304
51.40001,1,22.304
51.4,2,195.752
51.40001,2,195.752
51.4,3,144.267
51.40001,3,133.127
51.4,4,2.82786
51.40001,4,2.82786
51.5,0,46.0603
51.50001,0,46.0603
51.5,1,22.304
51.50001,1,22.304
51.5,2,195.752
51.50001,2,195.752
51.5,3,133.127
51.50001,3,133.127
51.5,4,2.82786
51.50001,4,2.82786
51.6,0,46.0603
51.60001,0,62.8148
51.6,1,22.304
51.60001,1,44.0101
51.6,2,195.752
51.60001,2,189.221
51.6,3,133.127
51.60001,3,133.127
51.6,4,2.82786
51.60001,4,2.82786
51.7,0,62.8148
51.70001,0,83.3977
51.7,1,44.0101
51.70001,1,44.0101
51.7,2,189.221
51.70001,2,189.221
51.7,3,133.127
51.70001,3,133.127
51.7,4,2.82786
51.70001,4,2.82786
51.8,0,83.3977
51.80001,0,90.3124
51.8,1,44.0101
51.80001,1,44.0101
51.8,2,189.221
51.80001,2,189.221
51.8,3,133.127
51.80001,3,133.127
51.8,4,2.82786
51.80001,4,2.82786
51.9,0,90.3124
51.90001,0,74.756
51.9,1,44.0101
51.90001,1,56.5658
51.9,2,189.221
51.90001,2,189.221
51.9,3,133.127
51.90001,3,145.066
51.9,4,2.82786
51.90001,4,2.82786
52,0,74.756
52.00001,0,74.756
52,1,56.5658
52.00001,1,35.9212
52,2,189.221
52.00001,2,189.221
52,3,145.066
52.00001,3,145.066
52,4,2.82786
52.00001,4,0
52.1,0,74.756
52.10001,0,74.756
52.1,1,35.9212
52.10001,1,51.3989
52.1,2,189.221
52.10001,2,189.221
52.1,3,145.066
52.10001,3,165.736
52.1,4,0
52.10001,4,0
52.2,0,74.756
52.20001,0,74.756
52.2,1,51.3989
52.20001,1,32.042
52.2,2,189.221
52.20001,2,173.843
52.2,3,165.736
52.20001,3,151.565
52.2,4,0
52.20001,4,8.52316
52.3,0,74.756
52.30001,0,74.756
52.3,1,32.042
52.30001,1,50.7407
52.3,2,173.843
52.30001,2,173.843
52.3,3,151.565
52.30001,3,172.631
52.3,4,8.52316
52.30001,4,8.52316
52.4,0,74.756
52.40001,0,56.5898
52.4,1,50.7407
52.40001,1,50.7407
52.4,2,173.843
52.40001,2,173.843
52.4,3,172.631
52.40001,3,179.68
52.4,4,8.52316
52.40001,4,0.978744
52.5,0,56.5898
52.50001,0,37.1414
52.5,1,50.7407
52.50001,1,50.7407
52.5,2,173.843
52.50001,2,173.843
52.5,3,179.68
52.50001,3,198.784
52.5,4,0.978744
52.50001,4,0.978744
52.6,0,37.1414
52.60001,0,37.1414
52.6,1,50.7407
52.60001,1,50.7407
52.6,2,173.843
52.60001,2,173.843
52.6,3,198.784
52.60001,3,216.86
52.6,4,0.978744
52.60001,4,0.978744
52.7,0,37.1414
52.70001,0,37.1414
52.7,1,50.7407
52.70001,1,40.6001
52.7,2,173.843
52.70001,2,173.843
52.7,3,216.86
52.70001,3,195.03
52.7,4,0.978744
52.70001,4,0.978744
52.8,0,37.1414
52.80001,0,37.1414
52.8,1,40.6001
52.80001,1,40.6001
52.8,2,173.843
52.80001,2,173.843
52.8,3,195.03
52.80001,3,195.03
52.8,4,0.978744
52.80001,4,0.978744
52.9,0,37.1414
52.90001,0,48.2051
52.9,1,40.6001
52.90001,1,36.7909
52.9,2,173.843
52.90001,2,173.843
52.9,3,195.03
52.90001,3,195.03
52.9,4,0.978744
52.90001,4,0.978744
53,0,48.2051
53.00001,0,48.2051
53,1,36.7909
53.00001,1,36.7909
53,2,173.843
53.00001,2,187.345
53,3,195.03
53.00001,3,177.536
53,4,0.978744
53.00001,4,13.1728
53.1,0,48.2051
53.10001,0,48.2051
53.1,1,36.7909
53.10001,1,12.4852
53.1,2,187.345
53.10001,2,187.345
53.1,3,177.536
53.10001,3,157.591
53.1,4,13.1728
53.10001,4,25.1371
53.2,0,48.2051
53.20001,0,56.2072
53.2,1,12.4852
53.20001,1,12.4852
53.2,2,187.345
53.20001,2,187.345
53.2,3,157.591
53.20001,3,157.591
53.2,4,25.1371
53.20001,4,25.1371
53.3,0,56.2072
53.30001,0,57.3679
53.3,1,12.4852
53.30001,1,12.4852
53.3,2,187.345
53.30001,2,187.345
53.3,3,157.591
53.30001,3,178.343
53.3,4,25.1371
53.30001,4,24.7182
53.4,0,57.3679
53.40001,0,57.3679
53.4,1,12.4852
53.40001,1,0
53.4,2,187.345
53.40001,2,196.222
53.4,3,178.343
53.40001,3,178.343
53.4,4,24.7182
53.40001,4,24.7182
53.5,0,57.3679
53.50001,0,66.4974
53.5,1,0
53.50001,1,0
53.5,2,196.222
53.50001,2,179.23
53.5,3,178.343
53.50001,3,178.343
53.5,4,24.7182
53.50001,4,24.7182
53.6,0,66.4974
53.60001,0,66.4974
53.6,1,0
53.60001,1,0
53.6,2,179.23
53.60001,2,195.468
53.6,3,178.343
53.60001,3,178.343
53.6,4,24.7182
53.60001,4,24.7182
53.7,0,66.4974
53.70001,0,49.744
53.7,1,0
53.70001,1,0
53.7,2,195.468
53.70001,2,195.468
53.7,3,178.343
53.70001,3,173.799
53.7,4,24.7182
53.70001,4,14.3806
53.8,0,49.744
53.80001,0,49.744
53.8,1,0
53.80001,1,0
53.8,2,195.468
53.80001,2,203.381
53.8,3,173.799
53.80001,3,170.132
53.8,4,14.3806
53.80001,4,14.3806
53.9,0,49.744
53.90001,0,47.0282
53.9,1,0
53.90001,1,0
53.9,2,203.381
53.90001,2,203.381
53.9,3,170.132
53.90001,3,170.132
53.9,4,14.3806
53.90001,4,14.3806
54,0,47.0282
54.00001,0,47.0282
54,1,0
54.00001,1,0
54,2,203.381
54.00001,2,203.381
54,3,170.132
54.00001,3,154.887
54,4,14.3806
54.00001,4,29.8923
54.1,0,47.0282
54.10001,0,47.0282
54.1,1,0
54.10001,1,0
54.1,2,203.381
54.10001,2,203.381
54.1,3,154.887
54.10001,3,154.887
54.1,4,29.8923
54.10001,4,33.443
54.2,0,47.0282
54.20001,0,47.0282
54.2,1,0
54.20001,1,0
54.2,2,203.381
54.20001,2,203.381
54.2,3,154.887
54.20001,3,154.887
54.2,4,33.443
54.20001,4,33.443
54.3,0,47.0282
54.30001,0,30.2525
54.3,1,0
54.30001,1,0
54.3,2,203.381
54.30001,2,203.381
54.3,3,154.887
54.30001,3,154.887
54.3,4,33.443
54.30001,4,33.443
54.4,0,30.2525
54.40001,0,30.2525
54.4,1,0
54.40001,1,0
54.4,2,203.381
54.40001,2,203.381
54.4,3,154.887
54.40001,3,154.887
54.4,4,33.443
54.40001,4,33.443
54.5,0,30.2525
54.50001,0,49.7279
54.5,1,0
54.50001,1,0
54.5,2,203.381
54.50001,2,203.381
54.5,3,154.887
54.50001,3,154.887
54.5,4,33.443
54.50001,4,33.443
54.6,0,49.7279
54.60001,0,49.7279
54.6,1,0
54.60001,1,0
54.6,2,203.381
54.60001,2,189.545
54.6,3,154.887
54.60001,3,154.887
54.6,4,33.443
54.60001,4,33.443
54.7,0,49.7279
54.70001,0,67.1513
54.7,1,0
54.70001,1,0
54.7,2,189.545
54.70001,2,189.545
54.7,3,154.887
54.70001,3,154.887
54.7,4,33.443
54.70001,4,33.443
54.8,0,67.1513
54.80001,0,85.2513
54.8,1,0
54.80001,1,0
54.8,2,189.545
54.80001,2,189.545
54.8,3,154.887
54.80001,3,154.887
54.8,4,33.443
54.80001,4,10.2683
54.9,0,85.2513
54.90001,0,85.2513
54.9,1,0
54.90001,1,0
54.9,2,189.545
54.90001,2,189.545
54.9,3,154.887
54.90001,3,154.887
54.9,4,10.2683
54.90001,4,10.2683
55,0,85.2513
55.00001,0,85.2513
55,1,0
55.00001,1,22.5984
55,2,189.545
55.00001,2,189.545
55,3,154.887
55.00001,3,154.887
55,4,10.2683
55.00001,4,10.2683
55.1,0,85.2513
55.10001,0,85.2513
55.1,1,22.5984
55.10001,1,22.5984
55.1,2,189.545
55.10001,2,189.545
55.1,3,154.887
55.10001,3,154.887
55.1,4,10.2683
55.10001,4,10.2683
55.2,0,85.2513
55.20001,0,85.2513
55.2,1,22.5984
55.20001,1,22.5984
55.2,2,189.545
55.20001,2,189.545
55.2,3,154.887
55.20001,3,135.175
55.2,4,10.2683
55.20001,4,0
55.3,0,85.2513
55.30001,0,85.2513
55.3,1,22.5984
55.30001,1,22.5984
55.3,2,189.545
55.30001,2,189.97
55.3,3,135.175
55.30001,3,135.175
55.3,4,0
55.30001,4,0
55.4,0,85.2513
55.40001,0,85.2513
55.4,1,22.5984
55.40001,1,22.5984
55.4,2,189.97
55.40001,2,189.97
55.4,3,135.175
55.40001,3,111.857
55.4,4,0
55.40001,4,0
55.5,0,85.2513
55.50001,0,85.2513
55.5,1,22.5984
55.50001,1,22.5984
55.5,2,189.97
55.50001,2,189.97
55.5,3,111.857
55.50001,3,111.857
55.5,4,0
55.50001,4,18.5768
55.6,0,85.2513
55.60001,0,85.2513
55.6,1,22.5984
55.60001,1,22.5984
55.6,2,189.97
55.60001,2,179.231
55.6,3,111.857
55.60001,3,112.937
55.6,4,18.5768
55.60001,4,18.5768
55.7,0,85.2513
55.70001,0,85.2513
55.7,1,22.5984
55.70001,1,22.5984
55.7,2,179.231
55.70001,2,198.932
55.7,3,112.937
55.70001,3,109.338
55.7,4,18.5768
55.70001,4,18.5768
55.8,0,85.2513
55.80001,0,85.2513
55.8,1,22.5984
55.80001,1,18.0021
55.8,2,198.932
55.80001,2,221.454
55.8,3,109.338
55.80001,3,96.3382
55.8,4,18.5768
55.80001,4,2.10128
55.9,0,85.2513
55.90001,0,85.2513
55.9,1,18.0021
55.90001,1,18.0021
55.9,2,221.454
55.90001,2,240.788
55.9,3,96.3382
55.90001,3,96.3382
55.9,4,2.10128
55.90001,4,2.10128
56,0,85.2513
56.00001,0,85.2513
56,1,18.0021
56.00001,1,18.0021
56,2,240.788
56.00001,2,240.788
56,3,96.3382
56.00001,3,96.3382
56,4,2.10128
56.00001,4,0
56.1,0,85.2513
56.10001,0,68.5781
56.1,1,18.0021
56.10001,1,34.3879
56.1,2,240.788
56.10001,2,235.946
56.1,3,96.3382
56.10001,3,96.3382
56.1,4,0
56.10001,4,0
56.2,0,68.5781
56.20001,0,68.5781
56.2,1,34.3879
56.20001,1,34.3879
56.2,2,235.946
56.20001,2,235.946
56.2,3,96.3382
56.20001,3,96.3382
56.2,4,0
56.20001,4,2.33496
56.3,0,68.5781
56.30001,0,68.5781
56.3,1,34.3879
56.30001,1,34.3879
56.3,2,235.946
56.30001,2,235.946
56.3,3,96.3382
56.30001,3,96.3382
56.3,4,2.33496
56.30001,4,0
56.4,0,68.5781
56.40001,0,68.5781
56.4,1,34.3879
56.40001,1,34.3879
56.4,2,235.946
56.40001,2,235.946
56.4,3,96.3382
56.40001,3,96.3382
56.4,4,0
56.40001,4,4.72265
56.5,0,68.5781
56.50001,0,68.5781
56.5,1,34.3879
56.50001,1,34.3879
56.5,2,235.946
56.50001,2,235.946
56.5,3,96.3382
56.50001,3,79.8866
56.5,4,4.72265
56.50001,4,4.72265
56.6,0,68.5781
56.60001,0,68.5781
56.6,1,34.3879
56.60001,1,34.3879
56.6,2,235.946
56.60001,2,219.397
56.6,3,79.8866
56.60001,3,89.2571
56.6,4,4.72265
56.60001,4,23.3255
56.7,0,68.5781
56.70001,0,68.5781
56.7,1,34.3879
56.70001,1,34.3879
56.7,2,219.397
56.70001,2,219.397
56.7,3,89.2571
56.70001,3,89.2571
56.7,4,23.3255
56.70001,4,23.3255
56.8,0,68.5781
56.80001,0,78.0872
56.8,1,34.3879
56.80001,1,27.17
56.8,2,219.397
56.80001,2,202.803
56.8,3,89.2571
56.80001,3,89.2571
56.8,4,23.3255
56.80001,4,23.3255
56.9,0,78.0872
56.90001,0,78.0872
56.9,1,27.17
56.90001,1,27.17
56.9,2,202.803
56.90001,2,227.742
56.9,3,89.2571
56.90001,3,88.0244
56.9,4,23.3255
56.90001,4,23.654
57,0,78.0872
57.00001,0,78.0872
57,1,27.17
57.00001,1,27.17
57,2,227.742
57.00001,2,218.404
57,3,88.0244
57.00001,3,88.0244
57,4,23.654
57.00001,4,19.0544
57.1,0,78.0872
57.10001,0,74.9762
57.1,1,27.17
57.10001,1,27.17
57.1,2,218.404
57.10001,2,218.404
57.1,3,88.0244
57.10001,3,88.0244
57.1,4,19.0544
57.10001,4,19.0544
57.2,0,74.9762
57.20001,0,74.9762
57.2,1,27.17
57.20001,1,27.17
57.2,2,218.404
57.20001,2,218.404
57.2,3,88.0244
57.20001,3,85.99
57.2,4,19.0544
57.20001,4,19.0544
57.3,0,74.9762
57.30001,0,74.9762
57.3,1,27.17
57.30001,1,27.17
57.3,2,218.404
57.30001,2,218.404
57.3,3,85.99
57.30001,3,85.99
57.3,4,19.0544
57.30001,4,19.0544
57.4,0,74.9762
57.40001,0,74.9762
57.4,1,27.17
57.40001,1,42.577
57.4,2,218.404
57.40001,2,199.625
57.4,3,85.99
57.40001,3,85.7474
57.4,4,19.0544
57.40001,4,16.9719
57.5,0,74.9762
57.50001,0,59.9594
57.5,1,42.577
57.50001,1,42.577
57.5,2,199.625
57.50001,2,199.625
57.5,3,85.7474
57.50001,3,70.4781
57.5,4,16.9719
57.50001,4,19.302
57.6,0,59.9594
57.60001,0,59.9594
57.6,1,42.577
57.60001,1,24.539
57.6,2,199.625
57.60001,2,199.625
57.6,3,70.4781
57.60001,3,70.4781
57.6,4,19.302
57.60001,4,19.302
57.7,0,59.9594
57.70001,0,59.9594
57.7,1,24.539
57.70001,1,24.539
57.7,2,199.625
57.70001,2,199.625
57.7,3,70.4781
57.70001,3,56.598
57.7,4,19.302
57.70001,4,19.302
57.8,0,59.9594
57.80001,0,59.9594
57.8,1,24.539
57.80001,1,31.7153
57.8,2,199.625
57.80001,2,196.049
57.8,3,56.598
57.80001,3,56.598
57.8,4,19.302
57.80001,4,35.9635
57.9,0,59.9594
57.90001,0,61.1556
57.9,1,31.7153
57.90001,1,9.14241
57.9,2,196.049
57.90001,2,196.049
57.9,3,56.598
57.90001,3,56.598
57.9,4,35.9635
57.90001,4,35.9635
58,0,61.1556
58.00001,0,61.1556
58,1,9.14241
58.00001,1,1.23907
58,2,196.049
58.00001,2,196.049
58,3,56.598
58.00001,3,74.1414
58,4,35.9635
58.00001,4,35.9635
58.1,0,61.1556
58.10001,0,61.1556
58.1,1,1.23907
58.10001,1,1.23907
58.1,2,196.049
58.10001,2,196.049
58.1,3,74.1414
58.10001,3,74.1414
58.1,4,35.9635
58.10001,4,35.9635
58.2,0,61.1556
58.20001,0,61.1556
58.2,1,1.23907
58.20001,1,0
58.2,2,196.049
58.20001,2,196.049
58.2,3,74.1414
58.20001,3,49.9927
58.2,4,35.9635
58.20001,4,35.9635
58.3,0,61.1556
58.30001,0,61.1556
58.3,1,0
58.30001,1,0
58.3,2,196.049
58.30001,2,196.049
58.3,3,49.9927
58.30001,3,49.9927
58.3,4,35.9635
58.30001,4,35.9635
58.4,0,61.1556
58.40001,0,50.3297
58.4,1,0
58.40001,1,0
58.4,2,196.049
58.40001,2,196.049
58.4,3,49.9927
58.40001,3,49.9927
58.4,4,35.9635
58.40001,4,60.5768
58.5,0,50.3297
58.50001,0,50.3297
58.5,1,0
58.50001,1,24.9196
58.5,2,196.049
58.50001,2,196.049
58.5,3,49.9927
58.50001,3,49.9927
58.5,4,60.5768
58.50001,4,60.5768
58.6,0,50.3297
58.60001,0,75.2038
58.6,1,24.9196
58.60001,1,24.9196
58.6,2,196.049
58.60001,2,182.384
58.6,3,49.9927
58.60001,3,49.9927
58.6,4,60.5768
58.60001,4,72.6788
58.7,0,75.2038
58.70001,0,75.2038
58.7,1,24.9196
58.70001,1,24.9196
58.7,2,182.384
58.70001,2,182.384
58.7,3,49.9927
58.70001,3,49.9927
58.7,4,72.6788
58.70001,4,86.3413
58.8,0,75.2038
58.80001,0,75.2038
58.8,1,24.9196
58.80001,1,40.0204
58.8,2,182.384
58.80001,2,182.384
58.8,3,49.9927
58.80001,3,49.9927
58.8,4,86.3413
58.80001,4,86.3413
58.9,0,75.2038
58.90001,0,100.175
58.9,1,40.0204
58.90001,1,62.4772
58.9,2,182.384
58.90001,2,182.384
58.9,3,49.9927
58.90001,3,49.9927
58.9,4,86.3413
58.90001,4,101.367
59,0,100.175
59.00001,0,87.0413
59,1,62.4772
59.00001,1,60.6211
59,2,182.384
59.00001,2,182.384
59,3,49.9927
59.00001,3,49.9927
59,4,101.367
59.00001,4,101.367
59.1,0,87.0413
59.10001,0,87.0413
59.1,1,60.6211
59.10001,1,60.6211
59.1,2,182.384
59.10001,2,182.384
59.1,3,49.9927
59.10001,3,49.9927
59.1,4,101.367
59.10001,4,120.473
59.2,0,87.0413
59.20001,0,86.5917
59.2,1,60.6211
59.20001,1,66.2981
59.2,2,182.384
59.20001,2,182.384
59.2,3,49.9927
59.20001,3,49.9927
59.2,4,120.473
59.20001,4,120.473
59.3,0,86.5917
59.30001,0,86.5917
59.3,1,66.2981
59.30001,1,57.0434
59.3,2,182.384
59.30001,2,180.097
59.3,3,49.9927
59.30001,3,49.9927
59.3,4,120.473
59.30001,4,111.564
59.4,0,86.5917
59.40001,0,86.5917
59.4,1,57.0434
59.40001,1,57.0434
59.4,2,180.097
59.40001,2,160.116
59.4,3,49.9927
59.40001,3,26.7981
59.4,4,111.564
59.40001,4,111.564
59.5,0,86.5917
59.50001,0,86.5917
59.5,1,57.0434
59.50001,1,57.0434
59.5,2,160.116
59.50001,2,160.116
59.5,3,26.7981
59.50001,3,26.7981
59.5,4,111.564
59.50001,4,111.564
59.6,0,86.5917
59.60001,0,106.972
59.6,1,57.0434
59.60001,1,32.523
59.6,2,160.116
59.60001,2,160.116
59.6,3,26.7981
59.60001,3,26.7981
59.6,4,111.564
59.60001,4,111.564
59.7,0,106.972
59.70001,0,106.972
59.7,1,32.523
59.70001,1,33.4386
59.7,2,160.116
59.70001,2,160.116
59.7,3,26.7981
59.70001,3,26.7981
59.7,4,111.564
59.70001,4,111.564
59.8,0,106.972
59.80001,0,127.031
59.8,1,33.4386
59.80001,1,51.5025
59.8,2,160.116
59.80001,2,160.116
59.8,3,26.7981
59.80001,3,26.7981
59.8,4,111.564
59.80001,4,111.564
59.9,0,127.031
59.90001,0,127.031
59.9,1,51.5025
59.90001,1,51.5025
59.9,2,160.116
59.90001,2,160.116
59.9,3,26.7981
59.90001,3,5.66915
59.9,4,111.564
59.90001,4,111.564
60,0,127.031
60.00001,0,127.031
60,1,51.5025
60.00001,1,51.5025
60,2,160.116
60.00001,2,160.116
60,3,5.66915
60.00001,3,5.66915
60,4,111.564
60.00001,4,111.564
